city_id,city,state,coast,latitude,longitude,elevation_m,disaster_period,timestamp,precipitation_mm,surface_pressure_hpa,wind_speed_kmh,wind_gust_kmh,soil_moisture_0_7cm,soil_moisture_7_28cm,soil_moisture_28_100cm
chennai_adyar,Chennai,Tamil Nadu,East Coast (Bay of Bengal),13.0827,80.2707,6.0,2015 Historic Flood (350mm/day deluge),2015-11-01T00:00,0.2,1008.8,10.1,20.9,0.354,0.292,0.16
chennai_adyar,Chennai,Tamil Nadu,East Coast (Bay of Bengal),13.0827,80.2707,6.0,2015 Historic Flood (350mm/day deluge),2015-11-01T01:00,0.3,1009.5,10.6,21.2,0.352,0.293,0.16
chennai_adyar,Chennai,Tamil Nadu,East Coast (Bay of Bengal),13.0827,80.2707,6.0,2015 Historic Flood (350mm/day deluge),2015-11-01T02:00,0.2,1010.5,10.4,22.3,0.351,0.293,0.16
chennai_adyar,Chennai,Tamil Nadu,East Coast (Bay of Bengal),13.0827,80.2707,6.0,2015 Historic Flood (350mm/day deluge),2015-11-01T03:00,0.5,1011.2,11.0,22.7,0.353,0.294,0.16
chennai_adyar,Chennai,Tamil Nadu,East Coast (Bay of Bengal),13.0827,80.2707,6.0,2015 Historic Flood (350mm/day deluge),2015-11-01T04:00,0.2,1011.8,10.3,22.3,0.352,0.294,0.16
chennai_adyar,Chennai,Tamil Nadu,East Coast (Bay of Bengal),13.0827,80.2707,6.0,2015 Historic Flood (350mm/day deluge),2015-11-01T05:00,0.2,1011.8,9.5,24.5,0.351,0.295,0.16
chennai_adyar,Chennai,Tamil Nadu,East Coast (Bay of Bengal),13.0827,80.2707,6.0,2015 Historic Flood (350mm/day deluge),2015-11-01T06:00,0.2,1010.8,7.4,22.3,0.348,0.295,0.16
chennai_adyar,Chennai,Tamil Nadu,East Coast (Bay of Bengal),13.0827,80.2707,6.0,2015 Historic Flood (350mm/day deluge),2015-11-01T07:00,0.5,1009.9,9.2,22.3,0.347,0.294,0.16
chennai_adyar,Chennai,Tamil Nadu,East Coast (Bay of Bengal),13.0827,80.2707,6.0,2015 Historic Flood (350mm/day deluge),2015-11-01T08:00,5.9,1009.0,12.2,26.3,0.432,0.296,0.16
chennai_adyar,Chennai,Tamil Nadu,East Coast (Bay of Bengal),13.0827,80.2707,6.0,2015 Historic Flood (350mm/day deluge),2015-11-01T09:00,2.7,1008.5,11.8,25.9,0.381,0.335,0.16
chennai_adyar,Chennai,Tamil Nadu,East Coast (Bay of Bengal),13.0827,80.2707,6.0,2015 Historic Flood (350mm/day deluge),2015-11-01T10:00,0.2,1007.4,9.6,21.6,0.381,0.335,0.16
chennai_adyar,Chennai,Tamil Nadu,East Coast (Bay of Bengal),13.0827,80.2707,6.0,2015 Historic Flood (350mm/day deluge),2015-11-01T11:00,0.8,1008.3,8.4,22.0,0.393,0.336,0.16
chennai_adyar,Chennai,Tamil Nadu,East Coast (Bay of Bengal),13.0827,80.2707,6.0,2015 Historic Flood (350mm/day deluge),2015-11-01T12:00,0.5,1008.6,6.4,19.1,0.395,0.338,0.161
chennai_adyar,Chennai,Tamil Nadu,East Coast (Bay of Bengal),13.0827,80.2707,6.0,2015 Historic Flood (350mm/day deluge),2015-11-01T13:00,0.4,1009.2,7.3,14.8,0.396,0.339,0.161
chennai_adyar,Chennai,Tamil Nadu,East Coast (Bay of Bengal),13.0827,80.2707,6.0,2015 Historic Flood (350mm/day deluge),2015-11-01T14:00,0.3,1010.2,7.8,14.4,0.396,0.341,0.161
chennai_adyar,Chennai,Tamil Nadu,East Coast (Bay of Bengal),13.0827,80.2707,6.0,2015 Historic Flood (350mm/day deluge),2015-11-01T15:00,0.5,1011.3,7.3,17.6,0.398,0.343,0.161
chennai_adyar,Chennai,Tamil Nadu,East Coast (Bay of Bengal),13.0827,80.2707,6.0,2015 Historic Flood (350mm/day deluge),2015-11-01T16:00,1.2,1012.4,8.1,18.0,0.412,0.345,0.161
chennai_adyar,Chennai,Tamil Nadu,East Coast (Bay of Bengal),13.0827,80.2707,6.0,2015 Historic Flood (350mm/day deluge),2015-11-01T17:00,0.3,1012.0,7.9,18.7,0.402,0.349,0.161
chennai_adyar,Chennai,Tamil Nadu,East Coast (Bay of Bengal),13.0827,80.2707,6.0,2015 Historic Flood (350mm/day deluge),2015-11-01T18:00,0.9,1011.7,9.4,18.0,0.409,0.351,0.162
chennai_adyar,Chennai,Tamil Nadu,East Coast (Bay of Bengal),13.0827,80.2707,6.0,2015 Historic Flood (350mm/day deluge),2015-11-01T19:00,1.6,1011.4,10.5,18.4,0.421,0.354,0.162
chennai_adyar,Chennai,Tamil Nadu,East Coast (Bay of Bengal),13.0827,80.2707,6.0,2015 Historic Flood (350mm/day deluge),2015-11-01T20:00,1.5,1010.4,8.7,18.0,0.414,0.364,0.162
chennai_adyar,Chennai,Tamil Nadu,East Coast (Bay of Bengal),13.0827,80.2707,6.0,2015 Historic Flood (350mm/day deluge),2015-11-01T21:00,0.7,1009.7,8.1,15.8,0.412,0.367,0.162
chennai_adyar,Chennai,Tamil Nadu,East Coast (Bay of Bengal),13.0827,80.2707,6.0,2015 Historic Flood (350mm/day deluge),2015-11-01T22:00,0.2,1009.8,10.0,14.0,0.406,0.369,0.163
chennai_adyar,Chennai,Tamil Nadu,East Coast (Bay of Bengal),13.0827,80.2707,6.0,2015 Historic Flood (350mm/day deluge),2015-11-01T23:00,0.7,1010.0,8.9,13.3,0.413,0.371,0.163
chennai_adyar,Chennai,Tamil Nadu,East Coast (Bay of Bengal),13.0827,80.2707,6.0,2015 Historic Flood (350mm/day deluge),2015-11-02T00:00,0.2,1010.2,9.4,11.9,0.406,0.373,0.164
chennai_adyar,Chennai,Tamil Nadu,East Coast (Bay of Bengal),13.0827,80.2707,6.0,2015 Historic Flood (350mm/day deluge),2015-11-02T01:00,0.0,1011.0,9.7,12.6,0.4,0.374,0.164
chennai_adyar,Chennai,Tamil Nadu,East Coast (Bay of Bengal),13.0827,80.2707,6.0,2015 Historic Flood (350mm/day deluge),2015-11-02T02:00,0.0,1011.7,8.3,11.5,0.396,0.374,0.164
chennai_adyar,Chennai,Tamil Nadu,East Coast (Bay of Bengal),13.0827,80.2707,6.0,2015 Historic Flood (350mm/day deluge),2015-11-02T03:00,0.0,1012.5,5.4,12.2,0.393,0.374,0.165
chennai_adyar,Chennai,Tamil Nadu,East Coast (Bay of Bengal),13.0827,80.2707,6.0,2015 Historic Flood (350mm/day deluge),2015-11-02T04:00,0.0,1012.9,3.3,11.2,0.39,0.373,0.165
chennai_adyar,Chennai,Tamil Nadu,East Coast (Bay of Bengal),13.0827,80.2707,6.0,2015 Historic Flood (350mm/day deluge),2015-11-02T05:00,0.0,1013.2,3.1,11.2,0.387,0.373,0.165
chennai_adyar,Chennai,Tamil Nadu,East Coast (Bay of Bengal),13.0827,80.2707,6.0,2015 Historic Flood (350mm/day deluge),2015-11-02T06:00,0.2,1012.5,2.8,13.3,0.386,0.372,0.166
chennai_adyar,Chennai,Tamil Nadu,East Coast (Bay of Bengal),13.0827,80.2707,6.0,2015 Historic Flood (350mm/day deluge),2015-11-02T07:00,0.0,1011.7,1.5,11.5,0.384,0.371,0.166
chennai_adyar,Chennai,Tamil Nadu,East Coast (Bay of Bengal),13.0827,80.2707,6.0,2015 Historic Flood (350mm/day deluge),2015-11-02T08:00,0.0,1010.6,0.4,12.2,0.381,0.37,0.166
chennai_adyar,Chennai,Tamil Nadu,East Coast (Bay of Bengal),13.0827,80.2707,6.0,2015 Historic Flood (350mm/day deluge),2015-11-02T09:00,0.0,1009.7,3.4,15.1,0.379,0.369,0.167
chennai_adyar,Chennai,Tamil Nadu,East Coast (Bay of Bengal),13.0827,80.2707,6.0,2015 Historic Flood (350mm/day deluge),2015-11-02T10:00,0.2,1008.8,5.2,16.9,0.377,0.368,0.167
chennai_adyar,Chennai,Tamil Nadu,East Coast (Bay of Bengal),13.0827,80.2707,6.0,2015 Historic Flood (350mm/day deluge),2015-11-02T11:00,0.3,1008.9,7.7,17.3,0.377,0.367,0.167
chennai_adyar,Chennai,Tamil Nadu,East Coast (Bay of Bengal),13.0827,80.2707,6.0,2015 Historic Flood (350mm/day deluge),2015-11-02T12:00,0.0,1009.2,7.0,16.2,0.375,0.366,0.168
chennai_adyar,Chennai,Tamil Nadu,East Coast (Bay of Bengal),13.0827,80.2707,6.0,2015 Historic Flood (350mm/day deluge),2015-11-02T13:00,0.0,1009.8,5.5,13.7,0.374,0.365,0.168
chennai_adyar,Chennai,Tamil Nadu,East Coast (Bay of Bengal),13.0827,80.2707,6.0,2015 Historic Flood (350mm/day deluge),2015-11-02T14:00,0.0,1010.9,6.4,10.1,0.373,0.365,0.168
chennai_adyar,Chennai,Tamil Nadu,East Coast (Bay of Bengal),13.0827,80.2707,6.0,2015 Historic Flood (350mm/day deluge),2015-11-02T15:00,0.0,1011.8,6.5,9.4,0.372,0.364,0.169
chennai_adyar,Chennai,Tamil Nadu,East Coast (Bay of Bengal),13.0827,80.2707,6.0,2015 Historic Flood (350mm/day deluge),2015-11-02T16:00,0.2,1012.2,6.3,8.3,0.371,0.364,0.169
chennai_adyar,Chennai,Tamil Nadu,East Coast (Bay of Bengal),13.0827,80.2707,6.0,2015 Historic Flood (350mm/day deluge),2015-11-02T17:00,0.0,1012.4,6.5,8.6,0.37,0.363,0.169
chennai_adyar,Chennai,Tamil Nadu,East Coast (Bay of Bengal),13.0827,80.2707,6.0,2015 Historic Flood (350mm/day deluge),2015-11-02T18:00,0.0,1011.7,7.1,10.8,0.37,0.362,0.169
chennai_adyar,Chennai,Tamil Nadu,East Coast (Bay of Bengal),13.0827,80.2707,6.0,2015 Historic Flood (350mm/day deluge),2015-11-02T19:00,0.0,1011.5,6.9,11.9,0.369,0.362,0.17
chennai_adyar,Chennai,Tamil Nadu,East Coast (Bay of Bengal),13.0827,80.2707,6.0,2015 Historic Flood (350mm/day deluge),2015-11-02T20:00,1.1,1010.7,4.9,11.5,0.392,0.362,0.17
chennai_adyar,Chennai,Tamil Nadu,East Coast (Bay of Bengal),13.0827,80.2707,6.0,2015 Historic Flood (350mm/day deluge),2015-11-02T21:00,1.9,1010.7,5.8,12.2,0.421,0.363,0.17
chennai_adyar,Chennai,Tamil Nadu,East Coast (Bay of Bengal),13.0827,80.2707,6.0,2015 Historic Flood (350mm/day deluge),2015-11-02T22:00,0.4,1010.7,6.0,11.5,0.389,0.374,0.17
chennai_adyar,Chennai,Tamil Nadu,East Coast (Bay of Bengal),13.0827,80.2707,6.0,2015 Historic Flood (350mm/day deluge),2015-11-02T23:00,0.0,1010.3,5.9,10.4,0.386,0.374,0.171
chennai_adyar,Chennai,Tamil Nadu,East Coast (Bay of Bengal),13.0827,80.2707,6.0,2015 Historic Flood (350mm/day deluge),2015-11-03T00:00,0.0,1010.5,4.3,10.8,0.383,0.373,0.171
chennai_adyar,Chennai,Tamil Nadu,East Coast (Bay of Bengal),13.0827,80.2707,6.0,2015 Historic Flood (350mm/day deluge),2015-11-03T01:00,0.0,1011.0,4.1,9.0,0.381,0.373,0.171
chennai_adyar,Chennai,Tamil Nadu,East Coast (Bay of Bengal),13.0827,80.2707,6.0,2015 Historic Flood (350mm/day deluge),2015-11-03T02:00,0.0,1011.6,4.1,10.8,0.38,0.372,0.172
chennai_adyar,Chennai,Tamil Nadu,East Coast (Bay of Bengal),13.0827,80.2707,6.0,2015 Historic Flood (350mm/day deluge),2015-11-03T03:00,0.0,1012.2,5.2,11.2,0.378,0.371,0.172
chennai_adyar,Chennai,Tamil Nadu,East Coast (Bay of Bengal),13.0827,80.2707,6.0,2015 Historic Flood (350mm/day deluge),2015-11-03T04:00,0.0,1012.5,6.5,13.0,0.375,0.37,0.172
chennai_adyar,Chennai,Tamil Nadu,East Coast (Bay of Bengal),13.0827,80.2707,6.0,2015 Historic Flood (350mm/day deluge),2015-11-03T05:00,0.0,1012.3,8.2,16.2,0.372,0.368,0.173
chennai_adyar,Chennai,Tamil Nadu,East Coast (Bay of Bengal),13.0827,80.2707,6.0,2015 Historic Flood (350mm/day deluge),2015-11-03T06:00,0.0,1011.6,8.0,18.4,0.369,0.367,0.173
chennai_adyar,Chennai,Tamil Nadu,East Coast (Bay of Bengal),13.0827,80.2707,6.0,2015 Historic Flood (350mm/day deluge),2015-11-03T07:00,0.1,1010.5,6.9,17.6,0.366,0.365,0.173
chennai_adyar,Chennai,Tamil Nadu,East Coast (Bay of Bengal),13.0827,80.2707,6.0,2015 Historic Flood (350mm/day deluge),2015-11-03T08:00,3.0,1009.3,8.7,17.3,0.418,0.364,0.173
chennai_adyar,Chennai,Tamil Nadu,East Coast (Bay of Bengal),13.0827,80.2707,6.0,2015 Historic Flood (350mm/day deluge),2015-11-03T09:00,0.2,1008.6,10.5,16.2,0.41,0.37,0.174
chennai_adyar,Chennai,Tamil Nadu,East Coast (Bay of Bengal),13.0827,80.2707,6.0,2015 Historic Flood (350mm/day deluge),2015-11-03T10:00,0.1,1008.6,4.4,16.2,0.402,0.372,0.174
chennai_adyar,Chennai,Tamil Nadu,East Coast (Bay of Bengal),13.0827,80.2707,6.0,2015 Historic Flood (350mm/day deluge),2015-11-03T11:00,0.1,1008.7,4.0,15.8,0.398,0.372,0.174
chennai_adyar,Chennai,Tamil Nadu,East Coast (Bay of Bengal),13.0827,80.2707,6.0,2015 Historic Flood (350mm/day deluge),2015-11-03T12:00,0.0,1009.2,3.4,14.4,0.394,0.372,0.175
chennai_adyar,Chennai,Tamil Nadu,East Coast (Bay of Bengal),13.0827,80.2707,6.0,2015 Historic Flood (350mm/day deluge),2015-11-03T13:00,0.0,1010.0,2.6,10.1,0.39,0.372,0.175
chennai_adyar,Chennai,Tamil Nadu,East Coast (Bay of Bengal),13.0827,80.2707,6.0,2015 Historic Flood (350mm/day deluge),2015-11-03T14:00,0.2,1011.0,3.3,8.6,0.388,0.372,0.175
chennai_adyar,Chennai,Tamil Nadu,East Coast (Bay of Bengal),13.0827,80.2707,6.0,2015 Historic Flood (350mm/day deluge),2015-11-03T15:00,0.4,1011.6,3.1,6.8,0.386,0.371,0.176
chennai_adyar,Chennai,Tamil Nadu,East Coast (Bay of Bengal),13.0827,80.2707,6.0,2015 Historic Flood (350mm/day deluge),2015-11-03T16:00,0.0,1012.0,2.8,5.4,0.384,0.371,0.176
chennai_adyar,Chennai,Tamil Nadu,East Coast (Bay of Bengal),13.0827,80.2707,6.0,2015 Historic Flood (350mm/day deluge),2015-11-03T17:00,1.0,1012.1,2.8,8.6,0.383,0.371,0.176
chennai_adyar,Chennai,Tamil Nadu,East Coast (Bay of Bengal),13.0827,80.2707,6.0,2015 Historic Flood (350mm/day deluge),2015-11-03T18:00,1.8,1011.4,3.3,14.0,0.404,0.37,0.177
chennai_adyar,Chennai,Tamil Nadu,East Coast (Bay of Bengal),13.0827,80.2707,6.0,2015 Historic Flood (350mm/day deluge),2015-11-03T19:00,0.0,1011.2,3.8,8.3,0.398,0.371,0.177
chennai_adyar,Chennai,Tamil Nadu,East Coast (Bay of Bengal),13.0827,80.2707,6.0,2015 Historic Flood (350mm/day deluge),2015-11-03T20:00,0.0,1010.0,3.9,8.3,0.394,0.372,0.177
chennai_adyar,Chennai,Tamil Nadu,East Coast (Bay of Bengal),13.0827,80.2707,6.0,2015 Historic Flood (350mm/day deluge),2015-11-03T21:00,0.1,1009.8,3.3,8.3,0.391,0.372,0.177
chennai_adyar,Chennai,Tamil Nadu,East Coast (Bay of Bengal),13.0827,80.2707,6.0,2015 Historic Flood (350mm/day deluge),2015-11-03T22:00,0.0,1009.6,4.1,9.0,0.389,0.371,0.178
chennai_adyar,Chennai,Tamil Nadu,East Coast (Bay of Bengal),13.0827,80.2707,6.0,2015 Historic Flood (350mm/day deluge),2015-11-03T23:00,0.0,1009.6,5.4,10.1,0.386,0.371,0.178
chennai_adyar,Chennai,Tamil Nadu,East Coast (Bay of Bengal),13.0827,80.2707,6.0,2015 Historic Flood (350mm/day deluge),2015-11-04T00:00,0.1,1009.8,5.2,10.1,0.385,0.371,0.178
chennai_adyar,Chennai,Tamil Nadu,East Coast (Bay of Bengal),13.0827,80.2707,6.0,2015 Historic Flood (350mm/day deluge),2015-11-04T01:00,0.2,1010.3,6.4,8.6,0.384,0.37,0.179
chennai_adyar,Chennai,Tamil Nadu,East Coast (Bay of Bengal),13.0827,80.2707,6.0,2015 Historic Flood (350mm/day deluge),2015-11-04T02:00,0.0,1011.2,6.7,11.2,0.382,0.37,0.179
chennai_adyar,Chennai,Tamil Nadu,East Coast (Bay of Bengal),13.0827,80.2707,6.0,2015 Historic Flood (350mm/day deluge),2015-11-04T03:00,0.0,1011.7,6.8,13.3,0.38,0.369,0.179
chennai_adyar,Chennai,Tamil Nadu,East Coast (Bay of Bengal),13.0827,80.2707,6.0,2015 Historic Flood (350mm/day deluge),2015-11-04T04:00,0.0,1011.9,7.2,15.5,0.378,0.368,0.18
chennai_adyar,Chennai,Tamil Nadu,East Coast (Bay of Bengal),13.0827,80.2707,6.0,2015 Historic Flood (350mm/day deluge),2015-11-04T05:00,0.2,1011.7,8.6,19.1,0.375,0.367,0.18
chennai_adyar,Chennai,Tamil Nadu,East Coast (Bay of Bengal),13.0827,80.2707,6.0,2015 Historic Flood (350mm/day deluge),2015-11-04T06:00,0.3,1010.6,10.5,23.4,0.374,0.366,0.18
chennai_adyar,Chennai,Tamil Nadu,East Coast (Bay of Bengal),13.0827,80.2707,6.0,2015 Historic Flood (350mm/day deluge),2015-11-04T07:00,0.1,1009.9,11.8,23.4,0.371,0.364,0.18
chennai_adyar,Chennai,Tamil Nadu,East Coast (Bay of Bengal),13.0827,80.2707,6.0,2015 Historic Flood (350mm/day deluge),2015-11-04T08:00,0.0,1009.0,12.6,25.2,0.368,0.363,0.18
chennai_adyar,Chennai,Tamil Nadu,East Coast (Bay of Bengal),13.0827,80.2707,6.0,2015 Historic Flood (350mm/day deluge),2015-11-04T09:00,2.4,1008.1,13.3,25.9,0.401,0.362,0.181
chennai_adyar,Chennai,Tamil Nadu,East Coast (Bay of Bengal),13.0827,80.2707,6.0,2015 Historic Flood (350mm/day deluge),2015-11-04T10:00,0.1,1007.3,13.2,24.5,0.396,0.363,0.181
chennai_adyar,Chennai,Tamil Nadu,East Coast (Bay of Bengal),13.0827,80.2707,6.0,2015 Historic Flood (350mm/day deluge),2015-11-04T11:00,0.2,1007.7,12.7,25.9,0.393,0.364,0.181
chennai_adyar,Chennai,Tamil Nadu,East Coast (Bay of Bengal),13.0827,80.2707,6.0,2015 Historic Flood (350mm/day deluge),2015-11-04T12:00,0.2,1008.0,11.2,24.8,0.392,0.364,0.181
chennai_adyar,Chennai,Tamil Nadu,East Coast (Bay of Bengal),13.0827,80.2707,6.0,2015 Historic Flood (350mm/day deluge),2015-11-04T13:00,0.0,1009.1,9.2,20.2,0.389,0.364,0.182
chennai_adyar,Chennai,Tamil Nadu,East Coast (Bay of Bengal),13.0827,80.2707,6.0,2015 Historic Flood (350mm/day deluge),2015-11-04T14:00,0.4,1010.2,7.6,16.2,0.39,0.364,0.182
chennai_adyar,Chennai,Tamil Nadu,East Coast (Bay of Bengal),13.0827,80.2707,6.0,2015 Historic Flood (350mm/day deluge),2015-11-04T15:00,1.0,1010.7,6.9,15.5,0.394,0.365,0.182
chennai_adyar,Chennai,Tamil Nadu,East Coast (Bay of Bengal),13.0827,80.2707,6.0,2015 Historic Flood (350mm/day deluge),2015-11-04T16:00,0.7,1011.5,2.6,12.2,0.395,0.365,0.182
chennai_adyar,Chennai,Tamil Nadu,East Coast (Bay of Bengal),13.0827,80.2707,6.0,2015 Historic Flood (350mm/day deluge),2015-11-04T17:00,0.5,1011.1,4.0,10.1,0.396,0.366,0.183
chennai_adyar,Chennai,Tamil Nadu,East Coast (Bay of Bengal),13.0827,80.2707,6.0,2015 Historic Flood (350mm/day deluge),2015-11-04T18:00,0.4,1011.0,6.6,12.2,0.395,0.366,0.183
chennai_adyar,Chennai,Tamil Nadu,East Coast (Bay of Bengal),13.0827,80.2707,6.0,2015 Historic Flood (350mm/day deluge),2015-11-04T19:00,0.9,1010.5,7.7,20.5,0.402,0.367,0.183
chennai_adyar,Chennai,Tamil Nadu,East Coast (Bay of Bengal),13.0827,80.2707,6.0,2015 Historic Flood (350mm/day deluge),2015-11-04T20:00,0.4,1009.4,8.6,19.1,0.4,0.368,0.183
chennai_adyar,Chennai,Tamil Nadu,East Coast (Bay of Bengal),13.0827,80.2707,6.0,2015 Historic Flood (350mm/day deluge),2015-11-04T21:00,0.2,1009.1,9.2,15.5,0.397,0.369,0.184
chennai_adyar,Chennai,Tamil Nadu,East Coast (Bay of Bengal),13.0827,80.2707,6.0,2015 Historic Flood (350mm/day deluge),2015-11-04T22:00,0.3,1008.5,8.9,16.6,0.394,0.369,0.184
chennai_adyar,Chennai,Tamil Nadu,East Coast (Bay of Bengal),13.0827,80.2707,6.0,2015 Historic Flood (350mm/day deluge),2015-11-04T23:00,0.1,1008.8,7.0,15.5,0.391,0.37,0.184
chennai_adyar,Chennai,Tamil Nadu,East Coast (Bay of Bengal),13.0827,80.2707,6.0,2015 Historic Flood (350mm/day deluge),2015-11-05T00:00,0.0,1009.3,5.8,12.6,0.389,0.37,0.185
chennai_adyar,Chennai,Tamil Nadu,East Coast (Bay of Bengal),13.0827,80.2707,6.0,2015 Historic Flood (350mm/day deluge),2015-11-05T01:00,0.0,1010.2,6.5,14.0,0.386,0.369,0.185
chennai_adyar,Chennai,Tamil Nadu,East Coast (Bay of Bengal),13.0827,80.2707,6.0,2015 Historic Flood (350mm/day deluge),2015-11-05T02:00,0.0,1011.0,7.2,18.4,0.384,0.369,0.185
chennai_adyar,Chennai,Tamil Nadu,East Coast (Bay of Bengal),13.0827,80.2707,6.0,2015 Historic Flood (350mm/day deluge),2015-11-05T03:00,0.1,1011.6,8.7,22.3,0.383,0.369,0.185
chennai_adyar,Chennai,Tamil Nadu,East Coast (Bay of Bengal),13.0827,80.2707,6.0,2015 Historic Flood (350mm/day deluge),2015-11-05T04:00,0.1,1011.8,9.4,23.8,0.381,0.368,0.186
chennai_adyar,Chennai,Tamil Nadu,East Coast (Bay of Bengal),13.0827,80.2707,6.0,2015 Historic Flood (350mm/day deluge),2015-11-05T05:00,0.0,1011.6,9.4,25.6,0.378,0.367,0.186
chennai_adyar,Chennai,Tamil Nadu,East Coast (Bay of Bengal),13.0827,80.2707,6.0,2015 Historic Flood (350mm/day deluge),2015-11-05T06:00,0.0,1010.9,8.7,25.9,0.374,0.366,0.186
chennai_adyar,Chennai,Tamil Nadu,East Coast (Bay of Bengal),13.0827,80.2707,6.0,2015 Historic Flood (350mm/day deluge),2015-11-05T07:00,0.1,1009.7,10.4,23.4,0.371,0.364,0.186
chennai_adyar,Chennai,Tamil Nadu,East Coast (Bay of Bengal),13.0827,80.2707,6.0,2015 Historic Flood (350mm/day deluge),2015-11-05T08:00,0.3,1008.8,10.8,23.8,0.372,0.363,0.187
chennai_adyar,Chennai,Tamil Nadu,East Coast (Bay of Bengal),13.0827,80.2707,6.0,2015 Historic Flood (350mm/day deluge),2015-11-05T09:00,0.0,1008.1,11.4,24.5,0.371,0.363,0.187
chennai_adyar,Chennai,Tamil Nadu,East Coast (Bay of Bengal),13.0827,80.2707,6.0,2015 Historic Flood (350mm/day deluge),2015-11-05T10:00,0.0,1007.2,8.4,24.5,0.369,0.362,0.187
chennai_adyar,Chennai,Tamil Nadu,East Coast (Bay of Bengal),13.0827,80.2707,6.0,2015 Historic Flood (350mm/day deluge),2015-11-05T11:00,0.0,1007.6,9.0,21.2,0.367,0.361,0.187
chennai_adyar,Chennai,Tamil Nadu,East Coast (Bay of Bengal),13.0827,80.2707,6.0,2015 Historic Flood (350mm/day deluge),2015-11-05T12:00,0.2,1007.9,9.4,19.8,0.366,0.36,0.187
chennai_adyar,Chennai,Tamil Nadu,East Coast (Bay of Bengal),13.0827,80.2707,6.0,2015 Historic Flood (350mm/day deluge),2015-11-05T13:00,0.0,1008.9,8.0,14.8,0.366,0.36,0.188
chennai_adyar,Chennai,Tamil Nadu,East Coast (Bay of Bengal),13.0827,80.2707,6.0,2015 Historic Flood (350mm/day deluge),2015-11-05T14:00,0.0,1009.6,8.4,10.8,0.365,0.359,0.188
chennai_adyar,Chennai,Tamil Nadu,East Coast (Bay of Bengal),13.0827,80.2707,6.0,2015 Historic Flood (350mm/day deluge),2015-11-05T15:00,0.0,1010.6,7.7,10.1,0.364,0.359,0.188
chennai_adyar,Chennai,Tamil Nadu,East Coast (Bay of Bengal),13.0827,80.2707,6.0,2015 Historic Flood (350mm/day deluge),2015-11-05T16:00,0.0,1011.1,7.8,10.4,0.363,0.358,0.188
chennai_adyar,Chennai,Tamil Nadu,East Coast (Bay of Bengal),13.0827,80.2707,6.0,2015 Historic Flood (350mm/day deluge),2015-11-05T17:00,0.0,1011.2,7.2,10.1,0.363,0.358,0.188
chennai_adyar,Chennai,Tamil Nadu,East Coast (Bay of Bengal),13.0827,80.2707,6.0,2015 Historic Flood (350mm/day deluge),2015-11-05T18:00,0.0,1010.5,6.9,9.7,0.362,0.357,0.189
chennai_adyar,Chennai,Tamil Nadu,East Coast (Bay of Bengal),13.0827,80.2707,6.0,2015 Historic Flood (350mm/day deluge),2015-11-05T19:00,0.0,1009.9,6.2,10.4,0.361,0.357,0.189
chennai_adyar,Chennai,Tamil Nadu,East Coast (Bay of Bengal),13.0827,80.2707,6.0,2015 Historic Flood (350mm/day deluge),2015-11-05T20:00,0.0,1009.0,5.2,10.1,0.361,0.356,0.189
chennai_adyar,Chennai,Tamil Nadu,East Coast (Bay of Bengal),13.0827,80.2707,6.0,2015 Historic Flood (350mm/day deluge),2015-11-05T21:00,0.1,1008.1,5.4,10.1,0.361,0.356,0.189
chennai_adyar,Chennai,Tamil Nadu,East Coast (Bay of Bengal),13.0827,80.2707,6.0,2015 Historic Flood (350mm/day deluge),2015-11-05T22:00,0.0,1008.7,5.6,10.1,0.36,0.355,0.189
chennai_adyar,Chennai,Tamil Nadu,East Coast (Bay of Bengal),13.0827,80.2707,6.0,2015 Historic Flood (350mm/day deluge),2015-11-05T23:00,0.0,1008.5,6.1,10.1,0.36,0.355,0.19
chennai_adyar,Chennai,Tamil Nadu,East Coast (Bay of Bengal),13.0827,80.2707,6.0,2015 Historic Flood (350mm/day deluge),2015-11-06T00:00,0.0,1008.8,6.2,10.1,0.361,0.355,0.19
chennai_adyar,Chennai,Tamil Nadu,East Coast (Bay of Bengal),13.0827,80.2707,6.0,2015 Historic Flood (350mm/day deluge),2015-11-06T01:00,0.1,1009.4,8.6,15.5,0.362,0.354,0.19
chennai_adyar,Chennai,Tamil Nadu,East Coast (Bay of Bengal),13.0827,80.2707,6.0,2015 Historic Flood (350mm/day deluge),2015-11-06T02:00,0.0,1010.1,10.2,20.9,0.362,0.354,0.19
chennai_adyar,Chennai,Tamil Nadu,East Coast (Bay of Bengal),13.0827,80.2707,6.0,2015 Historic Flood (350mm/day deluge),2015-11-06T03:00,0.1,1010.8,12.6,24.1,0.362,0.353,0.19
chennai_adyar,Chennai,Tamil Nadu,East Coast (Bay of Bengal),13.0827,80.2707,6.0,2015 Historic Flood (350mm/day deluge),2015-11-06T04:00,0.2,1011.0,14.1,27.0,0.36,0.353,0.19
chennai_adyar,Chennai,Tamil Nadu,East Coast (Bay of Bengal),13.0827,80.2707,6.0,2015 Historic Flood (350mm/day deluge),2015-11-06T05:00,0.0,1010.6,15.6,29.2,0.357,0.352,0.191
chennai_adyar,Chennai,Tamil Nadu,East Coast (Bay of Bengal),13.0827,80.2707,6.0,2015 Historic Flood (350mm/day deluge),2015-11-06T06:00,0.2,1009.8,17.3,31.0,0.355,0.35,0.191
chennai_adyar,Chennai,Tamil Nadu,East Coast (Bay of Bengal),13.0827,80.2707,6.0,2015 Historic Flood (350mm/day deluge),2015-11-06T07:00,0.1,1008.7,17.9,34.2,0.352,0.349,0.191
chennai_adyar,Chennai,Tamil Nadu,East Coast (Bay of Bengal),13.0827,80.2707,6.0,2015 Historic Flood (350mm/day deluge),2015-11-06T08:00,0.0,1007.7,18.9,34.6,0.35,0.348,0.191
chennai_adyar,Chennai,Tamil Nadu,East Coast (Bay of Bengal),13.0827,80.2707,6.0,2015 Historic Flood (350mm/day deluge),2015-11-06T09:00,0.4,1006.9,19.8,34.6,0.353,0.347,0.191
chennai_adyar,Chennai,Tamil Nadu,East Coast (Bay of Bengal),13.0827,80.2707,6.0,2015 Historic Flood (350mm/day deluge),2015-11-06T10:00,0.0,1006.5,17.1,34.9,0.353,0.346,0.191
chennai_adyar,Chennai,Tamil Nadu,East Coast (Bay of Bengal),13.0827,80.2707,6.0,2015 Historic Flood (350mm/day deluge),2015-11-06T11:00,0.2,1006.4,16.6,33.8,0.353,0.346,0.191
chennai_adyar,Chennai,Tamil Nadu,East Coast (Bay of Bengal),13.0827,80.2707,6.0,2015 Historic Flood (350mm/day deluge),2015-11-06T12:00,0.0,1007.3,14.3,30.6,0.353,0.345,0.191
chennai_adyar,Chennai,Tamil Nadu,East Coast (Bay of Bengal),13.0827,80.2707,6.0,2015 Historic Flood (350mm/day deluge),2015-11-06T13:00,0.0,1008.1,13.3,23.8,0.353,0.345,0.192
chennai_adyar,Chennai,Tamil Nadu,East Coast (Bay of Bengal),13.0827,80.2707,6.0,2015 Historic Flood (350mm/day deluge),2015-11-06T14:00,0.3,1008.9,13.2,24.8,0.353,0.345,0.192
chennai_adyar,Chennai,Tamil Nadu,East Coast (Bay of Bengal),13.0827,80.2707,6.0,2015 Historic Flood (350mm/day deluge),2015-11-06T15:00,0.4,1010.1,12.6,25.6,0.354,0.345,0.192
chennai_adyar,Chennai,Tamil Nadu,East Coast (Bay of Bengal),13.0827,80.2707,6.0,2015 Historic Flood (350mm/day deluge),2015-11-06T16:00,0.3,1010.5,10.7,21.6,0.356,0.344,0.192
chennai_adyar,Chennai,Tamil Nadu,East Coast (Bay of Bengal),13.0827,80.2707,6.0,2015 Historic Flood (350mm/day deluge),2015-11-06T17:00,0.0,1010.4,9.4,14.8,0.355,0.344,0.192
chennai_adyar,Chennai,Tamil Nadu,East Coast (Bay of Bengal),13.0827,80.2707,6.0,2015 Historic Flood (350mm/day deluge),2015-11-06T18:00,0.0,1009.9,8.2,14.0,0.355,0.344,0.192
chennai_adyar,Chennai,Tamil Nadu,East Coast (Bay of Bengal),13.0827,80.2707,6.0,2015 Historic Flood (350mm/day deluge),2015-11-06T19:00,0.0,1009.1,7.7,14.4,0.355,0.344,0.192
chennai_adyar,Chennai,Tamil Nadu,East Coast (Bay of Bengal),13.0827,80.2707,6.0,2015 Historic Flood (350mm/day deluge),2015-11-06T20:00,0.2,1008.4,7.4,16.6,0.355,0.343,0.193
chennai_adyar,Chennai,Tamil Nadu,East Coast (Bay of Bengal),13.0827,80.2707,6.0,2015 Historic Flood (350mm/day deluge),2015-11-06T21:00,0.4,1008.3,8.3,18.0,0.359,0.343,0.193
chennai_adyar,Chennai,Tamil Nadu,East Coast (Bay of Bengal),13.0827,80.2707,6.0,2015 Historic Flood (350mm/day deluge),2015-11-06T22:00,0.7,1007.9,7.4,18.7,0.365,0.343,0.193
chennai_adyar,Chennai,Tamil Nadu,East Coast (Bay of Bengal),13.0827,80.2707,6.0,2015 Historic Flood (350mm/day deluge),2015-11-06T23:00,1.0,1008.7,8.7,19.1,0.378,0.343,0.193
chennai_adyar,Chennai,Tamil Nadu,East Coast (Bay of Bengal),13.0827,80.2707,6.0,2015 Historic Flood (350mm/day deluge),2015-11-07T00:00,0.2,1008.8,9.0,18.0,0.378,0.344,0.193
chennai_adyar,Chennai,Tamil Nadu,East Coast (Bay of Bengal),13.0827,80.2707,6.0,2015 Historic Flood (350mm/day deluge),2015-11-07T01:00,0.5,1010.3,10.6,20.2,0.38,0.344,0.193
chennai_adyar,Chennai,Tamil Nadu,East Coast (Bay of Bengal),13.0827,80.2707,6.0,2015 Historic Flood (350mm/day deluge),2015-11-07T02:00,0.4,1011.1,11.5,22.3,0.379,0.345,0.193
chennai_adyar,Chennai,Tamil Nadu,East Coast (Bay of Bengal),13.0827,80.2707,6.0,2015 Historic Flood (350mm/day deluge),2015-11-07T03:00,0.3,1012.1,11.1,24.1,0.378,0.345,0.193
chennai_adyar,Chennai,Tamil Nadu,East Coast (Bay of Bengal),13.0827,80.2707,6.0,2015 Historic Flood (350mm/day deluge),2015-11-07T04:00,0.3,1012.2,13.4,25.6,0.376,0.345,0.194
chennai_adyar,Chennai,Tamil Nadu,East Coast (Bay of Bengal),13.0827,80.2707,6.0,2015 Historic Flood (350mm/day deluge),2015-11-07T05:00,0.3,1011.9,15.3,28.8,0.374,0.345,0.194
chennai_adyar,Chennai,Tamil Nadu,East Coast (Bay of Bengal),13.0827,80.2707,6.0,2015 Historic Flood (350mm/day deluge),2015-11-07T06:00,0.4,1010.8,15.2,30.6,0.375,0.345,0.194
chennai_adyar,Chennai,Tamil Nadu,East Coast (Bay of Bengal),13.0827,80.2707,6.0,2015 Historic Flood (350mm/day deluge),2015-11-07T07:00,0.2,1009.8,15.1,30.6,0.372,0.345,0.194
chennai_adyar,Chennai,Tamil Nadu,East Coast (Bay of Bengal),13.0827,80.2707,6.0,2015 Historic Flood (350mm/day deluge),2015-11-07T08:00,0.1,1008.7,14.5,31.3,0.369,0.345,0.194
chennai_adyar,Chennai,Tamil Nadu,East Coast (Bay of Bengal),13.0827,80.2707,6.0,2015 Historic Flood (350mm/day deluge),2015-11-07T09:00,0.2,1007.8,15.0,31.3,0.368,0.344,0.194
chennai_adyar,Chennai,Tamil Nadu,East Coast (Bay of Bengal),13.0827,80.2707,6.0,2015 Historic Flood (350mm/day deluge),2015-11-07T10:00,0.2,1007.2,17.1,31.3,0.367,0.344,0.194
chennai_adyar,Chennai,Tamil Nadu,East Coast (Bay of Bengal),13.0827,80.2707,6.0,2015 Historic Flood (350mm/day deluge),2015-11-07T11:00,0.2,1007.1,18.9,32.0,0.367,0.344,0.194
chennai_adyar,Chennai,Tamil Nadu,East Coast (Bay of Bengal),13.0827,80.2707,6.0,2015 Historic Flood (350mm/day deluge),2015-11-07T12:00,0.0,1008.0,18.9,32.8,0.365,0.344,0.194
chennai_adyar,Chennai,Tamil Nadu,East Coast (Bay of Bengal),13.0827,80.2707,6.0,2015 Historic Flood (350mm/day deluge),2015-11-07T13:00,0.0,1008.7,17.7,31.0,0.364,0.344,0.195
chennai_adyar,Chennai,Tamil Nadu,East Coast (Bay of Bengal),13.0827,80.2707,6.0,2015 Historic Flood (350mm/day deluge),2015-11-07T14:00,0.0,1009.8,17.7,28.4,0.363,0.344,0.195
chennai_adyar,Chennai,Tamil Nadu,East Coast (Bay of Bengal),13.0827,80.2707,6.0,2015 Historic Flood (350mm/day deluge),2015-11-07T15:00,0.0,1010.8,17.7,28.8,0.362,0.344,0.195
chennai_adyar,Chennai,Tamil Nadu,East Coast (Bay of Bengal),13.0827,80.2707,6.0,2015 Historic Flood (350mm/day deluge),2015-11-07T16:00,0.3,1011.0,16.9,29.5,0.363,0.344,0.195
chennai_adyar,Chennai,Tamil Nadu,East Coast (Bay of Bengal),13.0827,80.2707,6.0,2015 Historic Flood (350mm/day deluge),2015-11-07T17:00,0.5,1011.3,15.6,28.8,0.367,0.344,0.195
chennai_adyar,Chennai,Tamil Nadu,East Coast (Bay of Bengal),13.0827,80.2707,6.0,2015 Historic Flood (350mm/day deluge),2015-11-07T18:00,0.9,1010.4,14.2,27.7,0.379,0.344,0.195
chennai_adyar,Chennai,Tamil Nadu,East Coast (Bay of Bengal),13.0827,80.2707,6.0,2015 Historic Flood (350mm/day deluge),2015-11-07T19:00,0.9,1010.3,12.6,23.8,0.387,0.344,0.195
chennai_adyar,Chennai,Tamil Nadu,East Coast (Bay of Bengal),13.0827,80.2707,6.0,2015 Historic Flood (350mm/day deluge),2015-11-07T20:00,0.8,1009.3,13.9,23.0,0.388,0.345,0.196
chennai_adyar,Chennai,Tamil Nadu,East Coast (Bay of Bengal),13.0827,80.2707,6.0,2015 Historic Flood (350mm/day deluge),2015-11-07T21:00,0.5,1008.9,14.0,25.6,0.388,0.346,0.196
chennai_adyar,Chennai,Tamil Nadu,East Coast (Bay of Bengal),13.0827,80.2707,6.0,2015 Historic Flood (350mm/day deluge),2015-11-07T22:00,0.4,1008.0,17.3,27.7,0.389,0.347,0.196
chennai_adyar,Chennai,Tamil Nadu,East Coast (Bay of Bengal),13.0827,80.2707,6.0,2015 Historic Flood (350mm/day deluge),2015-11-07T23:00,0.7,1007.9,20.0,30.6,0.393,0.348,0.196
chennai_adyar,Chennai,Tamil Nadu,East Coast (Bay of Bengal),13.0827,80.2707,6.0,2015 Historic Flood (350mm/day deluge),2015-11-08T00:00,0.6,1008.5,20.7,30.6,0.395,0.35,0.196
chennai_adyar,Chennai,Tamil Nadu,East Coast (Bay of Bengal),13.0827,80.2707,6.0,2015 Historic Flood (350mm/day deluge),2015-11-08T01:00,0.7,1008.9,22.7,31.0,0.394,0.351,0.196
chennai_adyar,Chennai,Tamil Nadu,East Coast (Bay of Bengal),13.0827,80.2707,6.0,2015 Historic Flood (350mm/day deluge),2015-11-08T02:00,0.7,1010.1,23.5,35.6,0.395,0.352,0.196
chennai_adyar,Chennai,Tamil Nadu,East Coast (Bay of Bengal),13.0827,80.2707,6.0,2015 Historic Flood (350mm/day deluge),2015-11-08T03:00,1.0,1010.8,22.1,36.0,0.395,0.354,0.197
chennai_adyar,Chennai,Tamil Nadu,East Coast (Bay of Bengal),13.0827,80.2707,6.0,2015 Historic Flood (350mm/day deluge),2015-11-08T04:00,1.9,1011.3,22.4,41.4,0.407,0.355,0.197
chennai_adyar,Chennai,Tamil Nadu,East Coast (Bay of Bengal),13.0827,80.2707,6.0,2015 Historic Flood (350mm/day deluge),2015-11-08T05:00,2.5,1010.9,23.1,42.1,0.418,0.36,0.197
chennai_adyar,Chennai,Tamil Nadu,East Coast (Bay of Bengal),13.0827,80.2707,6.0,2015 Historic Flood (350mm/day deluge),2015-11-08T06:00,2.4,1009.9,25.8,43.6,0.415,0.367,0.197
chennai_adyar,Chennai,Tamil Nadu,East Coast (Bay of Bengal),13.0827,80.2707,6.0,2015 Historic Flood (350mm/day deluge),2015-11-08T07:00,1.4,1009.1,28.0,50.8,0.415,0.371,0.197
chennai_adyar,Chennai,Tamil Nadu,East Coast (Bay of Bengal),13.0827,80.2707,6.0,2015 Historic Flood (350mm/day deluge),2015-11-08T08:00,1.9,1007.9,28.7,52.2,0.42,0.375,0.198
chennai_adyar,Chennai,Tamil Nadu,East Coast (Bay of Bengal),13.0827,80.2707,6.0,2015 Historic Flood (350mm/day deluge),2015-11-08T09:00,2.4,1007.4,30.0,52.6,0.414,0.386,0.198
chennai_adyar,Chennai,Tamil Nadu,East Coast (Bay of Bengal),13.0827,80.2707,6.0,2015 Historic Flood (350mm/day deluge),2015-11-08T10:00,2.1,1006.9,27.9,52.9,0.409,0.394,0.199
chennai_adyar,Chennai,Tamil Nadu,East Coast (Bay of Bengal),13.0827,80.2707,6.0,2015 Historic Flood (350mm/day deluge),2015-11-08T11:00,2.7,1006.6,32.2,52.9,0.411,0.4,0.199
chennai_adyar,Chennai,Tamil Nadu,East Coast (Bay of Bengal),13.0827,80.2707,6.0,2015 Historic Flood (350mm/day deluge),2015-11-08T12:00,3.0,1007.0,33.2,53.3,0.425,0.4,0.201
chennai_adyar,Chennai,Tamil Nadu,East Coast (Bay of Bengal),13.0827,80.2707,6.0,2015 Historic Flood (350mm/day deluge),2015-11-08T13:00,3.7,1007.3,32.4,54.4,0.416,0.412,0.202
chennai_adyar,Chennai,Tamil Nadu,East Coast (Bay of Bengal),13.0827,80.2707,6.0,2015 Historic Flood (350mm/day deluge),2015-11-08T14:00,3.9,1007.7,34.6,54.7,0.419,0.404,0.207
chennai_adyar,Chennai,Tamil Nadu,East Coast (Bay of Bengal),13.0827,80.2707,6.0,2015 Historic Flood (350mm/day deluge),2015-11-08T15:00,3.4,1008.2,32.7,53.3,0.423,0.411,0.208
chennai_adyar,Chennai,Tamil Nadu,East Coast (Bay of Bengal),13.0827,80.2707,6.0,2015 Historic Flood (350mm/day deluge),2015-11-08T16:00,4.3,1008.2,33.0,53.3,0.428,0.418,0.21
chennai_adyar,Chennai,Tamil Nadu,East Coast (Bay of Bengal),13.0827,80.2707,6.0,2015 Historic Flood (350mm/day deluge),2015-11-08T17:00,5.0,1007.4,34.9,52.9,0.429,0.423,0.213
chennai_adyar,Chennai,Tamil Nadu,East Coast (Bay of Bengal),13.0827,80.2707,6.0,2015 Historic Flood (350mm/day deluge),2015-11-08T18:00,4.9,1006.7,37.1,52.9,0.422,0.417,0.22
chennai_adyar,Chennai,Tamil Nadu,East Coast (Bay of Bengal),13.0827,80.2707,6.0,2015 Historic Flood (350mm/day deluge),2015-11-08T19:00,5.6,1005.3,38.1,60.8,0.429,0.412,0.225
chennai_adyar,Chennai,Tamil Nadu,East Coast (Bay of Bengal),13.0827,80.2707,6.0,2015 Historic Flood (350mm/day deluge),2015-11-08T20:00,5.6,1004.0,38.5,64.1,0.429,0.422,0.227
chennai_adyar,Chennai,Tamil Nadu,East Coast (Bay of Bengal),13.0827,80.2707,6.0,2015 Historic Flood (350mm/day deluge),2015-11-08T21:00,4.9,1002.9,32.2,62.3,0.429,0.425,0.23
chennai_adyar,Chennai,Tamil Nadu,East Coast (Bay of Bengal),13.0827,80.2707,6.0,2015 Historic Flood (350mm/day deluge),2015-11-08T22:00,5.5,1002.3,28.9,54.4,0.432,0.423,0.236
chennai_adyar,Chennai,Tamil Nadu,East Coast (Bay of Bengal),13.0827,80.2707,6.0,2015 Historic Flood (350mm/day deluge),2015-11-08T23:00,4.9,1001.9,30.3,48.2,0.427,0.422,0.242
chennai_adyar,Chennai,Tamil Nadu,East Coast (Bay of Bengal),13.0827,80.2707,6.0,2015 Historic Flood (350mm/day deluge),2015-11-09T00:00,6.3,1002.5,35.7,47.9,0.432,0.42,0.249
chennai_adyar,Chennai,Tamil Nadu,East Coast (Bay of Bengal),13.0827,80.2707,6.0,2015 Historic Flood (350mm/day deluge),2015-11-09T01:00,5.8,1003.5,39.7,54.7,0.428,0.429,0.251
chennai_adyar,Chennai,Tamil Nadu,East Coast (Bay of Bengal),13.0827,80.2707,6.0,2015 Historic Flood (350mm/day deluge),2015-11-09T02:00,4.0,1004.5,39.8,58.7,0.415,0.414,0.261
chennai_adyar,Chennai,Tamil Nadu,East Coast (Bay of Bengal),13.0827,80.2707,6.0,2015 Historic Flood (350mm/day deluge),2015-11-09T03:00,1.5,1005.6,38.5,57.6,0.42,0.412,0.262
chennai_adyar,Chennai,Tamil Nadu,East Coast (Bay of Bengal),13.0827,80.2707,6.0,2015 Historic Flood (350mm/day deluge),2015-11-09T04:00,1.7,1005.8,41.7,56.9,0.414,0.415,0.263
chennai_adyar,Chennai,Tamil Nadu,East Coast (Bay of Bengal),13.0827,80.2707,6.0,2015 Historic Flood (350mm/day deluge),2015-11-09T05:00,3.6,1005.5,43.8,56.5,0.425,0.413,0.265
chennai_adyar,Chennai,Tamil Nadu,East Coast (Bay of Bengal),13.0827,80.2707,6.0,2015 Historic Flood (350mm/day deluge),2015-11-09T06:00,4.7,1004.0,46.5,54.0,0.427,0.418,0.266
chennai_adyar,Chennai,Tamil Nadu,East Coast (Bay of Bengal),13.0827,80.2707,6.0,2015 Historic Flood (350mm/day deluge),2015-11-09T07:00,7.2,1002.8,45.3,76.0,0.434,0.423,0.271
chennai_adyar,Chennai,Tamil Nadu,East Coast (Bay of Bengal),13.0827,80.2707,6.0,2015 Historic Flood (350mm/day deluge),2015-11-09T08:00,6.2,1001.6,40.0,72.0,0.428,0.426,0.277
chennai_adyar,Chennai,Tamil Nadu,East Coast (Bay of Bengal),13.0827,80.2707,6.0,2015 Historic Flood (350mm/day deluge),2015-11-09T09:00,4.9,1001.0,34.6,65.9,0.43,0.425,0.283
chennai_adyar,Chennai,Tamil Nadu,East Coast (Bay of Bengal),13.0827,80.2707,6.0,2015 Historic Flood (350mm/day deluge),2015-11-09T10:00,2.4,1000.9,28.3,59.4,0.412,0.42,0.289
chennai_adyar,Chennai,Tamil Nadu,East Coast (Bay of Bengal),13.0827,80.2707,6.0,2015 Historic Flood (350mm/day deluge),2015-11-09T11:00,2.3,1001.0,27.4,56.2,0.419,0.413,0.294
chennai_adyar,Chennai,Tamil Nadu,East Coast (Bay of Bengal),13.0827,80.2707,6.0,2015 Historic Flood (350mm/day deluge),2015-11-09T12:00,0.5,1001.4,27.4,55.4,0.408,0.416,0.295
chennai_adyar,Chennai,Tamil Nadu,East Coast (Bay of Bengal),13.0827,80.2707,6.0,2015 Historic Flood (350mm/day deluge),2015-11-09T13:00,0.0,1001.6,26.0,50.8,0.405,0.413,0.296
chennai_adyar,Chennai,Tamil Nadu,East Coast (Bay of Bengal),13.0827,80.2707,6.0,2015 Historic Flood (350mm/day deluge),2015-11-09T14:00,0.1,1002.2,25.1,50.0,0.403,0.41,0.297
chennai_adyar,Chennai,Tamil Nadu,East Coast (Bay of Bengal),13.0827,80.2707,6.0,2015 Historic Flood (350mm/day deluge),2015-11-09T15:00,0.3,1002.9,24.2,48.2,0.404,0.408,0.298
chennai_adyar,Chennai,Tamil Nadu,East Coast (Bay of Bengal),13.0827,80.2707,6.0,2015 Historic Flood (350mm/day deluge),2015-11-09T16:00,1.1,1003.3,21.9,48.6,0.424,0.408,0.299
chennai_adyar,Chennai,Tamil Nadu,East Coast (Bay of Bengal),13.0827,80.2707,6.0,2015 Historic Flood (350mm/day deluge),2015-11-09T17:00,1.1,1002.8,19.0,46.4,0.403,0.417,0.299
chennai_adyar,Chennai,Tamil Nadu,East Coast (Bay of Bengal),13.0827,80.2707,6.0,2015 Historic Flood (350mm/day deluge),2015-11-09T18:00,0.6,1002.4,18.7,41.0,0.406,0.414,0.301
chennai_adyar,Chennai,Tamil Nadu,East Coast (Bay of Bengal),13.0827,80.2707,6.0,2015 Historic Flood (350mm/day deluge),2015-11-09T19:00,0.1,1002.1,24.7,38.9,0.403,0.411,0.302
chennai_adyar,Chennai,Tamil Nadu,East Coast (Bay of Bengal),13.0827,80.2707,6.0,2015 Historic Flood (350mm/day deluge),2015-11-09T20:00,0.0,1001.8,28.5,46.1,0.401,0.409,0.303
chennai_adyar,Chennai,Tamil Nadu,East Coast (Bay of Bengal),13.0827,80.2707,6.0,2015 Historic Flood (350mm/day deluge),2015-11-09T21:00,0.0,1001.5,27.9,47.5,0.398,0.407,0.303
chennai_adyar,Chennai,Tamil Nadu,East Coast (Bay of Bengal),13.0827,80.2707,6.0,2015 Historic Flood (350mm/day deluge),2015-11-09T22:00,0.0,1000.9,17.4,45.4,0.397,0.405,0.304
chennai_adyar,Chennai,Tamil Nadu,East Coast (Bay of Bengal),13.0827,80.2707,6.0,2015 Historic Flood (350mm/day deluge),2015-11-09T23:00,0.0,1001.2,17.7,42.8,0.395,0.404,0.305
chennai_adyar,Chennai,Tamil Nadu,East Coast (Bay of Bengal),13.0827,80.2707,6.0,2015 Historic Flood (350mm/day deluge),2015-11-10T00:00,0.0,1001.7,20.8,39.2,0.394,0.402,0.305
chennai_adyar,Chennai,Tamil Nadu,East Coast (Bay of Bengal),13.0827,80.2707,6.0,2015 Historic Flood (350mm/day deluge),2015-11-10T01:00,0.0,1002.8,25.3,38.9,0.392,0.401,0.306
chennai_adyar,Chennai,Tamil Nadu,East Coast (Bay of Bengal),13.0827,80.2707,6.0,2015 Historic Flood (350mm/day deluge),2015-11-10T02:00,0.0,1003.8,27.6,41.4,0.391,0.4,0.306
chennai_adyar,Chennai,Tamil Nadu,East Coast (Bay of Bengal),13.0827,80.2707,6.0,2015 Historic Flood (350mm/day deluge),2015-11-10T03:00,0.0,1004.7,30.0,50.4,0.389,0.398,0.307
chennai_adyar,Chennai,Tamil Nadu,East Coast (Bay of Bengal),13.0827,80.2707,6.0,2015 Historic Flood (350mm/day deluge),2015-11-10T04:00,0.0,1005.7,31.8,52.9,0.387,0.396,0.307
chennai_adyar,Chennai,Tamil Nadu,East Coast (Bay of Bengal),13.0827,80.2707,6.0,2015 Historic Flood (350mm/day deluge),2015-11-10T05:00,0.0,1005.7,31.1,56.2,0.384,0.395,0.307
chennai_adyar,Chennai,Tamil Nadu,East Coast (Bay of Bengal),13.0827,80.2707,6.0,2015 Historic Flood (350mm/day deluge),2015-11-10T06:00,0.0,1005.2,31.0,58.0,0.382,0.393,0.307
chennai_adyar,Chennai,Tamil Nadu,East Coast (Bay of Bengal),13.0827,80.2707,6.0,2015 Historic Flood (350mm/day deluge),2015-11-10T07:00,0.2,1004.2,31.2,52.6,0.381,0.392,0.308
chennai_adyar,Chennai,Tamil Nadu,East Coast (Bay of Bengal),13.0827,80.2707,6.0,2015 Historic Flood (350mm/day deluge),2015-11-10T08:00,0.1,1003.6,30.5,53.3,0.38,0.39,0.308
chennai_adyar,Chennai,Tamil Nadu,East Coast (Bay of Bengal),13.0827,80.2707,6.0,2015 Historic Flood (350mm/day deluge),2015-11-10T09:00,0.3,1003.6,27.6,51.5,0.38,0.389,0.308
chennai_adyar,Chennai,Tamil Nadu,East Coast (Bay of Bengal),13.0827,80.2707,6.0,2015 Historic Flood (350mm/day deluge),2015-11-10T10:00,0.3,1003.3,22.5,45.4,0.382,0.388,0.308
chennai_adyar,Chennai,Tamil Nadu,East Coast (Bay of Bengal),13.0827,80.2707,6.0,2015 Historic Flood (350mm/day deluge),2015-11-10T11:00,0.1,1003.4,18.0,35.3,0.382,0.387,0.308
chennai_adyar,Chennai,Tamil Nadu,East Coast (Bay of Bengal),13.0827,80.2707,6.0,2015 Historic Flood (350mm/day deluge),2015-11-10T12:00,0.3,1004.3,17.0,29.9,0.385,0.387,0.309
chennai_adyar,Chennai,Tamil Nadu,East Coast (Bay of Bengal),13.0827,80.2707,6.0,2015 Historic Flood (350mm/day deluge),2015-11-10T13:00,0.2,1005.0,17.7,31.0,0.386,0.386,0.309
chennai_adyar,Chennai,Tamil Nadu,East Coast (Bay of Bengal),13.0827,80.2707,6.0,2015 Historic Flood (350mm/day deluge),2015-11-10T14:00,0.0,1006.0,17.8,29.5,0.385,0.386,0.309
chennai_adyar,Chennai,Tamil Nadu,East Coast (Bay of Bengal),13.0827,80.2707,6.0,2015 Historic Flood (350mm/day deluge),2015-11-10T15:00,0.0,1007.1,18.4,27.7,0.384,0.385,0.309
chennai_adyar,Chennai,Tamil Nadu,East Coast (Bay of Bengal),13.0827,80.2707,6.0,2015 Historic Flood (350mm/day deluge),2015-11-10T16:00,0.0,1007.5,20.3,25.6,0.383,0.385,0.31
chennai_adyar,Chennai,Tamil Nadu,East Coast (Bay of Bengal),13.0827,80.2707,6.0,2015 Historic Flood (350mm/day deluge),2015-11-10T17:00,0.0,1008.0,21.2,25.2,0.382,0.384,0.31
chennai_adyar,Chennai,Tamil Nadu,East Coast (Bay of Bengal),13.0827,80.2707,6.0,2015 Historic Flood (350mm/day deluge),2015-11-10T18:00,0.2,1007.6,19.4,29.2,0.383,0.384,0.31
chennai_adyar,Chennai,Tamil Nadu,East Coast (Bay of Bengal),13.0827,80.2707,6.0,2015 Historic Flood (350mm/day deluge),2015-11-10T19:00,1.2,1007.4,18.6,32.0,0.39,0.384,0.31
chennai_adyar,Chennai,Tamil Nadu,East Coast (Bay of Bengal),13.0827,80.2707,6.0,2015 Historic Flood (350mm/day deluge),2015-11-10T20:00,1.1,1006.4,17.6,30.2,0.397,0.384,0.31
chennai_adyar,Chennai,Tamil Nadu,East Coast (Bay of Bengal),13.0827,80.2707,6.0,2015 Historic Flood (350mm/day deluge),2015-11-10T21:00,0.4,1005.9,15.6,27.7,0.397,0.384,0.311
chennai_adyar,Chennai,Tamil Nadu,East Coast (Bay of Bengal),13.0827,80.2707,6.0,2015 Historic Flood (350mm/day deluge),2015-11-10T22:00,0.2,1005.9,14.5,25.6,0.396,0.384,0.311
chennai_adyar,Chennai,Tamil Nadu,East Coast (Bay of Bengal),13.0827,80.2707,6.0,2015 Historic Flood (350mm/day deluge),2015-11-10T23:00,0.3,1006.0,14.2,23.0,0.397,0.384,0.311
chennai_adyar,Chennai,Tamil Nadu,East Coast (Bay of Bengal),13.0827,80.2707,6.0,2015 Historic Flood (350mm/day deluge),2015-11-11T00:00,0.6,1006.4,14.7,25.2,0.407,0.385,0.311
chennai_adyar,Chennai,Tamil Nadu,East Coast (Bay of Bengal),13.0827,80.2707,6.0,2015 Historic Flood (350mm/day deluge),2015-11-11T01:00,1.2,1007.4,14.7,25.2,0.414,0.387,0.311
chennai_adyar,Chennai,Tamil Nadu,East Coast (Bay of Bengal),13.0827,80.2707,6.0,2015 Historic Flood (350mm/day deluge),2015-11-11T02:00,1.2,1008.5,12.7,22.7,0.412,0.39,0.312
chennai_adyar,Chennai,Tamil Nadu,East Coast (Bay of Bengal),13.0827,80.2707,6.0,2015 Historic Flood (350mm/day deluge),2015-11-11T03:00,0.9,1009.3,14.4,23.0,0.41,0.392,0.312
chennai_adyar,Chennai,Tamil Nadu,East Coast (Bay of Bengal),13.0827,80.2707,6.0,2015 Historic Flood (350mm/day deluge),2015-11-11T04:00,0.5,1010.0,15.8,26.3,0.407,0.393,0.312
chennai_adyar,Chennai,Tamil Nadu,East Coast (Bay of Bengal),13.0827,80.2707,6.0,2015 Historic Flood (350mm/day deluge),2015-11-11T05:00,0.5,1010.3,16.3,26.3,0.41,0.394,0.313
chennai_adyar,Chennai,Tamil Nadu,East Coast (Bay of Bengal),13.0827,80.2707,6.0,2015 Historic Flood (350mm/day deluge),2015-11-11T06:00,0.2,1009.5,17.3,25.2,0.404,0.394,0.313
chennai_adyar,Chennai,Tamil Nadu,East Coast (Bay of Bengal),13.0827,80.2707,6.0,2015 Historic Flood (350mm/day deluge),2015-11-11T07:00,0.3,1008.9,15.5,29.5,0.401,0.394,0.313
chennai_adyar,Chennai,Tamil Nadu,East Coast (Bay of Bengal),13.0827,80.2707,6.0,2015 Historic Flood (350mm/day deluge),2015-11-11T08:00,0.0,1007.4,14.5,27.4,0.398,0.393,0.314
chennai_adyar,Chennai,Tamil Nadu,East Coast (Bay of Bengal),13.0827,80.2707,6.0,2015 Historic Flood (350mm/day deluge),2015-11-11T09:00,0.0,1007.0,13.2,26.3,0.394,0.392,0.314
chennai_adyar,Chennai,Tamil Nadu,East Coast (Bay of Bengal),13.0827,80.2707,6.0,2015 Historic Flood (350mm/day deluge),2015-11-11T10:00,0.3,1006.9,10.0,25.9,0.398,0.392,0.314
chennai_adyar,Chennai,Tamil Nadu,East Coast (Bay of Bengal),13.0827,80.2707,6.0,2015 Historic Flood (350mm/day deluge),2015-11-11T11:00,1.7,1007.3,11.2,25.2,0.421,0.392,0.314
chennai_adyar,Chennai,Tamil Nadu,East Coast (Bay of Bengal),13.0827,80.2707,6.0,2015 Historic Flood (350mm/day deluge),2015-11-11T12:00,0.4,1007.8,8.6,22.0,0.389,0.403,0.315
chennai_adyar,Chennai,Tamil Nadu,East Coast (Bay of Bengal),13.0827,80.2707,6.0,2015 Historic Flood (350mm/day deluge),2015-11-11T13:00,0.2,1008.6,7.0,14.0,0.389,0.401,0.315
chennai_adyar,Chennai,Tamil Nadu,East Coast (Bay of Bengal),13.0827,80.2707,6.0,2015 Historic Flood (350mm/day deluge),2015-11-11T14:00,0.0,1009.7,6.2,13.0,0.388,0.4,0.316
chennai_adyar,Chennai,Tamil Nadu,East Coast (Bay of Bengal),13.0827,80.2707,6.0,2015 Historic Flood (350mm/day deluge),2015-11-11T15:00,1.0,1010.5,6.3,15.8,0.394,0.399,0.316
chennai_adyar,Chennai,Tamil Nadu,East Coast (Bay of Bengal),13.0827,80.2707,6.0,2015 Historic Flood (350mm/day deluge),2015-11-11T16:00,1.4,1011.0,5.2,15.5,0.407,0.398,0.316
chennai_adyar,Chennai,Tamil Nadu,East Coast (Bay of Bengal),13.0827,80.2707,6.0,2015 Historic Flood (350mm/day deluge),2015-11-11T17:00,0.4,1010.9,5.2,15.1,0.406,0.399,0.317
chennai_adyar,Chennai,Tamil Nadu,East Coast (Bay of Bengal),13.0827,80.2707,6.0,2015 Historic Flood (350mm/day deluge),2015-11-11T18:00,0.0,1010.8,8.0,14.8,0.403,0.398,0.317
chennai_adyar,Chennai,Tamil Nadu,East Coast (Bay of Bengal),13.0827,80.2707,6.0,2015 Historic Flood (350mm/day deluge),2015-11-11T19:00,3.1,1010.3,8.3,16.9,0.423,0.399,0.318
chennai_adyar,Chennai,Tamil Nadu,East Coast (Bay of Bengal),13.0827,80.2707,6.0,2015 Historic Flood (350mm/day deluge),2015-11-11T20:00,2.1,1010.0,8.4,15.8,0.407,0.412,0.318
chennai_adyar,Chennai,Tamil Nadu,East Coast (Bay of Bengal),13.0827,80.2707,6.0,2015 Historic Flood (350mm/day deluge),2015-11-11T21:00,1.0,1009.3,7.4,15.1,0.412,0.41,0.319
chennai_adyar,Chennai,Tamil Nadu,East Coast (Bay of Bengal),13.0827,80.2707,6.0,2015 Historic Flood (350mm/day deluge),2015-11-11T22:00,0.8,1009.3,7.2,14.4,0.415,0.409,0.32
chennai_adyar,Chennai,Tamil Nadu,East Coast (Bay of Bengal),13.0827,80.2707,6.0,2015 Historic Flood (350mm/day deluge),2015-11-11T23:00,0.3,1008.8,6.5,15.1,0.413,0.408,0.321
chennai_adyar,Chennai,Tamil Nadu,East Coast (Bay of Bengal),13.0827,80.2707,6.0,2015 Historic Flood (350mm/day deluge),2015-11-12T00:00,0.0,1009.3,5.8,14.8,0.409,0.407,0.321
chennai_adyar,Chennai,Tamil Nadu,East Coast (Bay of Bengal),13.0827,80.2707,6.0,2015 Historic Flood (350mm/day deluge),2015-11-12T01:00,0.0,1009.7,7.6,13.3,0.406,0.406,0.322
chennai_adyar,Chennai,Tamil Nadu,East Coast (Bay of Bengal),13.0827,80.2707,6.0,2015 Historic Flood (350mm/day deluge),2015-11-12T02:00,0.0,1010.6,10.7,15.5,0.403,0.405,0.323
chennai_adyar,Chennai,Tamil Nadu,East Coast (Bay of Bengal),13.0827,80.2707,6.0,2015 Historic Flood (350mm/day deluge),2015-11-12T03:00,0.1,1011.5,11.4,19.1,0.401,0.404,0.323
chennai_adyar,Chennai,Tamil Nadu,East Coast (Bay of Bengal),13.0827,80.2707,6.0,2015 Historic Flood (350mm/day deluge),2015-11-12T04:00,0.1,1012.2,11.4,21.2,0.399,0.403,0.324
chennai_adyar,Chennai,Tamil Nadu,East Coast (Bay of Bengal),13.0827,80.2707,6.0,2015 Historic Flood (350mm/day deluge),2015-11-12T05:00,0.2,1011.9,13.1,23.0,0.397,0.401,0.324
chennai_adyar,Chennai,Tamil Nadu,East Coast (Bay of Bengal),13.0827,80.2707,6.0,2015 Historic Flood (350mm/day deluge),2015-11-12T06:00,0.4,1011.5,14.8,25.9,0.398,0.4,0.324
chennai_adyar,Chennai,Tamil Nadu,East Coast (Bay of Bengal),13.0827,80.2707,6.0,2015 Historic Flood (350mm/day deluge),2015-11-12T07:00,0.6,1010.7,14.8,28.1,0.4,0.399,0.325
chennai_adyar,Chennai,Tamil Nadu,East Coast (Bay of Bengal),13.0827,80.2707,6.0,2015 Historic Flood (350mm/day deluge),2015-11-12T08:00,0.0,1010.0,14.0,27.7,0.398,0.399,0.325
chennai_adyar,Chennai,Tamil Nadu,East Coast (Bay of Bengal),13.0827,80.2707,6.0,2015 Historic Flood (350mm/day deluge),2015-11-12T09:00,0.0,1009.3,13.8,26.3,0.395,0.397,0.325
chennai_adyar,Chennai,Tamil Nadu,East Coast (Bay of Bengal),13.0827,80.2707,6.0,2015 Historic Flood (350mm/day deluge),2015-11-12T10:00,0.2,1008.3,15.0,28.4,0.395,0.396,0.326
chennai_adyar,Chennai,Tamil Nadu,East Coast (Bay of Bengal),13.0827,80.2707,6.0,2015 Historic Flood (350mm/day deluge),2015-11-12T11:00,0.3,1008.4,15.2,29.9,0.396,0.396,0.326
chennai_adyar,Chennai,Tamil Nadu,East Coast (Bay of Bengal),13.0827,80.2707,6.0,2015 Historic Flood (350mm/day deluge),2015-11-12T12:00,0.3,1009.3,13.7,29.5,0.399,0.395,0.326
chennai_adyar,Chennai,Tamil Nadu,East Coast (Bay of Bengal),13.0827,80.2707,6.0,2015 Historic Flood (350mm/day deluge),2015-11-12T13:00,0.5,1009.7,13.9,25.6,0.4,0.395,0.326
chennai_adyar,Chennai,Tamil Nadu,East Coast (Bay of Bengal),13.0827,80.2707,6.0,2015 Historic Flood (350mm/day deluge),2015-11-12T14:00,0.6,1011.0,15.5,24.1,0.4,0.395,0.327
chennai_adyar,Chennai,Tamil Nadu,East Coast (Bay of Bengal),13.0827,80.2707,6.0,2015 Historic Flood (350mm/day deluge),2015-11-12T15:00,1.1,1012.0,14.7,25.2,0.407,0.395,0.327
chennai_adyar,Chennai,Tamil Nadu,East Coast (Bay of Bengal),13.0827,80.2707,6.0,2015 Historic Flood (350mm/day deluge),2015-11-12T16:00,1.4,1012.6,14.5,25.2,0.408,0.396,0.327
chennai_adyar,Chennai,Tamil Nadu,East Coast (Bay of Bengal),13.0827,80.2707,6.0,2015 Historic Flood (350mm/day deluge),2015-11-12T17:00,1.2,1012.6,14.6,23.8,0.408,0.398,0.328
chennai_adyar,Chennai,Tamil Nadu,East Coast (Bay of Bengal),13.0827,80.2707,6.0,2015 Historic Flood (350mm/day deluge),2015-11-12T18:00,1.7,1011.7,15.1,24.8,0.419,0.399,0.328
chennai_adyar,Chennai,Tamil Nadu,East Coast (Bay of Bengal),13.0827,80.2707,6.0,2015 Historic Flood (350mm/day deluge),2015-11-12T19:00,1.6,1011.3,14.2,29.2,0.409,0.405,0.328
chennai_adyar,Chennai,Tamil Nadu,East Coast (Bay of Bengal),13.0827,80.2707,6.0,2015 Historic Flood (350mm/day deluge),2015-11-12T20:00,1.3,1010.7,13.1,28.8,0.41,0.404,0.329
chennai_adyar,Chennai,Tamil Nadu,East Coast (Bay of Bengal),13.0827,80.2707,6.0,2015 Historic Flood (350mm/day deluge),2015-11-12T21:00,1.4,1010.1,13.9,27.7,0.413,0.404,0.33
chennai_adyar,Chennai,Tamil Nadu,East Coast (Bay of Bengal),13.0827,80.2707,6.0,2015 Historic Flood (350mm/day deluge),2015-11-12T22:00,1.6,1009.6,17.6,28.1,0.414,0.405,0.331
chennai_adyar,Chennai,Tamil Nadu,East Coast (Bay of Bengal),13.0827,80.2707,6.0,2015 Historic Flood (350mm/day deluge),2015-11-12T23:00,2.0,1009.6,17.1,28.8,0.408,0.408,0.331
chennai_adyar,Chennai,Tamil Nadu,East Coast (Bay of Bengal),13.0827,80.2707,6.0,2015 Historic Flood (350mm/day deluge),2015-11-13T00:00,2.2,1009.9,16.5,30.2,0.402,0.403,0.335
chennai_adyar,Chennai,Tamil Nadu,East Coast (Bay of Bengal),13.0827,80.2707,6.0,2015 Historic Flood (350mm/day deluge),2015-11-13T01:00,1.9,1011.0,15.7,30.6,0.41,0.403,0.335
chennai_adyar,Chennai,Tamil Nadu,East Coast (Bay of Bengal),13.0827,80.2707,6.0,2015 Historic Flood (350mm/day deluge),2015-11-13T02:00,1.5,1011.6,17.5,31.0,0.413,0.403,0.335
chennai_adyar,Chennai,Tamil Nadu,East Coast (Bay of Bengal),13.0827,80.2707,6.0,2015 Historic Flood (350mm/day deluge),2015-11-13T03:00,0.4,1012.6,17.9,31.3,0.408,0.404,0.336
chennai_adyar,Chennai,Tamil Nadu,East Coast (Bay of Bengal),13.0827,80.2707,6.0,2015 Historic Flood (350mm/day deluge),2015-11-13T04:00,0.4,1013.0,19.3,31.7,0.408,0.404,0.336
chennai_adyar,Chennai,Tamil Nadu,East Coast (Bay of Bengal),13.0827,80.2707,6.0,2015 Historic Flood (350mm/day deluge),2015-11-13T05:00,0.4,1013.0,19.6,32.8,0.406,0.403,0.337
chennai_adyar,Chennai,Tamil Nadu,East Coast (Bay of Bengal),13.0827,80.2707,6.0,2015 Historic Flood (350mm/day deluge),2015-11-13T06:00,0.3,1012.5,20.7,40.3,0.403,0.402,0.337
chennai_adyar,Chennai,Tamil Nadu,East Coast (Bay of Bengal),13.0827,80.2707,6.0,2015 Historic Flood (350mm/day deluge),2015-11-13T07:00,1.7,1011.2,21.7,33.8,0.404,0.402,0.338
chennai_adyar,Chennai,Tamil Nadu,East Coast (Bay of Bengal),13.0827,80.2707,6.0,2015 Historic Flood (350mm/day deluge),2015-11-13T08:00,1.2,1010.5,21.9,36.7,0.403,0.401,0.338
chennai_adyar,Chennai,Tamil Nadu,East Coast (Bay of Bengal),13.0827,80.2707,6.0,2015 Historic Flood (350mm/day deluge),2015-11-13T09:00,1.0,1009.9,21.0,37.1,0.404,0.401,0.338
chennai_adyar,Chennai,Tamil Nadu,East Coast (Bay of Bengal),13.0827,80.2707,6.0,2015 Historic Flood (350mm/day deluge),2015-11-13T10:00,0.8,1009.4,18.0,37.8,0.404,0.4,0.339
chennai_adyar,Chennai,Tamil Nadu,East Coast (Bay of Bengal),13.0827,80.2707,6.0,2015 Historic Flood (350mm/day deluge),2015-11-13T11:00,0.6,1009.3,17.7,34.9,0.403,0.4,0.339
chennai_adyar,Chennai,Tamil Nadu,East Coast (Bay of Bengal),13.0827,80.2707,6.0,2015 Historic Flood (350mm/day deluge),2015-11-13T12:00,0.4,1009.2,19.1,26.6,0.401,0.399,0.339
chennai_adyar,Chennai,Tamil Nadu,East Coast (Bay of Bengal),13.0827,80.2707,6.0,2015 Historic Flood (350mm/day deluge),2015-11-13T13:00,0.4,1010.0,18.9,23.8,0.399,0.399,0.339
chennai_adyar,Chennai,Tamil Nadu,East Coast (Bay of Bengal),13.0827,80.2707,6.0,2015 Historic Flood (350mm/day deluge),2015-11-13T14:00,0.4,1010.7,19.1,20.5,0.398,0.398,0.34
chennai_adyar,Chennai,Tamil Nadu,East Coast (Bay of Bengal),13.0827,80.2707,6.0,2015 Historic Flood (350mm/day deluge),2015-11-13T15:00,0.4,1011.3,18.4,22.7,0.396,0.398,0.34
chennai_adyar,Chennai,Tamil Nadu,East Coast (Bay of Bengal),13.0827,80.2707,6.0,2015 Historic Flood (350mm/day deluge),2015-11-13T16:00,0.4,1011.9,17.2,22.3,0.397,0.397,0.34
chennai_adyar,Chennai,Tamil Nadu,East Coast (Bay of Bengal),13.0827,80.2707,6.0,2015 Historic Flood (350mm/day deluge),2015-11-13T17:00,0.1,1011.4,16.6,22.3,0.395,0.396,0.341
chennai_adyar,Chennai,Tamil Nadu,East Coast (Bay of Bengal),13.0827,80.2707,6.0,2015 Historic Flood (350mm/day deluge),2015-11-13T18:00,0.2,1010.8,16.1,22.3,0.394,0.396,0.341
chennai_adyar,Chennai,Tamil Nadu,East Coast (Bay of Bengal),13.0827,80.2707,6.0,2015 Historic Flood (350mm/day deluge),2015-11-13T19:00,0.6,1010.4,14.4,25.6,0.396,0.395,0.341
chennai_adyar,Chennai,Tamil Nadu,East Coast (Bay of Bengal),13.0827,80.2707,6.0,2015 Historic Flood (350mm/day deluge),2015-11-13T20:00,0.6,1009.6,13.4,25.2,0.397,0.395,0.341
chennai_adyar,Chennai,Tamil Nadu,East Coast (Bay of Bengal),13.0827,80.2707,6.0,2015 Historic Flood (350mm/day deluge),2015-11-13T21:00,0.6,1008.8,14.3,24.8,0.399,0.395,0.342
chennai_adyar,Chennai,Tamil Nadu,East Coast (Bay of Bengal),13.0827,80.2707,6.0,2015 Historic Flood (350mm/day deluge),2015-11-13T22:00,0.4,1008.5,15.6,24.5,0.399,0.395,0.342
chennai_adyar,Chennai,Tamil Nadu,East Coast (Bay of Bengal),13.0827,80.2707,6.0,2015 Historic Flood (350mm/day deluge),2015-11-13T23:00,0.3,1008.3,15.7,24.5,0.398,0.395,0.342
chennai_adyar,Chennai,Tamil Nadu,East Coast (Bay of Bengal),13.0827,80.2707,6.0,2015 Historic Flood (350mm/day deluge),2015-11-14T00:00,0.9,1008.2,16.8,23.0,0.4,0.395,0.342
chennai_adyar,Chennai,Tamil Nadu,East Coast (Bay of Bengal),13.0827,80.2707,6.0,2015 Historic Flood (350mm/day deluge),2015-11-14T01:00,0.8,1009.2,15.7,23.8,0.401,0.395,0.342
chennai_adyar,Chennai,Tamil Nadu,East Coast (Bay of Bengal),13.0827,80.2707,6.0,2015 Historic Flood (350mm/day deluge),2015-11-14T02:00,0.3,1010.2,16.8,26.3,0.4,0.395,0.343
chennai_adyar,Chennai,Tamil Nadu,East Coast (Bay of Bengal),13.0827,80.2707,6.0,2015 Historic Flood (350mm/day deluge),2015-11-14T03:00,0.2,1010.7,20.4,28.8,0.399,0.395,0.343
chennai_adyar,Chennai,Tamil Nadu,East Coast (Bay of Bengal),13.0827,80.2707,6.0,2015 Historic Flood (350mm/day deluge),2015-11-14T04:00,0.0,1010.8,22.6,34.6,0.396,0.394,0.343
chennai_adyar,Chennai,Tamil Nadu,East Coast (Bay of Bengal),13.0827,80.2707,6.0,2015 Historic Flood (350mm/day deluge),2015-11-14T05:00,0.0,1010.5,24.5,38.2,0.392,0.393,0.343
chennai_adyar,Chennai,Tamil Nadu,East Coast (Bay of Bengal),13.0827,80.2707,6.0,2015 Historic Flood (350mm/day deluge),2015-11-14T06:00,0.0,1009.8,25.3,38.2,0.388,0.392,0.343
chennai_adyar,Chennai,Tamil Nadu,East Coast (Bay of Bengal),13.0827,80.2707,6.0,2015 Historic Flood (350mm/day deluge),2015-11-14T07:00,0.0,1009.0,24.6,41.0,0.385,0.391,0.343
chennai_adyar,Chennai,Tamil Nadu,East Coast (Bay of Bengal),13.0827,80.2707,6.0,2015 Historic Flood (350mm/day deluge),2015-11-14T08:00,0.0,1008.1,23.7,40.3,0.382,0.39,0.343
chennai_adyar,Chennai,Tamil Nadu,East Coast (Bay of Bengal),13.0827,80.2707,6.0,2015 Historic Flood (350mm/day deluge),2015-11-14T09:00,0.0,1007.3,23.1,39.6,0.38,0.388,0.343
chennai_adyar,Chennai,Tamil Nadu,East Coast (Bay of Bengal),13.0827,80.2707,6.0,2015 Historic Flood (350mm/day deluge),2015-11-14T10:00,0.0,1006.5,19.5,37.4,0.378,0.388,0.343
chennai_adyar,Chennai,Tamil Nadu,East Coast (Bay of Bengal),13.0827,80.2707,6.0,2015 Historic Flood (350mm/day deluge),2015-11-14T11:00,0.0,1006.8,17.1,34.2,0.377,0.387,0.343
chennai_adyar,Chennai,Tamil Nadu,East Coast (Bay of Bengal),13.0827,80.2707,6.0,2015 Historic Flood (350mm/day deluge),2015-11-14T12:00,0.2,1007.6,14.2,30.6,0.377,0.386,0.344
chennai_adyar,Chennai,Tamil Nadu,East Coast (Bay of Bengal),13.0827,80.2707,6.0,2015 Historic Flood (350mm/day deluge),2015-11-14T13:00,0.2,1008.5,14.7,27.4,0.379,0.386,0.344
chennai_adyar,Chennai,Tamil Nadu,East Coast (Bay of Bengal),13.0827,80.2707,6.0,2015 Historic Flood (350mm/day deluge),2015-11-14T14:00,0.0,1009.0,16.6,27.4,0.378,0.385,0.344
chennai_adyar,Chennai,Tamil Nadu,East Coast (Bay of Bengal),13.0827,80.2707,6.0,2015 Historic Flood (350mm/day deluge),2015-11-14T15:00,0.0,1009.8,15.5,28.4,0.377,0.385,0.344
chennai_adyar,Chennai,Tamil Nadu,East Coast (Bay of Bengal),13.0827,80.2707,6.0,2015 Historic Flood (350mm/day deluge),2015-11-14T16:00,0.0,1010.0,14.5,27.0,0.377,0.384,0.344
chennai_adyar,Chennai,Tamil Nadu,East Coast (Bay of Bengal),13.0827,80.2707,6.0,2015 Historic Flood (350mm/day deluge),2015-11-14T17:00,0.0,1009.6,15.9,28.1,0.376,0.384,0.344
chennai_adyar,Chennai,Tamil Nadu,East Coast (Bay of Bengal),13.0827,80.2707,6.0,2015 Historic Flood (350mm/day deluge),2015-11-14T18:00,0.0,1008.7,17.7,31.3,0.376,0.384,0.344
chennai_adyar,Chennai,Tamil Nadu,East Coast (Bay of Bengal),13.0827,80.2707,6.0,2015 Historic Flood (350mm/day deluge),2015-11-14T19:00,0.0,1008.1,18.8,29.5,0.376,0.383,0.344
chennai_adyar,Chennai,Tamil Nadu,East Coast (Bay of Bengal),13.0827,80.2707,6.0,2015 Historic Flood (350mm/day deluge),2015-11-14T20:00,0.0,1007.2,19.6,30.6,0.375,0.383,0.344
chennai_adyar,Chennai,Tamil Nadu,East Coast (Bay of Bengal),13.0827,80.2707,6.0,2015 Historic Flood (350mm/day deluge),2015-11-14T21:00,0.2,1006.7,18.0,31.3,0.375,0.382,0.344
chennai_adyar,Chennai,Tamil Nadu,East Coast (Bay of Bengal),13.0827,80.2707,6.0,2015 Historic Flood (350mm/day deluge),2015-11-14T22:00,0.4,1006.0,16.5,29.9,0.376,0.382,0.345
chennai_adyar,Chennai,Tamil Nadu,East Coast (Bay of Bengal),13.0827,80.2707,6.0,2015 Historic Flood (350mm/day deluge),2015-11-14T23:00,0.6,1006.1,15.5,27.7,0.379,0.382,0.345
chennai_adyar,Chennai,Tamil Nadu,East Coast (Bay of Bengal),13.0827,80.2707,6.0,2015 Historic Flood (350mm/day deluge),2015-11-15T00:00,0.8,1006.4,17.6,27.0,0.386,0.382,0.345
chennai_adyar,Chennai,Tamil Nadu,East Coast (Bay of Bengal),13.0827,80.2707,6.0,2015 Historic Flood (350mm/day deluge),2015-11-15T01:00,0.8,1007.4,17.1,28.4,0.391,0.382,0.345
chennai_adyar,Chennai,Tamil Nadu,East Coast (Bay of Bengal),13.0827,80.2707,6.0,2015 Historic Flood (350mm/day deluge),2015-11-15T02:00,1.2,1008.4,16.9,30.2,0.402,0.382,0.345
chennai_adyar,Chennai,Tamil Nadu,East Coast (Bay of Bengal),13.0827,80.2707,6.0,2015 Historic Flood (350mm/day deluge),2015-11-15T03:00,0.9,1008.9,18.4,31.7,0.404,0.384,0.345
chennai_adyar,Chennai,Tamil Nadu,East Coast (Bay of Bengal),13.0827,80.2707,6.0,2015 Historic Flood (350mm/day deluge),2015-11-15T04:00,0.8,1009.2,19.6,32.4,0.405,0.385,0.345
chennai_adyar,Chennai,Tamil Nadu,East Coast (Bay of Bengal),13.0827,80.2707,6.0,2015 Historic Flood (350mm/day deluge),2015-11-15T05:00,1.6,1009.4,22.4,33.1,0.417,0.387,0.345
chennai_adyar,Chennai,Tamil Nadu,East Coast (Bay of Bengal),13.0827,80.2707,6.0,2015 Historic Flood (350mm/day deluge),2015-11-15T06:00,5.8,1008.8,23.4,36.7,0.431,0.4,0.345
chennai_adyar,Chennai,Tamil Nadu,East Coast (Bay of Bengal),13.0827,80.2707,6.0,2015 Historic Flood (350mm/day deluge),2015-11-15T07:00,4.2,1007.5,23.4,38.9,0.415,0.413,0.346
chennai_adyar,Chennai,Tamil Nadu,East Coast (Bay of Bengal),13.0827,80.2707,6.0,2015 Historic Flood (350mm/day deluge),2015-11-15T08:00,2.1,1006.5,21.3,37.4,0.42,0.411,0.349
chennai_adyar,Chennai,Tamil Nadu,East Coast (Bay of Bengal),13.0827,80.2707,6.0,2015 Historic Flood (350mm/day deluge),2015-11-15T09:00,1.5,1005.9,19.2,38.2,0.417,0.417,0.35
chennai_adyar,Chennai,Tamil Nadu,East Coast (Bay of Bengal),13.0827,80.2707,6.0,2015 Historic Flood (350mm/day deluge),2015-11-15T10:00,1.9,1005.2,15.9,35.6,0.414,0.419,0.351
chennai_adyar,Chennai,Tamil Nadu,East Coast (Bay of Bengal),13.0827,80.2707,6.0,2015 Historic Flood (350mm/day deluge),2015-11-15T11:00,3.4,1005.6,14.8,32.4,0.42,0.417,0.354
chennai_adyar,Chennai,Tamil Nadu,East Coast (Bay of Bengal),13.0827,80.2707,6.0,2015 Historic Flood (350mm/day deluge),2015-11-15T12:00,3.6,1005.8,18.1,32.8,0.424,0.422,0.355
chennai_adyar,Chennai,Tamil Nadu,East Coast (Bay of Bengal),13.0827,80.2707,6.0,2015 Historic Flood (350mm/day deluge),2015-11-15T13:00,3.0,1006.1,19.7,34.2,0.415,0.42,0.359
chennai_adyar,Chennai,Tamil Nadu,East Coast (Bay of Bengal),13.0827,80.2707,6.0,2015 Historic Flood (350mm/day deluge),2015-11-15T14:00,3.0,1007.0,23.4,34.6,0.419,0.417,0.363
chennai_adyar,Chennai,Tamil Nadu,East Coast (Bay of Bengal),13.0827,80.2707,6.0,2015 Historic Flood (350mm/day deluge),2015-11-15T15:00,3.1,1007.6,27.6,37.1,0.427,0.418,0.363
chennai_adyar,Chennai,Tamil Nadu,East Coast (Bay of Bengal),13.0827,80.2707,6.0,2015 Historic Flood (350mm/day deluge),2015-11-15T16:00,3.2,1007.7,29.3,37.8,0.413,0.425,0.364
chennai_adyar,Chennai,Tamil Nadu,East Coast (Bay of Bengal),13.0827,80.2707,6.0,2015 Historic Flood (350mm/day deluge),2015-11-15T17:00,3.0,1007.8,27.1,38.2,0.415,0.42,0.368
chennai_adyar,Chennai,Tamil Nadu,East Coast (Bay of Bengal),13.0827,80.2707,6.0,2015 Historic Flood (350mm/day deluge),2015-11-15T18:00,2.0,1006.8,26.1,38.2,0.425,0.42,0.369
chennai_adyar,Chennai,Tamil Nadu,East Coast (Bay of Bengal),13.0827,80.2707,6.0,2015 Historic Flood (350mm/day deluge),2015-11-15T19:00,2.5,1006.4,26.1,46.1,0.422,0.424,0.37
chennai_adyar,Chennai,Tamil Nadu,East Coast (Bay of Bengal),13.0827,80.2707,6.0,2015 Historic Flood (350mm/day deluge),2015-11-15T20:00,2.7,1005.4,26.4,46.1,0.412,0.421,0.374
chennai_adyar,Chennai,Tamil Nadu,East Coast (Bay of Bengal),13.0827,80.2707,6.0,2015 Historic Flood (350mm/day deluge),2015-11-15T21:00,2.8,1004.9,27.9,46.8,0.413,0.418,0.377
chennai_adyar,Chennai,Tamil Nadu,East Coast (Bay of Bengal),13.0827,80.2707,6.0,2015 Historic Flood (350mm/day deluge),2015-11-15T22:00,3.3,1005.0,21.4,46.8,0.427,0.418,0.377
chennai_adyar,Chennai,Tamil Nadu,East Coast (Bay of Bengal),13.0827,80.2707,6.0,2015 Historic Flood (350mm/day deluge),2015-11-15T23:00,3.1,1004.9,21.0,47.2,0.42,0.426,0.378
chennai_adyar,Chennai,Tamil Nadu,East Coast (Bay of Bengal),13.0827,80.2707,6.0,2015 Historic Flood (350mm/day deluge),2015-11-16T00:00,3.5,1005.0,19.2,46.8,0.422,0.423,0.382
chennai_adyar,Chennai,Tamil Nadu,East Coast (Bay of Bengal),13.0827,80.2707,6.0,2015 Historic Flood (350mm/day deluge),2015-11-16T01:00,4.2,1005.8,17.9,41.0,0.428,0.426,0.383
chennai_adyar,Chennai,Tamil Nadu,East Coast (Bay of Bengal),13.0827,80.2707,6.0,2015 Historic Flood (350mm/day deluge),2015-11-16T02:00,3.8,1006.3,18.7,33.8,0.421,0.425,0.387
chennai_adyar,Chennai,Tamil Nadu,East Coast (Bay of Bengal),13.0827,80.2707,6.0,2015 Historic Flood (350mm/day deluge),2015-11-16T03:00,3.7,1007.0,21.0,27.0,0.423,0.423,0.39
chennai_adyar,Chennai,Tamil Nadu,East Coast (Bay of Bengal),13.0827,80.2707,6.0,2015 Historic Flood (350mm/day deluge),2015-11-16T04:00,3.8,1007.1,21.3,23.0,0.431,0.428,0.39
chennai_adyar,Chennai,Tamil Nadu,East Coast (Bay of Bengal),13.0827,80.2707,6.0,2015 Historic Flood (350mm/day deluge),2015-11-16T05:00,3.4,1007.2,19.7,25.2,0.417,0.426,0.394
chennai_adyar,Chennai,Tamil Nadu,East Coast (Bay of Bengal),13.0827,80.2707,6.0,2015 Historic Flood (350mm/day deluge),2015-11-16T06:00,3.3,1006.2,21.4,29.2,0.419,0.423,0.397
chennai_adyar,Chennai,Tamil Nadu,East Coast (Bay of Bengal),13.0827,80.2707,6.0,2015 Historic Flood (350mm/day deluge),2015-11-16T07:00,9.7,1005.1,25.8,36.4,0.434,0.427,0.397
chennai_adyar,Chennai,Tamil Nadu,East Coast (Bay of Bengal),13.0827,80.2707,6.0,2015 Historic Flood (350mm/day deluge),2015-11-16T08:00,12.8,1003.9,29.9,42.5,0.426,0.434,0.4
chennai_adyar,Chennai,Tamil Nadu,East Coast (Bay of Bengal),13.0827,80.2707,6.0,2015 Historic Flood (350mm/day deluge),2015-11-16T09:00,16.4,1002.7,25.8,43.6,0.413,0.424,0.41
chennai_adyar,Chennai,Tamil Nadu,East Coast (Bay of Bengal),13.0827,80.2707,6.0,2015 Historic Flood (350mm/day deluge),2015-11-16T10:00,15.8,1002.5,13.3,41.0,0.434,0.42,0.411
chennai_adyar,Chennai,Tamil Nadu,East Coast (Bay of Bengal),13.0827,80.2707,6.0,2015 Historic Flood (350mm/day deluge),2015-11-16T11:00,11.1,1002.6,8.3,37.8,0.434,0.433,0.414
chennai_adyar,Chennai,Tamil Nadu,East Coast (Bay of Bengal),13.0827,80.2707,6.0,2015 Historic Flood (350mm/day deluge),2015-11-16T12:00,4.6,1003.2,7.1,34.2,0.417,0.427,0.42
chennai_adyar,Chennai,Tamil Nadu,East Coast (Bay of Bengal),13.0827,80.2707,6.0,2015 Historic Flood (350mm/day deluge),2015-11-16T13:00,2.7,1004.2,7.4,33.5,0.413,0.422,0.423
chennai_adyar,Chennai,Tamil Nadu,East Coast (Bay of Bengal),13.0827,80.2707,6.0,2015 Historic Flood (350mm/day deluge),2015-11-16T14:00,1.5,1005.0,8.3,34.2,0.427,0.417,0.422
chennai_adyar,Chennai,Tamil Nadu,East Coast (Bay of Bengal),13.0827,80.2707,6.0,2015 Historic Flood (350mm/day deluge),2015-11-16T15:00,0.6,1005.9,10.8,33.8,0.42,0.418,0.422
chennai_adyar,Chennai,Tamil Nadu,East Coast (Bay of Bengal),13.0827,80.2707,6.0,2015 Historic Flood (350mm/day deluge),2015-11-16T16:00,0.3,1006.4,12.8,29.5,0.399,0.418,0.423
chennai_adyar,Chennai,Tamil Nadu,East Coast (Bay of Bengal),13.0827,80.2707,6.0,2015 Historic Flood (350mm/day deluge),2015-11-16T17:00,0.1,1006.6,12.7,26.6,0.401,0.416,0.423
chennai_adyar,Chennai,Tamil Nadu,East Coast (Bay of Bengal),13.0827,80.2707,6.0,2015 Historic Flood (350mm/day deluge),2015-11-16T18:00,0.0,1006.2,11.4,21.2,0.401,0.415,0.422
chennai_adyar,Chennai,Tamil Nadu,East Coast (Bay of Bengal),13.0827,80.2707,6.0,2015 Historic Flood (350mm/day deluge),2015-11-16T19:00,0.0,1005.8,11.8,20.9,0.399,0.413,0.421
chennai_adyar,Chennai,Tamil Nadu,East Coast (Bay of Bengal),13.0827,80.2707,6.0,2015 Historic Flood (350mm/day deluge),2015-11-16T20:00,0.0,1005.2,12.4,20.9,0.398,0.411,0.42
chennai_adyar,Chennai,Tamil Nadu,East Coast (Bay of Bengal),13.0827,80.2707,6.0,2015 Historic Flood (350mm/day deluge),2015-11-16T21:00,0.0,1004.8,11.8,20.9,0.396,0.41,0.42
chennai_adyar,Chennai,Tamil Nadu,East Coast (Bay of Bengal),13.0827,80.2707,6.0,2015 Historic Flood (350mm/day deluge),2015-11-16T22:00,0.0,1004.5,13.0,19.8,0.395,0.408,0.419
chennai_adyar,Chennai,Tamil Nadu,East Coast (Bay of Bengal),13.0827,80.2707,6.0,2015 Historic Flood (350mm/day deluge),2015-11-16T23:00,0.0,1003.9,11.5,19.1,0.393,0.407,0.419
chennai_adyar,Chennai,Tamil Nadu,East Coast (Bay of Bengal),13.0827,80.2707,6.0,2015 Historic Flood (350mm/day deluge),2015-11-17T00:00,0.0,1004.7,12.3,19.4,0.392,0.406,0.418
chennai_adyar,Chennai,Tamil Nadu,East Coast (Bay of Bengal),13.0827,80.2707,6.0,2015 Historic Flood (350mm/day deluge),2015-11-17T01:00,0.0,1005.3,12.6,19.1,0.391,0.404,0.417
chennai_adyar,Chennai,Tamil Nadu,East Coast (Bay of Bengal),13.0827,80.2707,6.0,2015 Historic Flood (350mm/day deluge),2015-11-17T02:00,0.0,1006.0,12.9,19.1,0.39,0.403,0.417
chennai_adyar,Chennai,Tamil Nadu,East Coast (Bay of Bengal),13.0827,80.2707,6.0,2015 Historic Flood (350mm/day deluge),2015-11-17T03:00,0.0,1007.4,14.0,21.2,0.389,0.402,0.416
chennai_adyar,Chennai,Tamil Nadu,East Coast (Bay of Bengal),13.0827,80.2707,6.0,2015 Historic Flood (350mm/day deluge),2015-11-17T04:00,0.0,1007.7,14.4,20.9,0.388,0.401,0.416
chennai_adyar,Chennai,Tamil Nadu,East Coast (Bay of Bengal),13.0827,80.2707,6.0,2015 Historic Flood (350mm/day deluge),2015-11-17T05:00,0.0,1007.8,13.0,19.4,0.387,0.4,0.415
chennai_adyar,Chennai,Tamil Nadu,East Coast (Bay of Bengal),13.0827,80.2707,6.0,2015 Historic Flood (350mm/day deluge),2015-11-17T06:00,0.0,1007.3,11.5,18.4,0.386,0.398,0.415
chennai_adyar,Chennai,Tamil Nadu,East Coast (Bay of Bengal),13.0827,80.2707,6.0,2015 Historic Flood (350mm/day deluge),2015-11-17T07:00,0.0,1006.2,10.8,22.0,0.384,0.397,0.414
chennai_adyar,Chennai,Tamil Nadu,East Coast (Bay of Bengal),13.0827,80.2707,6.0,2015 Historic Flood (350mm/day deluge),2015-11-17T08:00,0.0,1005.3,11.1,21.6,0.382,0.396,0.414
chennai_adyar,Chennai,Tamil Nadu,East Coast (Bay of Bengal),13.0827,80.2707,6.0,2015 Historic Flood (350mm/day deluge),2015-11-17T09:00,0.0,1004.6,11.6,21.2,0.381,0.394,0.413
chennai_adyar,Chennai,Tamil Nadu,East Coast (Bay of Bengal),13.0827,80.2707,6.0,2015 Historic Flood (350mm/day deluge),2015-11-17T10:00,0.0,1004.3,11.2,21.6,0.38,0.393,0.413
chennai_adyar,Chennai,Tamil Nadu,East Coast (Bay of Bengal),13.0827,80.2707,6.0,2015 Historic Flood (350mm/day deluge),2015-11-17T11:00,0.0,1004.9,11.8,20.9,0.38,0.392,0.412
chennai_adyar,Chennai,Tamil Nadu,East Coast (Bay of Bengal),13.0827,80.2707,6.0,2015 Historic Flood (350mm/day deluge),2015-11-17T12:00,0.0,1005.4,11.8,19.8,0.38,0.392,0.412
chennai_adyar,Chennai,Tamil Nadu,East Coast (Bay of Bengal),13.0827,80.2707,6.0,2015 Historic Flood (350mm/day deluge),2015-11-17T13:00,0.0,1006.3,12.8,18.7,0.379,0.391,0.411
chennai_adyar,Chennai,Tamil Nadu,East Coast (Bay of Bengal),13.0827,80.2707,6.0,2015 Historic Flood (350mm/day deluge),2015-11-17T14:00,0.0,1007.0,13.0,17.6,0.379,0.39,0.411
chennai_adyar,Chennai,Tamil Nadu,East Coast (Bay of Bengal),13.0827,80.2707,6.0,2015 Historic Flood (350mm/day deluge),2015-11-17T15:00,0.0,1008.0,12.5,16.6,0.378,0.389,0.411
chennai_adyar,Chennai,Tamil Nadu,East Coast (Bay of Bengal),13.0827,80.2707,6.0,2015 Historic Flood (350mm/day deluge),2015-11-17T16:00,0.0,1008.3,12.8,15.5,0.377,0.389,0.41
chennai_adyar,Chennai,Tamil Nadu,East Coast (Bay of Bengal),13.0827,80.2707,6.0,2015 Historic Flood (350mm/day deluge),2015-11-17T17:00,0.0,1008.4,11.5,14.8,0.377,0.388,0.41
chennai_adyar,Chennai,Tamil Nadu,East Coast (Bay of Bengal),13.0827,80.2707,6.0,2015 Historic Flood (350mm/day deluge),2015-11-17T18:00,0.0,1007.8,10.5,13.7,0.376,0.387,0.409
chennai_adyar,Chennai,Tamil Nadu,East Coast (Bay of Bengal),13.0827,80.2707,6.0,2015 Historic Flood (350mm/day deluge),2015-11-17T19:00,0.0,1007.3,9.6,16.9,0.376,0.387,0.409
chennai_adyar,Chennai,Tamil Nadu,East Coast (Bay of Bengal),13.0827,80.2707,6.0,2015 Historic Flood (350mm/day deluge),2015-11-17T20:00,0.0,1007.0,8.9,15.5,0.375,0.386,0.409
chennai_adyar,Chennai,Tamil Nadu,East Coast (Bay of Bengal),13.0827,80.2707,6.0,2015 Historic Flood (350mm/day deluge),2015-11-17T21:00,0.0,1006.5,9.0,14.0,0.375,0.385,0.408
chennai_adyar,Chennai,Tamil Nadu,East Coast (Bay of Bengal),13.0827,80.2707,6.0,2015 Historic Flood (350mm/day deluge),2015-11-17T22:00,0.0,1006.0,9.8,13.7,0.374,0.385,0.408
chennai_adyar,Chennai,Tamil Nadu,East Coast (Bay of Bengal),13.0827,80.2707,6.0,2015 Historic Flood (350mm/day deluge),2015-11-17T23:00,0.0,1006.0,9.1,13.3,0.374,0.384,0.408
chennai_adyar,Chennai,Tamil Nadu,East Coast (Bay of Bengal),13.0827,80.2707,6.0,2015 Historic Flood (350mm/day deluge),2015-11-18T00:00,0.0,1006.6,7.2,12.6,0.373,0.384,0.407
chennai_adyar,Chennai,Tamil Nadu,East Coast (Bay of Bengal),13.0827,80.2707,6.0,2015 Historic Flood (350mm/day deluge),2015-11-18T01:00,0.0,1007.5,6.6,10.8,0.373,0.383,0.407
chennai_adyar,Chennai,Tamil Nadu,East Coast (Bay of Bengal),13.0827,80.2707,6.0,2015 Historic Flood (350mm/day deluge),2015-11-18T02:00,0.0,1008.0,7.4,11.9,0.372,0.383,0.407
chennai_adyar,Chennai,Tamil Nadu,East Coast (Bay of Bengal),13.0827,80.2707,6.0,2015 Historic Flood (350mm/day deluge),2015-11-18T03:00,0.0,1009.1,7.6,13.7,0.372,0.382,0.406
chennai_adyar,Chennai,Tamil Nadu,East Coast (Bay of Bengal),13.0827,80.2707,6.0,2015 Historic Flood (350mm/day deluge),2015-11-18T04:00,0.0,1009.6,5.2,15.1,0.37,0.381,0.406
chennai_adyar,Chennai,Tamil Nadu,East Coast (Bay of Bengal),13.0827,80.2707,6.0,2015 Historic Flood (350mm/day deluge),2015-11-18T05:00,0.0,1009.3,3.0,13.7,0.369,0.38,0.405
chennai_adyar,Chennai,Tamil Nadu,East Coast (Bay of Bengal),13.0827,80.2707,6.0,2015 Historic Flood (350mm/day deluge),2015-11-18T06:00,0.1,1008.5,3.6,14.4,0.368,0.379,0.405
chennai_adyar,Chennai,Tamil Nadu,East Coast (Bay of Bengal),13.0827,80.2707,6.0,2015 Historic Flood (350mm/day deluge),2015-11-18T07:00,0.0,1007.5,4.1,13.3,0.367,0.378,0.405
chennai_adyar,Chennai,Tamil Nadu,East Coast (Bay of Bengal),13.0827,80.2707,6.0,2015 Historic Flood (350mm/day deluge),2015-11-18T08:00,0.0,1006.3,4.1,14.4,0.366,0.377,0.404
chennai_adyar,Chennai,Tamil Nadu,East Coast (Bay of Bengal),13.0827,80.2707,6.0,2015 Historic Flood (350mm/day deluge),2015-11-18T09:00,0.0,1005.8,5.6,14.8,0.365,0.376,0.404
chennai_adyar,Chennai,Tamil Nadu,East Coast (Bay of Bengal),13.0827,80.2707,6.0,2015 Historic Flood (350mm/day deluge),2015-11-18T10:00,0.7,1005.4,5.1,15.8,0.382,0.376,0.403
chennai_adyar,Chennai,Tamil Nadu,East Coast (Bay of Bengal),13.0827,80.2707,6.0,2015 Historic Flood (350mm/day deluge),2015-11-18T11:00,6.2,1006.2,6.0,17.6,0.434,0.378,0.403
chennai_adyar,Chennai,Tamil Nadu,East Coast (Bay of Bengal),13.0827,80.2707,6.0,2015 Historic Flood (350mm/day deluge),2015-11-18T12:00,1.2,1006.8,6.3,16.6,0.391,0.399,0.403
chennai_adyar,Chennai,Tamil Nadu,East Coast (Bay of Bengal),13.0827,80.2707,6.0,2015 Historic Flood (350mm/day deluge),2015-11-18T13:00,0.9,1008.3,5.9,11.2,0.397,0.399,0.403
chennai_adyar,Chennai,Tamil Nadu,East Coast (Bay of Bengal),13.0827,80.2707,6.0,2015 Historic Flood (350mm/day deluge),2015-11-18T14:00,0.3,1009.0,4.9,10.1,0.397,0.399,0.403
chennai_adyar,Chennai,Tamil Nadu,East Coast (Bay of Bengal),13.0827,80.2707,6.0,2015 Historic Flood (350mm/day deluge),2015-11-18T15:00,0.2,1009.3,2.5,7.9,0.397,0.399,0.402
chennai_adyar,Chennai,Tamil Nadu,East Coast (Bay of Bengal),13.0827,80.2707,6.0,2015 Historic Flood (350mm/day deluge),2015-11-18T16:00,0.0,1009.6,3.8,10.4,0.396,0.398,0.402
chennai_adyar,Chennai,Tamil Nadu,East Coast (Bay of Bengal),13.0827,80.2707,6.0,2015 Historic Flood (350mm/day deluge),2015-11-18T17:00,0.2,1009.5,3.4,11.9,0.396,0.398,0.402
chennai_adyar,Chennai,Tamil Nadu,East Coast (Bay of Bengal),13.0827,80.2707,6.0,2015 Historic Flood (350mm/day deluge),2015-11-18T18:00,0.6,1009.3,4.1,16.6,0.402,0.398,0.402
chennai_adyar,Chennai,Tamil Nadu,East Coast (Bay of Bengal),13.0827,80.2707,6.0,2015 Historic Flood (350mm/day deluge),2015-11-18T19:00,0.7,1009.1,4.1,14.0,0.403,0.398,0.402
chennai_adyar,Chennai,Tamil Nadu,East Coast (Bay of Bengal),13.0827,80.2707,6.0,2015 Historic Flood (350mm/day deluge),2015-11-18T20:00,0.7,1008.5,4.8,16.9,0.404,0.399,0.401
chennai_adyar,Chennai,Tamil Nadu,East Coast (Bay of Bengal),13.0827,80.2707,6.0,2015 Historic Flood (350mm/day deluge),2015-11-18T21:00,0.7,1007.9,4.9,18.4,0.405,0.399,0.401
chennai_adyar,Chennai,Tamil Nadu,East Coast (Bay of Bengal),13.0827,80.2707,6.0,2015 Historic Flood (350mm/day deluge),2015-11-18T22:00,0.7,1007.5,0.8,14.8,0.405,0.4,0.401
chennai_adyar,Chennai,Tamil Nadu,East Coast (Bay of Bengal),13.0827,80.2707,6.0,2015 Historic Flood (350mm/day deluge),2015-11-18T23:00,1.9,1007.7,2.2,18.4,0.413,0.401,0.401
chennai_adyar,Chennai,Tamil Nadu,East Coast (Bay of Bengal),13.0827,80.2707,6.0,2015 Historic Flood (350mm/day deluge),2015-11-19T00:00,1.5,1008.0,2.9,18.0,0.419,0.403,0.401
chennai_adyar,Chennai,Tamil Nadu,East Coast (Bay of Bengal),13.0827,80.2707,6.0,2015 Historic Flood (350mm/day deluge),2015-11-19T01:00,0.2,1008.8,2.5,12.2,0.41,0.405,0.401
chennai_adyar,Chennai,Tamil Nadu,East Coast (Bay of Bengal),13.0827,80.2707,6.0,2015 Historic Flood (350mm/day deluge),2015-11-19T02:00,0.0,1009.6,2.4,14.8,0.407,0.406,0.401
chennai_adyar,Chennai,Tamil Nadu,East Coast (Bay of Bengal),13.0827,80.2707,6.0,2015 Historic Flood (350mm/day deluge),2015-11-19T03:00,0.2,1010.2,1.1,15.5,0.405,0.406,0.401
chennai_adyar,Chennai,Tamil Nadu,East Coast (Bay of Bengal),13.0827,80.2707,6.0,2015 Historic Flood (350mm/day deluge),2015-11-19T04:00,0.4,1010.7,1.5,15.8,0.404,0.405,0.401
chennai_adyar,Chennai,Tamil Nadu,East Coast (Bay of Bengal),13.0827,80.2707,6.0,2015 Historic Flood (350mm/day deluge),2015-11-19T05:00,0.7,1010.7,4.7,18.0,0.404,0.405,0.401
chennai_adyar,Chennai,Tamil Nadu,East Coast (Bay of Bengal),13.0827,80.2707,6.0,2015 Historic Flood (350mm/day deluge),2015-11-19T06:00,1.2,1010.0,9.4,22.0,0.405,0.405,0.4
chennai_adyar,Chennai,Tamil Nadu,East Coast (Bay of Bengal),13.0827,80.2707,6.0,2015 Historic Flood (350mm/day deluge),2015-11-19T07:00,4.3,1009.3,10.4,22.3,0.428,0.407,0.4
chennai_adyar,Chennai,Tamil Nadu,East Coast (Bay of Bengal),13.0827,80.2707,6.0,2015 Historic Flood (350mm/day deluge),2015-11-19T08:00,2.5,1008.1,12.9,23.4,0.407,0.418,0.4
chennai_adyar,Chennai,Tamil Nadu,East Coast (Bay of Bengal),13.0827,80.2707,6.0,2015 Historic Flood (350mm/day deluge),2015-11-19T09:00,3.3,1007.6,14.1,24.1,0.426,0.419,0.401
chennai_adyar,Chennai,Tamil Nadu,East Coast (Bay of Bengal),13.0827,80.2707,6.0,2015 Historic Flood (350mm/day deluge),2015-11-19T10:00,2.0,1007.6,6.2,24.1,0.419,0.422,0.402
chennai_adyar,Chennai,Tamil Nadu,East Coast (Bay of Bengal),13.0827,80.2707,6.0,2015 Historic Flood (350mm/day deluge),2015-11-19T11:00,1.7,1008.1,6.5,20.9,0.409,0.421,0.405
chennai_adyar,Chennai,Tamil Nadu,East Coast (Bay of Bengal),13.0827,80.2707,6.0,2015 Historic Flood (350mm/day deluge),2015-11-19T12:00,1.6,1009.0,6.6,18.0,0.409,0.417,0.407
chennai_adyar,Chennai,Tamil Nadu,East Coast (Bay of Bengal),13.0827,80.2707,6.0,2015 Historic Flood (350mm/day deluge),2015-11-19T13:00,1.5,1009.6,8.7,16.6,0.42,0.418,0.407
chennai_adyar,Chennai,Tamil Nadu,East Coast (Bay of Bengal),13.0827,80.2707,6.0,2015 Historic Flood (350mm/day deluge),2015-11-19T14:00,1.1,1010.3,9.3,14.4,0.415,0.421,0.407
chennai_adyar,Chennai,Tamil Nadu,East Coast (Bay of Bengal),13.0827,80.2707,6.0,2015 Historic Flood (350mm/day deluge),2015-11-19T15:00,0.5,1010.9,9.1,12.6,0.404,0.417,0.41
chennai_adyar,Chennai,Tamil Nadu,East Coast (Bay of Bengal),13.0827,80.2707,6.0,2015 Historic Flood (350mm/day deluge),2015-11-19T16:00,0.5,1011.0,7.2,13.0,0.406,0.416,0.41
chennai_adyar,Chennai,Tamil Nadu,East Coast (Bay of Bengal),13.0827,80.2707,6.0,2015 Historic Flood (350mm/day deluge),2015-11-19T17:00,1.3,1011.0,5.2,12.6,0.415,0.416,0.41
chennai_adyar,Chennai,Tamil Nadu,East Coast (Bay of Bengal),13.0827,80.2707,6.0,2015 Historic Flood (350mm/day deluge),2015-11-19T18:00,1.6,1010.6,5.6,12.6,0.413,0.419,0.41
chennai_adyar,Chennai,Tamil Nadu,East Coast (Bay of Bengal),13.0827,80.2707,6.0,2015 Historic Flood (350mm/day deluge),2015-11-19T19:00,1.3,1010.3,8.0,16.2,0.41,0.416,0.412
chennai_adyar,Chennai,Tamil Nadu,East Coast (Bay of Bengal),13.0827,80.2707,6.0,2015 Historic Flood (350mm/day deluge),2015-11-19T20:00,1.2,1009.3,8.7,15.8,0.415,0.417,0.412
chennai_adyar,Chennai,Tamil Nadu,East Coast (Bay of Bengal),13.0827,80.2707,6.0,2015 Historic Flood (350mm/day deluge),2015-11-19T21:00,1.1,1008.5,8.7,15.5,0.419,0.417,0.412
chennai_adyar,Chennai,Tamil Nadu,East Coast (Bay of Bengal),13.0827,80.2707,6.0,2015 Historic Flood (350mm/day deluge),2015-11-19T22:00,0.7,1008.4,8.0,15.8,0.42,0.418,0.412
chennai_adyar,Chennai,Tamil Nadu,East Coast (Bay of Bengal),13.0827,80.2707,6.0,2015 Historic Flood (350mm/day deluge),2015-11-19T23:00,0.4,1008.2,5.8,14.8,0.419,0.418,0.412
chennai_adyar,Chennai,Tamil Nadu,East Coast (Bay of Bengal),13.0827,80.2707,6.0,2015 Historic Flood (350mm/day deluge),2015-11-20T00:00,0.5,1008.8,5.2,11.9,0.42,0.419,0.412
chennai_adyar,Chennai,Tamil Nadu,East Coast (Bay of Bengal),13.0827,80.2707,6.0,2015 Historic Flood (350mm/day deluge),2015-11-20T01:00,1.1,1009.6,4.1,13.3,0.422,0.419,0.412
chennai_adyar,Chennai,Tamil Nadu,East Coast (Bay of Bengal),13.0827,80.2707,6.0,2015 Historic Flood (350mm/day deluge),2015-11-20T02:00,0.7,1010.3,5.5,15.5,0.412,0.422,0.412
chennai_adyar,Chennai,Tamil Nadu,East Coast (Bay of Bengal),13.0827,80.2707,6.0,2015 Historic Flood (350mm/day deluge),2015-11-20T03:00,0.3,1011.1,7.2,15.5,0.401,0.417,0.414
chennai_adyar,Chennai,Tamil Nadu,East Coast (Bay of Bengal),13.0827,80.2707,6.0,2015 Historic Flood (350mm/day deluge),2015-11-20T04:00,0.3,1011.5,10.3,18.0,0.401,0.415,0.414
chennai_adyar,Chennai,Tamil Nadu,East Coast (Bay of Bengal),13.0827,80.2707,6.0,2015 Historic Flood (350mm/day deluge),2015-11-20T05:00,0.4,1011.6,12.0,21.2,0.399,0.414,0.413
chennai_adyar,Chennai,Tamil Nadu,East Coast (Bay of Bengal),13.0827,80.2707,6.0,2015 Historic Flood (350mm/day deluge),2015-11-20T06:00,0.3,1010.5,11.2,24.8,0.397,0.412,0.413
chennai_adyar,Chennai,Tamil Nadu,East Coast (Bay of Bengal),13.0827,80.2707,6.0,2015 Historic Flood (350mm/day deluge),2015-11-20T07:00,0.2,1009.9,10.8,24.5,0.396,0.411,0.413
chennai_adyar,Chennai,Tamil Nadu,East Coast (Bay of Bengal),13.0827,80.2707,6.0,2015 Historic Flood (350mm/day deluge),2015-11-20T08:00,0.1,1008.7,12.6,25.9,0.394,0.409,0.412
chennai_adyar,Chennai,Tamil Nadu,East Coast (Bay of Bengal),13.0827,80.2707,6.0,2015 Historic Flood (350mm/day deluge),2015-11-20T09:00,0.0,1007.9,13.8,27.4,0.392,0.408,0.412
chennai_adyar,Chennai,Tamil Nadu,East Coast (Bay of Bengal),13.0827,80.2707,6.0,2015 Historic Flood (350mm/day deluge),2015-11-20T10:00,0.7,1007.1,13.6,27.7,0.402,0.407,0.412
chennai_adyar,Chennai,Tamil Nadu,East Coast (Bay of Bengal),13.0827,80.2707,6.0,2015 Historic Flood (350mm/day deluge),2015-11-20T11:00,0.2,1007.7,13.6,27.0,0.402,0.407,0.411
chennai_adyar,Chennai,Tamil Nadu,East Coast (Bay of Bengal),13.0827,80.2707,6.0,2015 Historic Flood (350mm/day deluge),2015-11-20T12:00,0.2,1008.5,12.7,27.4,0.4,0.406,0.411
chennai_adyar,Chennai,Tamil Nadu,East Coast (Bay of Bengal),13.0827,80.2707,6.0,2015 Historic Flood (350mm/day deluge),2015-11-20T13:00,0.1,1009.4,10.2,23.4,0.399,0.406,0.411
chennai_adyar,Chennai,Tamil Nadu,East Coast (Bay of Bengal),13.0827,80.2707,6.0,2015 Historic Flood (350mm/day deluge),2015-11-20T14:00,0.2,1010.4,8.2,20.2,0.398,0.405,0.411
chennai_adyar,Chennai,Tamil Nadu,East Coast (Bay of Bengal),13.0827,80.2707,6.0,2015 Historic Flood (350mm/day deluge),2015-11-20T15:00,0.3,1011.3,8.4,16.9,0.4,0.404,0.41
chennai_adyar,Chennai,Tamil Nadu,East Coast (Bay of Bengal),13.0827,80.2707,6.0,2015 Historic Flood (350mm/day deluge),2015-11-20T16:00,1.4,1011.7,9.4,18.7,0.419,0.405,0.41
chennai_adyar,Chennai,Tamil Nadu,East Coast (Bay of Bengal),13.0827,80.2707,6.0,2015 Historic Flood (350mm/day deluge),2015-11-20T17:00,1.4,1011.5,8.9,18.7,0.422,0.408,0.41
chennai_adyar,Chennai,Tamil Nadu,East Coast (Bay of Bengal),13.0827,80.2707,6.0,2015 Historic Flood (350mm/day deluge),2015-11-20T18:00,0.5,1010.9,7.6,18.0,0.413,0.411,0.41
chennai_adyar,Chennai,Tamil Nadu,East Coast (Bay of Bengal),13.0827,80.2707,6.0,2015 Historic Flood (350mm/day deluge),2015-11-20T19:00,0.3,1010.3,7.9,13.7,0.413,0.411,0.41
chennai_adyar,Chennai,Tamil Nadu,East Coast (Bay of Bengal),13.0827,80.2707,6.0,2015 Historic Flood (350mm/day deluge),2015-11-20T20:00,0.5,1009.6,8.9,17.3,0.417,0.411,0.409
chennai_adyar,Chennai,Tamil Nadu,East Coast (Bay of Bengal),13.0827,80.2707,6.0,2015 Historic Flood (350mm/day deluge),2015-11-20T21:00,0.6,1009.2,9.3,18.7,0.416,0.412,0.409
chennai_adyar,Chennai,Tamil Nadu,East Coast (Bay of Bengal),13.0827,80.2707,6.0,2015 Historic Flood (350mm/day deluge),2015-11-20T22:00,0.2,1008.7,9.4,18.7,0.412,0.412,0.409
chennai_adyar,Chennai,Tamil Nadu,East Coast (Bay of Bengal),13.0827,80.2707,6.0,2015 Historic Flood (350mm/day deluge),2015-11-20T23:00,0.2,1008.7,10.1,17.6,0.411,0.412,0.409
chennai_adyar,Chennai,Tamil Nadu,East Coast (Bay of Bengal),13.0827,80.2707,6.0,2015 Historic Flood (350mm/day deluge),2015-11-21T00:00,0.1,1009.0,11.0,16.9,0.408,0.412,0.409
chennai_adyar,Chennai,Tamil Nadu,East Coast (Bay of Bengal),13.0827,80.2707,6.0,2015 Historic Flood (350mm/day deluge),2015-11-21T01:00,0.0,1010.0,10.7,16.2,0.405,0.411,0.409
chennai_adyar,Chennai,Tamil Nadu,East Coast (Bay of Bengal),13.0827,80.2707,6.0,2015 Historic Flood (350mm/day deluge),2015-11-21T02:00,0.0,1010.8,12.6,18.4,0.403,0.411,0.409
chennai_adyar,Chennai,Tamil Nadu,East Coast (Bay of Bengal),13.0827,80.2707,6.0,2015 Historic Flood (350mm/day deluge),2015-11-21T03:00,0.2,1011.7,13.8,25.6,0.403,0.41,0.409
chennai_adyar,Chennai,Tamil Nadu,East Coast (Bay of Bengal),13.0827,80.2707,6.0,2015 Historic Flood (350mm/day deluge),2015-11-21T04:00,0.2,1011.8,14.4,28.1,0.401,0.41,0.408
chennai_adyar,Chennai,Tamil Nadu,East Coast (Bay of Bengal),13.0827,80.2707,6.0,2015 Historic Flood (350mm/day deluge),2015-11-21T05:00,0.0,1011.2,16.3,28.1,0.398,0.409,0.408
chennai_adyar,Chennai,Tamil Nadu,East Coast (Bay of Bengal),13.0827,80.2707,6.0,2015 Historic Flood (350mm/day deluge),2015-11-21T06:00,0.3,1010.4,16.8,31.3,0.4,0.408,0.408
chennai_adyar,Chennai,Tamil Nadu,East Coast (Bay of Bengal),13.0827,80.2707,6.0,2015 Historic Flood (350mm/day deluge),2015-11-21T07:00,0.0,1009.3,16.8,33.8,0.397,0.407,0.408
chennai_adyar,Chennai,Tamil Nadu,East Coast (Bay of Bengal),13.0827,80.2707,6.0,2015 Historic Flood (350mm/day deluge),2015-11-21T08:00,0.2,1008.3,16.1,33.8,0.395,0.406,0.407
chennai_adyar,Chennai,Tamil Nadu,East Coast (Bay of Bengal),13.0827,80.2707,6.0,2015 Historic Flood (350mm/day deluge),2015-11-21T09:00,0.2,1007.9,16.9,33.8,0.393,0.404,0.407
chennai_adyar,Chennai,Tamil Nadu,East Coast (Bay of Bengal),13.0827,80.2707,6.0,2015 Historic Flood (350mm/day deluge),2015-11-21T10:00,1.0,1007.0,16.6,34.9,0.397,0.404,0.407
chennai_adyar,Chennai,Tamil Nadu,East Coast (Bay of Bengal),13.0827,80.2707,6.0,2015 Historic Flood (350mm/day deluge),2015-11-21T11:00,0.3,1007.2,15.8,32.8,0.397,0.403,0.406
chennai_adyar,Chennai,Tamil Nadu,East Coast (Bay of Bengal),13.0827,80.2707,6.0,2015 Historic Flood (350mm/day deluge),2015-11-21T12:00,0.1,1007.9,16.3,27.4,0.397,0.403,0.406
chennai_adyar,Chennai,Tamil Nadu,East Coast (Bay of Bengal),13.0827,80.2707,6.0,2015 Historic Flood (350mm/day deluge),2015-11-21T13:00,0.0,1009.2,14.2,25.6,0.396,0.403,0.406
chennai_adyar,Chennai,Tamil Nadu,East Coast (Bay of Bengal),13.0827,80.2707,6.0,2015 Historic Flood (350mm/day deluge),2015-11-21T14:00,0.0,1009.9,15.1,26.3,0.394,0.402,0.406
chennai_adyar,Chennai,Tamil Nadu,East Coast (Bay of Bengal),13.0827,80.2707,6.0,2015 Historic Flood (350mm/day deluge),2015-11-21T15:00,0.2,1010.6,15.5,25.9,0.394,0.402,0.406
chennai_adyar,Chennai,Tamil Nadu,East Coast (Bay of Bengal),13.0827,80.2707,6.0,2015 Historic Flood (350mm/day deluge),2015-11-21T16:00,0.4,1011.0,14.4,27.4,0.396,0.402,0.405
chennai_adyar,Chennai,Tamil Nadu,East Coast (Bay of Bengal),13.0827,80.2707,6.0,2015 Historic Flood (350mm/day deluge),2015-11-21T17:00,0.6,1010.7,13.8,25.6,0.399,0.401,0.405
chennai_adyar,Chennai,Tamil Nadu,East Coast (Bay of Bengal),13.0827,80.2707,6.0,2015 Historic Flood (350mm/day deluge),2015-11-21T18:00,1.1,1010.2,14.8,26.6,0.409,0.402,0.405
chennai_adyar,Chennai,Tamil Nadu,East Coast (Bay of Bengal),13.0827,80.2707,6.0,2015 Historic Flood (350mm/day deluge),2015-11-21T19:00,0.3,1009.6,13.0,27.4,0.408,0.402,0.405
chennai_adyar,Chennai,Tamil Nadu,East Coast (Bay of Bengal),13.0827,80.2707,6.0,2015 Historic Flood (350mm/day deluge),2015-11-21T20:00,0.9,1009.1,11.5,24.5,0.412,0.403,0.405
chennai_adyar,Chennai,Tamil Nadu,East Coast (Bay of Bengal),13.0827,80.2707,6.0,2015 Historic Flood (350mm/day deluge),2015-11-21T21:00,1.2,1008.8,12.3,22.3,0.416,0.404,0.404
chennai_adyar,Chennai,Tamil Nadu,East Coast (Bay of Bengal),13.0827,80.2707,6.0,2015 Historic Flood (350mm/day deluge),2015-11-21T22:00,1.0,1008.8,16.8,22.0,0.416,0.407,0.404
chennai_adyar,Chennai,Tamil Nadu,East Coast (Bay of Bengal),13.0827,80.2707,6.0,2015 Historic Flood (350mm/day deluge),2015-11-21T23:00,0.6,1008.5,16.6,22.0,0.414,0.408,0.404
chennai_adyar,Chennai,Tamil Nadu,East Coast (Bay of Bengal),13.0827,80.2707,6.0,2015 Historic Flood (350mm/day deluge),2015-11-22T00:00,0.7,1008.3,15.3,22.3,0.414,0.409,0.404
chennai_adyar,Chennai,Tamil Nadu,East Coast (Bay of Bengal),13.0827,80.2707,6.0,2015 Historic Flood (350mm/day deluge),2015-11-22T01:00,0.8,1009.5,14.3,21.6,0.415,0.41,0.404
chennai_adyar,Chennai,Tamil Nadu,East Coast (Bay of Bengal),13.0827,80.2707,6.0,2015 Historic Flood (350mm/day deluge),2015-11-22T02:00,0.9,1010.0,14.2,21.6,0.414,0.41,0.404
chennai_adyar,Chennai,Tamil Nadu,East Coast (Bay of Bengal),13.0827,80.2707,6.0,2015 Historic Flood (350mm/day deluge),2015-11-22T03:00,0.8,1011.2,13.7,23.0,0.412,0.411,0.404
chennai_adyar,Chennai,Tamil Nadu,East Coast (Bay of Bengal),13.0827,80.2707,6.0,2015 Historic Flood (350mm/day deluge),2015-11-22T04:00,0.8,1011.5,14.0,24.5,0.412,0.411,0.404
chennai_adyar,Chennai,Tamil Nadu,East Coast (Bay of Bengal),13.0827,80.2707,6.0,2015 Historic Flood (350mm/day deluge),2015-11-22T05:00,1.0,1011.5,16.6,25.2,0.416,0.411,0.404
chennai_adyar,Chennai,Tamil Nadu,East Coast (Bay of Bengal),13.0827,80.2707,6.0,2015 Historic Flood (350mm/day deluge),2015-11-22T06:00,1.0,1010.7,17.8,28.1,0.421,0.413,0.404
chennai_adyar,Chennai,Tamil Nadu,East Coast (Bay of Bengal),13.0827,80.2707,6.0,2015 Historic Flood (350mm/day deluge),2015-11-22T07:00,0.8,1009.9,16.8,31.7,0.418,0.415,0.405
chennai_adyar,Chennai,Tamil Nadu,East Coast (Bay of Bengal),13.0827,80.2707,6.0,2015 Historic Flood (350mm/day deluge),2015-11-22T08:00,0.4,1009.0,16.2,30.2,0.413,0.415,0.405
chennai_adyar,Chennai,Tamil Nadu,East Coast (Bay of Bengal),13.0827,80.2707,6.0,2015 Historic Flood (350mm/day deluge),2015-11-22T09:00,0.4,1007.8,16.8,29.2,0.414,0.414,0.405
chennai_adyar,Chennai,Tamil Nadu,East Coast (Bay of Bengal),13.0827,80.2707,6.0,2015 Historic Flood (350mm/day deluge),2015-11-22T10:00,1.5,1007.6,15.8,29.5,0.424,0.415,0.405
chennai_adyar,Chennai,Tamil Nadu,East Coast (Bay of Bengal),13.0827,80.2707,6.0,2015 Historic Flood (350mm/day deluge),2015-11-22T11:00,0.8,1007.6,15.5,28.8,0.401,0.421,0.405
chennai_adyar,Chennai,Tamil Nadu,East Coast (Bay of Bengal),13.0827,80.2707,6.0,2015 Historic Flood (350mm/day deluge),2015-11-22T12:00,0.0,1008.3,11.9,24.1,0.381,0.41,0.41
chennai_adyar,Chennai,Tamil Nadu,East Coast (Bay of Bengal),13.0827,80.2707,6.0,2015 Historic Flood (350mm/day deluge),2015-11-22T13:00,0.3,1009.4,11.0,20.2,0.383,0.409,0.41
chennai_adyar,Chennai,Tamil Nadu,East Coast (Bay of Bengal),13.0827,80.2707,6.0,2015 Historic Flood (350mm/day deluge),2015-11-22T14:00,0.9,1010.4,12.2,21.6,0.388,0.408,0.409
chennai_adyar,Chennai,Tamil Nadu,East Coast (Bay of Bengal),13.0827,80.2707,6.0,2015 Historic Flood (350mm/day deluge),2015-11-22T15:00,0.7,1011.4,11.4,20.2,0.392,0.407,0.409
chennai_adyar,Chennai,Tamil Nadu,East Coast (Bay of Bengal),13.0827,80.2707,6.0,2015 Historic Flood (350mm/day deluge),2015-11-22T16:00,1.0,1011.5,10.1,20.5,0.403,0.407,0.409
chennai_adyar,Chennai,Tamil Nadu,East Coast (Bay of Bengal),13.0827,80.2707,6.0,2015 Historic Flood (350mm/day deluge),2015-11-22T17:00,1.1,1011.9,7.2,19.4,0.409,0.407,0.409
chennai_adyar,Chennai,Tamil Nadu,East Coast (Bay of Bengal),13.0827,80.2707,6.0,2015 Historic Flood (350mm/day deluge),2015-11-22T18:00,1.3,1011.5,7.2,19.8,0.413,0.407,0.409
chennai_adyar,Chennai,Tamil Nadu,East Coast (Bay of Bengal),13.0827,80.2707,6.0,2015 Historic Flood (350mm/day deluge),2015-11-22T19:00,1.4,1011.1,9.1,20.2,0.419,0.409,0.408
chennai_adyar,Chennai,Tamil Nadu,East Coast (Bay of Bengal),13.0827,80.2707,6.0,2015 Historic Flood (350mm/day deluge),2015-11-22T20:00,1.0,1010.5,10.0,21.6,0.42,0.412,0.408
chennai_adyar,Chennai,Tamil Nadu,East Coast (Bay of Bengal),13.0827,80.2707,6.0,2015 Historic Flood (350mm/day deluge),2015-11-22T21:00,0.5,1009.7,10.9,20.2,0.419,0.414,0.408
chennai_adyar,Chennai,Tamil Nadu,East Coast (Bay of Bengal),13.0827,80.2707,6.0,2015 Historic Flood (350mm/day deluge),2015-11-22T22:00,0.4,1009.5,9.3,20.9,0.416,0.414,0.408
chennai_adyar,Chennai,Tamil Nadu,East Coast (Bay of Bengal),13.0827,80.2707,6.0,2015 Historic Flood (350mm/day deluge),2015-11-22T23:00,0.5,1009.7,9.0,19.1,0.414,0.414,0.408
chennai_adyar,Chennai,Tamil Nadu,East Coast (Bay of Bengal),13.0827,80.2707,6.0,2015 Historic Flood (350mm/day deluge),2015-11-23T00:00,0.6,1009.8,9.8,17.6,0.413,0.414,0.408
chennai_adyar,Chennai,Tamil Nadu,East Coast (Bay of Bengal),13.0827,80.2707,6.0,2015 Historic Flood (350mm/day deluge),2015-11-23T01:00,0.7,1010.6,10.8,17.3,0.412,0.414,0.408
chennai_adyar,Chennai,Tamil Nadu,East Coast (Bay of Bengal),13.0827,80.2707,6.0,2015 Historic Flood (350mm/day deluge),2015-11-23T02:00,0.5,1011.3,12.5,18.7,0.411,0.414,0.408
chennai_adyar,Chennai,Tamil Nadu,East Coast (Bay of Bengal),13.0827,80.2707,6.0,2015 Historic Flood (350mm/day deluge),2015-11-23T03:00,0.3,1012.3,14.6,20.9,0.409,0.413,0.408
chennai_adyar,Chennai,Tamil Nadu,East Coast (Bay of Bengal),13.0827,80.2707,6.0,2015 Historic Flood (350mm/day deluge),2015-11-23T04:00,0.0,1012.4,13.5,24.5,0.406,0.413,0.408
chennai_adyar,Chennai,Tamil Nadu,East Coast (Bay of Bengal),13.0827,80.2707,6.0,2015 Historic Flood (350mm/day deluge),2015-11-23T05:00,0.0,1012.2,14.0,28.1,0.402,0.412,0.408
chennai_adyar,Chennai,Tamil Nadu,East Coast (Bay of Bengal),13.0827,80.2707,6.0,2015 Historic Flood (350mm/day deluge),2015-11-23T06:00,0.0,1011.7,14.7,30.2,0.399,0.41,0.408
chennai_adyar,Chennai,Tamil Nadu,East Coast (Bay of Bengal),13.0827,80.2707,6.0,2015 Historic Flood (350mm/day deluge),2015-11-23T07:00,1.7,1010.6,14.5,30.2,0.419,0.41,0.407
chennai_adyar,Chennai,Tamil Nadu,East Coast (Bay of Bengal),13.0827,80.2707,6.0,2015 Historic Flood (350mm/day deluge),2015-11-23T08:00,0.2,1009.7,11.9,29.5,0.412,0.412,0.407
chennai_adyar,Chennai,Tamil Nadu,East Coast (Bay of Bengal),13.0827,80.2707,6.0,2015 Historic Flood (350mm/day deluge),2015-11-23T09:00,1.6,1008.9,13.4,27.4,0.425,0.413,0.407
chennai_adyar,Chennai,Tamil Nadu,East Coast (Bay of Bengal),13.0827,80.2707,6.0,2015 Historic Flood (350mm/day deluge),2015-11-23T10:00,0.8,1008.9,11.9,27.4,0.399,0.42,0.407
chennai_adyar,Chennai,Tamil Nadu,East Coast (Bay of Bengal),13.0827,80.2707,6.0,2015 Historic Flood (350mm/day deluge),2015-11-23T11:00,0.4,1008.5,12.9,23.8,0.391,0.414,0.409
chennai_adyar,Chennai,Tamil Nadu,East Coast (Bay of Bengal),13.0827,80.2707,6.0,2015 Historic Flood (350mm/day deluge),2015-11-23T12:00,0.8,1009.4,11.1,22.3,0.398,0.413,0.409
chennai_adyar,Chennai,Tamil Nadu,East Coast (Bay of Bengal),13.0827,80.2707,6.0,2015 Historic Flood (350mm/day deluge),2015-11-23T13:00,1.1,1010.3,10.0,20.2,0.402,0.412,0.409
chennai_adyar,Chennai,Tamil Nadu,East Coast (Bay of Bengal),13.0827,80.2707,6.0,2015 Historic Flood (350mm/day deluge),2015-11-23T14:00,0.6,1011.2,9.9,16.2,0.402,0.411,0.409
chennai_adyar,Chennai,Tamil Nadu,East Coast (Bay of Bengal),13.0827,80.2707,6.0,2015 Historic Flood (350mm/day deluge),2015-11-23T15:00,0.6,1012.3,9.9,14.4,0.405,0.41,0.409
chennai_adyar,Chennai,Tamil Nadu,East Coast (Bay of Bengal),13.0827,80.2707,6.0,2015 Historic Flood (350mm/day deluge),2015-11-23T16:00,0.7,1012.9,9.1,16.2,0.414,0.41,0.409
chennai_adyar,Chennai,Tamil Nadu,East Coast (Bay of Bengal),13.0827,80.2707,6.0,2015 Historic Flood (350mm/day deluge),2015-11-23T17:00,0.2,1012.8,8.2,17.3,0.412,0.41,0.409
chennai_adyar,Chennai,Tamil Nadu,East Coast (Bay of Bengal),13.0827,80.2707,6.0,2015 Historic Flood (350mm/day deluge),2015-11-23T18:00,0.0,1012.5,7.1,14.8,0.409,0.41,0.409
chennai_adyar,Chennai,Tamil Nadu,East Coast (Bay of Bengal),13.0827,80.2707,6.0,2015 Historic Flood (350mm/day deluge),2015-11-23T19:00,0.6,1011.9,6.9,17.6,0.411,0.41,0.409
chennai_adyar,Chennai,Tamil Nadu,East Coast (Bay of Bengal),13.0827,80.2707,6.0,2015 Historic Flood (350mm/day deluge),2015-11-23T20:00,0.1,1011.3,5.4,15.1,0.408,0.41,0.408
chennai_adyar,Chennai,Tamil Nadu,East Coast (Bay of Bengal),13.0827,80.2707,6.0,2015 Historic Flood (350mm/day deluge),2015-11-23T21:00,0.2,1010.6,5.9,13.3,0.406,0.409,0.408
chennai_adyar,Chennai,Tamil Nadu,East Coast (Bay of Bengal),13.0827,80.2707,6.0,2015 Historic Flood (350mm/day deluge),2015-11-23T22:00,0.0,1009.8,2.5,11.2,0.404,0.409,0.408
chennai_adyar,Chennai,Tamil Nadu,East Coast (Bay of Bengal),13.0827,80.2707,6.0,2015 Historic Flood (350mm/day deluge),2015-11-23T23:00,0.0,1010.2,4.1,11.2,0.402,0.408,0.408
chennai_adyar,Chennai,Tamil Nadu,East Coast (Bay of Bengal),13.0827,80.2707,6.0,2015 Historic Flood (350mm/day deluge),2015-11-24T00:00,0.1,1010.9,4.2,10.1,0.401,0.408,0.408
chennai_adyar,Chennai,Tamil Nadu,East Coast (Bay of Bengal),13.0827,80.2707,6.0,2015 Historic Flood (350mm/day deluge),2015-11-24T01:00,0.0,1011.5,4.8,11.5,0.4,0.407,0.408
chennai_adyar,Chennai,Tamil Nadu,East Coast (Bay of Bengal),13.0827,80.2707,6.0,2015 Historic Flood (350mm/day deluge),2015-11-24T02:00,0.0,1012.4,5.5,19.4,0.399,0.407,0.408
chennai_adyar,Chennai,Tamil Nadu,East Coast (Bay of Bengal),13.0827,80.2707,6.0,2015 Historic Flood (350mm/day deluge),2015-11-24T03:00,0.0,1012.8,6.5,20.5,0.398,0.406,0.407
chennai_adyar,Chennai,Tamil Nadu,East Coast (Bay of Bengal),13.0827,80.2707,6.0,2015 Historic Flood (350mm/day deluge),2015-11-24T04:00,0.2,1013.2,8.0,22.0,0.398,0.405,0.407
chennai_adyar,Chennai,Tamil Nadu,East Coast (Bay of Bengal),13.0827,80.2707,6.0,2015 Historic Flood (350mm/day deluge),2015-11-24T05:00,0.1,1012.8,10.3,25.9,0.395,0.405,0.407
chennai_adyar,Chennai,Tamil Nadu,East Coast (Bay of Bengal),13.0827,80.2707,6.0,2015 Historic Flood (350mm/day deluge),2015-11-24T06:00,0.0,1012.0,13.0,29.9,0.392,0.404,0.407
chennai_adyar,Chennai,Tamil Nadu,East Coast (Bay of Bengal),13.0827,80.2707,6.0,2015 Historic Flood (350mm/day deluge),2015-11-24T07:00,0.1,1011.2,15.0,28.4,0.39,0.402,0.406
chennai_adyar,Chennai,Tamil Nadu,East Coast (Bay of Bengal),13.0827,80.2707,6.0,2015 Historic Flood (350mm/day deluge),2015-11-24T08:00,0.0,1010.0,16.8,30.2,0.388,0.401,0.406
chennai_adyar,Chennai,Tamil Nadu,East Coast (Bay of Bengal),13.0827,80.2707,6.0,2015 Historic Flood (350mm/day deluge),2015-11-24T09:00,0.0,1009.2,17.8,31.7,0.385,0.4,0.406
chennai_adyar,Chennai,Tamil Nadu,East Coast (Bay of Bengal),13.0827,80.2707,6.0,2015 Historic Flood (350mm/day deluge),2015-11-24T10:00,0.0,1008.9,15.5,32.0,0.383,0.399,0.405
chennai_adyar,Chennai,Tamil Nadu,East Coast (Bay of Bengal),13.0827,80.2707,6.0,2015 Historic Flood (350mm/day deluge),2015-11-24T11:00,0.0,1008.7,15.5,31.7,0.382,0.398,0.405
chennai_adyar,Chennai,Tamil Nadu,East Coast (Bay of Bengal),13.0827,80.2707,6.0,2015 Historic Flood (350mm/day deluge),2015-11-24T12:00,0.0,1009.2,14.3,29.5,0.381,0.397,0.405
chennai_adyar,Chennai,Tamil Nadu,East Coast (Bay of Bengal),13.0827,80.2707,6.0,2015 Historic Flood (350mm/day deluge),2015-11-24T13:00,0.0,1009.8,13.8,24.8,0.381,0.396,0.405
chennai_adyar,Chennai,Tamil Nadu,East Coast (Bay of Bengal),13.0827,80.2707,6.0,2015 Historic Flood (350mm/day deluge),2015-11-24T14:00,0.0,1011.0,13.7,23.8,0.38,0.395,0.404
chennai_adyar,Chennai,Tamil Nadu,East Coast (Bay of Bengal),13.0827,80.2707,6.0,2015 Historic Flood (350mm/day deluge),2015-11-24T15:00,0.0,1011.8,14.1,23.0,0.38,0.395,0.404
chennai_adyar,Chennai,Tamil Nadu,East Coast (Bay of Bengal),13.0827,80.2707,6.0,2015 Historic Flood (350mm/day deluge),2015-11-24T16:00,0.0,1012.4,14.1,22.3,0.379,0.394,0.404
chennai_adyar,Chennai,Tamil Nadu,East Coast (Bay of Bengal),13.0827,80.2707,6.0,2015 Historic Flood (350mm/day deluge),2015-11-24T17:00,0.0,1012.8,13.1,22.0,0.379,0.393,0.404
chennai_adyar,Chennai,Tamil Nadu,East Coast (Bay of Bengal),13.0827,80.2707,6.0,2015 Historic Flood (350mm/day deluge),2015-11-24T18:00,0.0,1011.9,12.5,20.5,0.378,0.393,0.404
chennai_adyar,Chennai,Tamil Nadu,East Coast (Bay of Bengal),13.0827,80.2707,6.0,2015 Historic Flood (350mm/day deluge),2015-11-24T19:00,0.0,1011.8,12.3,19.8,0.378,0.392,0.404
chennai_adyar,Chennai,Tamil Nadu,East Coast (Bay of Bengal),13.0827,80.2707,6.0,2015 Historic Flood (350mm/day deluge),2015-11-24T20:00,0.0,1010.8,11.6,18.7,0.378,0.392,0.403
chennai_adyar,Chennai,Tamil Nadu,East Coast (Bay of Bengal),13.0827,80.2707,6.0,2015 Historic Flood (350mm/day deluge),2015-11-24T21:00,0.0,1010.1,11.6,18.4,0.377,0.391,0.403
chennai_adyar,Chennai,Tamil Nadu,East Coast (Bay of Bengal),13.0827,80.2707,6.0,2015 Historic Flood (350mm/day deluge),2015-11-24T22:00,0.0,1009.7,8.0,18.0,0.377,0.391,0.403
chennai_adyar,Chennai,Tamil Nadu,East Coast (Bay of Bengal),13.0827,80.2707,6.0,2015 Historic Flood (350mm/day deluge),2015-11-24T23:00,0.0,1009.6,7.6,17.6,0.377,0.39,0.403
chennai_adyar,Chennai,Tamil Nadu,East Coast (Bay of Bengal),13.0827,80.2707,6.0,2015 Historic Flood (350mm/day deluge),2015-11-25T00:00,0.0,1009.9,7.6,16.9,0.376,0.389,0.403
chennai_adyar,Chennai,Tamil Nadu,East Coast (Bay of Bengal),13.0827,80.2707,6.0,2015 Historic Flood (350mm/day deluge),2015-11-25T01:00,0.0,1010.5,7.6,16.6,0.376,0.389,0.402
chennai_adyar,Chennai,Tamil Nadu,East Coast (Bay of Bengal),13.0827,80.2707,6.0,2015 Historic Flood (350mm/day deluge),2015-11-25T02:00,0.0,1011.2,8.3,19.1,0.375,0.388,0.402
chennai_adyar,Chennai,Tamil Nadu,East Coast (Bay of Bengal),13.0827,80.2707,6.0,2015 Historic Flood (350mm/day deluge),2015-11-25T03:00,0.0,1012.0,10.6,21.2,0.374,0.388,0.402
chennai_adyar,Chennai,Tamil Nadu,East Coast (Bay of Bengal),13.0827,80.2707,6.0,2015 Historic Flood (350mm/day deluge),2015-11-25T04:00,0.0,1012.5,12.6,25.6,0.373,0.387,0.402
chennai_adyar,Chennai,Tamil Nadu,East Coast (Bay of Bengal),13.0827,80.2707,6.0,2015 Historic Flood (350mm/day deluge),2015-11-25T05:00,0.0,1012.3,14.0,27.4,0.37,0.385,0.401
chennai_adyar,Chennai,Tamil Nadu,East Coast (Bay of Bengal),13.0827,80.2707,6.0,2015 Historic Flood (350mm/day deluge),2015-11-25T06:00,0.0,1011.5,15.1,28.1,0.368,0.384,0.401
chennai_adyar,Chennai,Tamil Nadu,East Coast (Bay of Bengal),13.0827,80.2707,6.0,2015 Historic Flood (350mm/day deluge),2015-11-25T07:00,0.0,1010.5,16.4,29.5,0.366,0.383,0.401
chennai_adyar,Chennai,Tamil Nadu,East Coast (Bay of Bengal),13.0827,80.2707,6.0,2015 Historic Flood (350mm/day deluge),2015-11-25T08:00,0.0,1009.5,18.2,31.7,0.363,0.381,0.4
chennai_adyar,Chennai,Tamil Nadu,East Coast (Bay of Bengal),13.0827,80.2707,6.0,2015 Historic Flood (350mm/day deluge),2015-11-25T09:00,0.0,1008.6,19.2,32.4,0.362,0.38,0.4
chennai_adyar,Chennai,Tamil Nadu,East Coast (Bay of Bengal),13.0827,80.2707,6.0,2015 Historic Flood (350mm/day deluge),2015-11-25T10:00,0.0,1008.5,19.2,32.8,0.361,0.379,0.4
chennai_adyar,Chennai,Tamil Nadu,East Coast (Bay of Bengal),13.0827,80.2707,6.0,2015 Historic Flood (350mm/day deluge),2015-11-25T11:00,0.0,1008.8,18.7,32.0,0.36,0.378,0.399
chennai_adyar,Chennai,Tamil Nadu,East Coast (Bay of Bengal),13.0827,80.2707,6.0,2015 Historic Flood (350mm/day deluge),2015-11-25T12:00,0.0,1009.2,17.7,29.9,0.36,0.378,0.399
chennai_adyar,Chennai,Tamil Nadu,East Coast (Bay of Bengal),13.0827,80.2707,6.0,2015 Historic Flood (350mm/day deluge),2015-11-25T13:00,0.0,1010.1,17.4,27.7,0.36,0.377,0.399
chennai_adyar,Chennai,Tamil Nadu,East Coast (Bay of Bengal),13.0827,80.2707,6.0,2015 Historic Flood (350mm/day deluge),2015-11-25T14:00,0.0,1010.7,16.4,26.6,0.36,0.377,0.399
chennai_adyar,Chennai,Tamil Nadu,East Coast (Bay of Bengal),13.0827,80.2707,6.0,2015 Historic Flood (350mm/day deluge),2015-11-25T15:00,0.2,1011.5,15.7,26.3,0.36,0.376,0.399
chennai_adyar,Chennai,Tamil Nadu,East Coast (Bay of Bengal),13.0827,80.2707,6.0,2015 Historic Flood (350mm/day deluge),2015-11-25T16:00,0.2,1012.3,14.8,25.2,0.361,0.376,0.398
chennai_adyar,Chennai,Tamil Nadu,East Coast (Bay of Bengal),13.0827,80.2707,6.0,2015 Historic Flood (350mm/day deluge),2015-11-25T17:00,0.3,1012.3,12.9,22.7,0.363,0.375,0.398
chennai_adyar,Chennai,Tamil Nadu,East Coast (Bay of Bengal),13.0827,80.2707,6.0,2015 Historic Flood (350mm/day deluge),2015-11-25T18:00,0.2,1012.1,12.1,20.5,0.364,0.375,0.398
chennai_adyar,Chennai,Tamil Nadu,East Coast (Bay of Bengal),13.0827,80.2707,6.0,2015 Historic Flood (350mm/day deluge),2015-11-25T19:00,0.2,1011.8,11.4,19.8,0.365,0.375,0.398
chennai_adyar,Chennai,Tamil Nadu,East Coast (Bay of Bengal),13.0827,80.2707,6.0,2015 Historic Flood (350mm/day deluge),2015-11-25T20:00,0.1,1011.4,10.9,19.1,0.365,0.374,0.398
chennai_adyar,Chennai,Tamil Nadu,East Coast (Bay of Bengal),13.0827,80.2707,6.0,2015 Historic Flood (350mm/day deluge),2015-11-25T21:00,0.2,1010.6,11.2,18.0,0.366,0.374,0.397
chennai_adyar,Chennai,Tamil Nadu,East Coast (Bay of Bengal),13.0827,80.2707,6.0,2015 Historic Flood (350mm/day deluge),2015-11-25T22:00,0.5,1010.2,10.9,19.1,0.37,0.374,0.397
chennai_adyar,Chennai,Tamil Nadu,East Coast (Bay of Bengal),13.0827,80.2707,6.0,2015 Historic Flood (350mm/day deluge),2015-11-25T23:00,0.6,1009.8,11.4,19.4,0.373,0.374,0.397
chennai_adyar,Chennai,Tamil Nadu,East Coast (Bay of Bengal),13.0827,80.2707,6.0,2015 Historic Flood (350mm/day deluge),2015-11-26T00:00,0.3,1010.0,12.6,16.9,0.374,0.373,0.397
chennai_adyar,Chennai,Tamil Nadu,East Coast (Bay of Bengal),13.0827,80.2707,6.0,2015 Historic Flood (350mm/day deluge),2015-11-26T01:00,0.2,1010.7,12.9,16.2,0.374,0.373,0.397
chennai_adyar,Chennai,Tamil Nadu,East Coast (Bay of Bengal),13.0827,80.2707,6.0,2015 Historic Flood (350mm/day deluge),2015-11-26T02:00,0.2,1011.5,13.0,18.4,0.374,0.373,0.397
chennai_adyar,Chennai,Tamil Nadu,East Coast (Bay of Bengal),13.0827,80.2707,6.0,2015 Historic Flood (350mm/day deluge),2015-11-26T03:00,0.2,1012.3,15.6,24.8,0.374,0.373,0.396
chennai_adyar,Chennai,Tamil Nadu,East Coast (Bay of Bengal),13.0827,80.2707,6.0,2015 Historic Flood (350mm/day deluge),2015-11-26T04:00,0.2,1012.6,19.1,27.7,0.374,0.373,0.396
chennai_adyar,Chennai,Tamil Nadu,East Coast (Bay of Bengal),13.0827,80.2707,6.0,2015 Historic Flood (350mm/day deluge),2015-11-26T05:00,0.1,1012.2,19.2,29.2,0.372,0.372,0.396
chennai_adyar,Chennai,Tamil Nadu,East Coast (Bay of Bengal),13.0827,80.2707,6.0,2015 Historic Flood (350mm/day deluge),2015-11-26T06:00,0.0,1011.4,18.9,30.2,0.37,0.372,0.396
chennai_adyar,Chennai,Tamil Nadu,East Coast (Bay of Bengal),13.0827,80.2707,6.0,2015 Historic Flood (350mm/day deluge),2015-11-26T07:00,0.0,1010.4,18.4,33.8,0.367,0.371,0.395
chennai_adyar,Chennai,Tamil Nadu,East Coast (Bay of Bengal),13.0827,80.2707,6.0,2015 Historic Flood (350mm/day deluge),2015-11-26T08:00,0.0,1009.3,16.6,33.1,0.365,0.37,0.395
chennai_adyar,Chennai,Tamil Nadu,East Coast (Bay of Bengal),13.0827,80.2707,6.0,2015 Historic Flood (350mm/day deluge),2015-11-26T09:00,0.0,1008.5,15.4,28.8,0.363,0.369,0.395
chennai_adyar,Chennai,Tamil Nadu,East Coast (Bay of Bengal),13.0827,80.2707,6.0,2015 Historic Flood (350mm/day deluge),2015-11-26T10:00,0.0,1008.4,14.5,27.4,0.361,0.368,0.394
chennai_adyar,Chennai,Tamil Nadu,East Coast (Bay of Bengal),13.0827,80.2707,6.0,2015 Historic Flood (350mm/day deluge),2015-11-26T11:00,0.0,1008.5,13.7,27.0,0.36,0.368,0.394
chennai_adyar,Chennai,Tamil Nadu,East Coast (Bay of Bengal),13.0827,80.2707,6.0,2015 Historic Flood (350mm/day deluge),2015-11-26T12:00,0.0,1008.9,12.9,24.8,0.359,0.367,0.394
chennai_adyar,Chennai,Tamil Nadu,East Coast (Bay of Bengal),13.0827,80.2707,6.0,2015 Historic Flood (350mm/day deluge),2015-11-26T13:00,0.0,1009.4,13.0,21.2,0.359,0.367,0.394
chennai_adyar,Chennai,Tamil Nadu,East Coast (Bay of Bengal),13.0827,80.2707,6.0,2015 Historic Flood (350mm/day deluge),2015-11-26T14:00,0.0,1010.0,12.6,20.2,0.359,0.367,0.394
chennai_adyar,Chennai,Tamil Nadu,East Coast (Bay of Bengal),13.0827,80.2707,6.0,2015 Historic Flood (350mm/day deluge),2015-11-26T15:00,0.0,1010.9,12.8,19.8,0.359,0.366,0.394
chennai_adyar,Chennai,Tamil Nadu,East Coast (Bay of Bengal),13.0827,80.2707,6.0,2015 Historic Flood (350mm/day deluge),2015-11-26T16:00,0.0,1011.4,12.7,20.2,0.358,0.366,0.393
chennai_adyar,Chennai,Tamil Nadu,East Coast (Bay of Bengal),13.0827,80.2707,6.0,2015 Historic Flood (350mm/day deluge),2015-11-26T17:00,0.0,1011.3,12.9,22.3,0.358,0.366,0.393
chennai_adyar,Chennai,Tamil Nadu,East Coast (Bay of Bengal),13.0827,80.2707,6.0,2015 Historic Flood (350mm/day deluge),2015-11-26T18:00,0.0,1011.0,13.3,25.2,0.358,0.366,0.393
chennai_adyar,Chennai,Tamil Nadu,East Coast (Bay of Bengal),13.0827,80.2707,6.0,2015 Historic Flood (350mm/day deluge),2015-11-26T19:00,0.0,1010.7,13.3,21.2,0.358,0.366,0.393
chennai_adyar,Chennai,Tamil Nadu,East Coast (Bay of Bengal),13.0827,80.2707,6.0,2015 Historic Flood (350mm/day deluge),2015-11-26T20:00,0.0,1010.1,13.2,21.2,0.358,0.365,0.393
chennai_adyar,Chennai,Tamil Nadu,East Coast (Bay of Bengal),13.0827,80.2707,6.0,2015 Historic Flood (350mm/day deluge),2015-11-26T21:00,0.0,1009.7,12.7,21.2,0.358,0.365,0.393
chennai_adyar,Chennai,Tamil Nadu,East Coast (Bay of Bengal),13.0827,80.2707,6.0,2015 Historic Flood (350mm/day deluge),2015-11-26T22:00,0.0,1009.0,11.6,19.8,0.357,0.365,0.392
chennai_adyar,Chennai,Tamil Nadu,East Coast (Bay of Bengal),13.0827,80.2707,6.0,2015 Historic Flood (350mm/day deluge),2015-11-26T23:00,0.0,1009.1,11.2,18.7,0.357,0.365,0.392
chennai_adyar,Chennai,Tamil Nadu,East Coast (Bay of Bengal),13.0827,80.2707,6.0,2015 Historic Flood (350mm/day deluge),2015-11-27T00:00,0.0,1009.1,10.2,16.9,0.357,0.364,0.392
chennai_adyar,Chennai,Tamil Nadu,East Coast (Bay of Bengal),13.0827,80.2707,6.0,2015 Historic Flood (350mm/day deluge),2015-11-27T01:00,0.0,1009.8,9.7,15.5,0.356,0.364,0.392
chennai_adyar,Chennai,Tamil Nadu,East Coast (Bay of Bengal),13.0827,80.2707,6.0,2015 Historic Flood (350mm/day deluge),2015-11-27T02:00,0.0,1010.6,9.4,16.2,0.356,0.364,0.392
chennai_adyar,Chennai,Tamil Nadu,East Coast (Bay of Bengal),13.0827,80.2707,6.0,2015 Historic Flood (350mm/day deluge),2015-11-27T03:00,0.0,1011.0,11.4,17.3,0.355,0.363,0.392
chennai_adyar,Chennai,Tamil Nadu,East Coast (Bay of Bengal),13.0827,80.2707,6.0,2015 Historic Flood (350mm/day deluge),2015-11-27T04:00,0.0,1011.2,11.7,20.5,0.354,0.363,0.391
chennai_adyar,Chennai,Tamil Nadu,East Coast (Bay of Bengal),13.0827,80.2707,6.0,2015 Historic Flood (350mm/day deluge),2015-11-27T05:00,0.0,1010.9,11.0,21.2,0.352,0.362,0.391
chennai_adyar,Chennai,Tamil Nadu,East Coast (Bay of Bengal),13.0827,80.2707,6.0,2015 Historic Flood (350mm/day deluge),2015-11-27T06:00,0.0,1010.3,10.2,21.6,0.349,0.361,0.391
chennai_adyar,Chennai,Tamil Nadu,East Coast (Bay of Bengal),13.0827,80.2707,6.0,2015 Historic Flood (350mm/day deluge),2015-11-27T07:00,0.0,1009.6,10.7,22.3,0.347,0.36,0.39
chennai_adyar,Chennai,Tamil Nadu,East Coast (Bay of Bengal),13.0827,80.2707,6.0,2015 Historic Flood (350mm/day deluge),2015-11-27T08:00,0.0,1008.4,11.4,23.0,0.344,0.358,0.39
chennai_adyar,Chennai,Tamil Nadu,East Coast (Bay of Bengal),13.0827,80.2707,6.0,2015 Historic Flood (350mm/day deluge),2015-11-27T09:00,0.0,1007.8,12.1,23.8,0.342,0.357,0.39
chennai_adyar,Chennai,Tamil Nadu,East Coast (Bay of Bengal),13.0827,80.2707,6.0,2015 Historic Flood (350mm/day deluge),2015-11-27T10:00,0.0,1007.5,11.8,23.8,0.341,0.356,0.389
chennai_adyar,Chennai,Tamil Nadu,East Coast (Bay of Bengal),13.0827,80.2707,6.0,2015 Historic Flood (350mm/day deluge),2015-11-27T11:00,0.0,1007.6,11.3,23.4,0.34,0.356,0.389
chennai_adyar,Chennai,Tamil Nadu,East Coast (Bay of Bengal),13.0827,80.2707,6.0,2015 Historic Flood (350mm/day deluge),2015-11-27T12:00,0.0,1008.2,9.3,21.6,0.339,0.355,0.389
chennai_adyar,Chennai,Tamil Nadu,East Coast (Bay of Bengal),13.0827,80.2707,6.0,2015 Historic Flood (350mm/day deluge),2015-11-27T13:00,0.0,1008.9,9.2,16.6,0.339,0.355,0.389
chennai_adyar,Chennai,Tamil Nadu,East Coast (Bay of Bengal),13.0827,80.2707,6.0,2015 Historic Flood (350mm/day deluge),2015-11-27T14:00,0.0,1009.8,9.3,14.4,0.34,0.355,0.389
chennai_adyar,Chennai,Tamil Nadu,East Coast (Bay of Bengal),13.0827,80.2707,6.0,2015 Historic Flood (350mm/day deluge),2015-11-27T15:00,0.0,1010.7,9.3,14.0,0.34,0.355,0.389
chennai_adyar,Chennai,Tamil Nadu,East Coast (Bay of Bengal),13.0827,80.2707,6.0,2015 Historic Flood (350mm/day deluge),2015-11-27T16:00,0.0,1011.1,8.9,14.4,0.34,0.355,0.388
chennai_adyar,Chennai,Tamil Nadu,East Coast (Bay of Bengal),13.0827,80.2707,6.0,2015 Historic Flood (350mm/day deluge),2015-11-27T17:00,0.0,1011.0,8.9,14.4,0.34,0.354,0.388
chennai_adyar,Chennai,Tamil Nadu,East Coast (Bay of Bengal),13.0827,80.2707,6.0,2015 Historic Flood (350mm/day deluge),2015-11-27T18:00,0.0,1010.8,8.3,14.0,0.34,0.354,0.388
chennai_adyar,Chennai,Tamil Nadu,East Coast (Bay of Bengal),13.0827,80.2707,6.0,2015 Historic Flood (350mm/day deluge),2015-11-27T19:00,0.0,1010.5,7.6,12.2,0.34,0.354,0.388
chennai_adyar,Chennai,Tamil Nadu,East Coast (Bay of Bengal),13.0827,80.2707,6.0,2015 Historic Flood (350mm/day deluge),2015-11-27T20:00,0.0,1010.3,7.1,11.9,0.34,0.354,0.388
chennai_adyar,Chennai,Tamil Nadu,East Coast (Bay of Bengal),13.0827,80.2707,6.0,2015 Historic Flood (350mm/day deluge),2015-11-27T21:00,0.0,1009.9,6.6,11.5,0.34,0.354,0.388
chennai_adyar,Chennai,Tamil Nadu,East Coast (Bay of Bengal),13.0827,80.2707,6.0,2015 Historic Flood (350mm/day deluge),2015-11-27T22:00,0.0,1009.6,6.1,12.6,0.34,0.353,0.388
chennai_adyar,Chennai,Tamil Nadu,East Coast (Bay of Bengal),13.0827,80.2707,6.0,2015 Historic Flood (350mm/day deluge),2015-11-27T23:00,0.0,1009.6,7.2,14.4,0.34,0.353,0.387
chennai_adyar,Chennai,Tamil Nadu,East Coast (Bay of Bengal),13.0827,80.2707,6.0,2015 Historic Flood (350mm/day deluge),2015-11-28T00:00,0.0,1009.7,8.8,15.5,0.34,0.353,0.387
chennai_adyar,Chennai,Tamil Nadu,East Coast (Bay of Bengal),13.0827,80.2707,6.0,2015 Historic Flood (350mm/day deluge),2015-11-28T01:00,0.0,1010.8,9.2,15.8,0.34,0.353,0.387
chennai_adyar,Chennai,Tamil Nadu,East Coast (Bay of Bengal),13.0827,80.2707,6.0,2015 Historic Flood (350mm/day deluge),2015-11-28T02:00,0.0,1011.8,9.1,16.6,0.34,0.353,0.387
chennai_adyar,Chennai,Tamil Nadu,East Coast (Bay of Bengal),13.0827,80.2707,6.0,2015 Historic Flood (350mm/day deluge),2015-11-28T03:00,0.0,1012.7,9.0,18.0,0.34,0.352,0.387
chennai_adyar,Chennai,Tamil Nadu,East Coast (Bay of Bengal),13.0827,80.2707,6.0,2015 Historic Flood (350mm/day deluge),2015-11-28T04:00,0.0,1013.1,11.0,25.2,0.339,0.352,0.387
chennai_adyar,Chennai,Tamil Nadu,East Coast (Bay of Bengal),13.0827,80.2707,6.0,2015 Historic Flood (350mm/day deluge),2015-11-28T05:00,0.0,1013.0,13.0,28.4,0.337,0.351,0.386
chennai_adyar,Chennai,Tamil Nadu,East Coast (Bay of Bengal),13.0827,80.2707,6.0,2015 Historic Flood (350mm/day deluge),2015-11-28T06:00,0.0,1012.4,14.8,30.2,0.335,0.35,0.386
chennai_adyar,Chennai,Tamil Nadu,East Coast (Bay of Bengal),13.0827,80.2707,6.0,2015 Historic Flood (350mm/day deluge),2015-11-28T07:00,0.0,1011.7,16.0,28.8,0.333,0.349,0.386
chennai_adyar,Chennai,Tamil Nadu,East Coast (Bay of Bengal),13.0827,80.2707,6.0,2015 Historic Flood (350mm/day deluge),2015-11-28T08:00,0.0,1010.8,17.6,29.9,0.331,0.348,0.385
chennai_adyar,Chennai,Tamil Nadu,East Coast (Bay of Bengal),13.0827,80.2707,6.0,2015 Historic Flood (350mm/day deluge),2015-11-28T09:00,0.0,1010.4,19.0,31.7,0.33,0.347,0.385
chennai_adyar,Chennai,Tamil Nadu,East Coast (Bay of Bengal),13.0827,80.2707,6.0,2015 Historic Flood (350mm/day deluge),2015-11-28T10:00,0.0,1009.9,17.3,32.0,0.328,0.346,0.385
chennai_adyar,Chennai,Tamil Nadu,East Coast (Bay of Bengal),13.0827,80.2707,6.0,2015 Historic Flood (350mm/day deluge),2015-11-28T11:00,0.0,1010.1,14.8,31.7,0.328,0.346,0.385
chennai_adyar,Chennai,Tamil Nadu,East Coast (Bay of Bengal),13.0827,80.2707,6.0,2015 Historic Flood (350mm/day deluge),2015-11-28T12:00,0.0,1010.5,11.8,26.3,0.327,0.345,0.384
chennai_adyar,Chennai,Tamil Nadu,East Coast (Bay of Bengal),13.0827,80.2707,6.0,2015 Historic Flood (350mm/day deluge),2015-11-28T13:00,0.0,1011.4,10.6,22.0,0.327,0.345,0.384
chennai_adyar,Chennai,Tamil Nadu,East Coast (Bay of Bengal),13.0827,80.2707,6.0,2015 Historic Flood (350mm/day deluge),2015-11-28T14:00,0.0,1011.9,10.6,20.2,0.327,0.345,0.384
chennai_adyar,Chennai,Tamil Nadu,East Coast (Bay of Bengal),13.0827,80.2707,6.0,2015 Historic Flood (350mm/day deluge),2015-11-28T15:00,0.0,1013.3,12.8,20.9,0.328,0.345,0.384
chennai_adyar,Chennai,Tamil Nadu,East Coast (Bay of Bengal),13.0827,80.2707,6.0,2015 Historic Flood (350mm/day deluge),2015-11-28T16:00,0.0,1013.5,14.0,22.3,0.328,0.345,0.384
chennai_adyar,Chennai,Tamil Nadu,East Coast (Bay of Bengal),13.0827,80.2707,6.0,2015 Historic Flood (350mm/day deluge),2015-11-28T17:00,0.2,1013.5,13.5,23.0,0.33,0.345,0.384
chennai_adyar,Chennai,Tamil Nadu,East Coast (Bay of Bengal),13.0827,80.2707,6.0,2015 Historic Flood (350mm/day deluge),2015-11-28T18:00,0.2,1013.0,11.3,21.6,0.331,0.344,0.384
chennai_adyar,Chennai,Tamil Nadu,East Coast (Bay of Bengal),13.0827,80.2707,6.0,2015 Historic Flood (350mm/day deluge),2015-11-28T19:00,0.0,1012.3,11.5,19.1,0.332,0.344,0.384
chennai_adyar,Chennai,Tamil Nadu,East Coast (Bay of Bengal),13.0827,80.2707,6.0,2015 Historic Flood (350mm/day deluge),2015-11-28T20:00,0.3,1011.9,11.5,22.3,0.337,0.344,0.383
chennai_adyar,Chennai,Tamil Nadu,East Coast (Bay of Bengal),13.0827,80.2707,6.0,2015 Historic Flood (350mm/day deluge),2015-11-28T21:00,0.4,1011.1,12.2,19.8,0.343,0.344,0.383
chennai_adyar,Chennai,Tamil Nadu,East Coast (Bay of Bengal),13.0827,80.2707,6.0,2015 Historic Flood (350mm/day deluge),2015-11-28T22:00,0.3,1010.1,15.6,20.5,0.347,0.344,0.383
chennai_adyar,Chennai,Tamil Nadu,East Coast (Bay of Bengal),13.0827,80.2707,6.0,2015 Historic Flood (350mm/day deluge),2015-11-28T23:00,0.4,1010.7,14.5,21.2,0.351,0.344,0.383
chennai_adyar,Chennai,Tamil Nadu,East Coast (Bay of Bengal),13.0827,80.2707,6.0,2015 Historic Flood (350mm/day deluge),2015-11-29T00:00,0.6,1010.7,14.1,22.0,0.358,0.344,0.383
chennai_adyar,Chennai,Tamil Nadu,East Coast (Bay of Bengal),13.0827,80.2707,6.0,2015 Historic Flood (350mm/day deluge),2015-11-29T01:00,0.6,1011.6,12.0,20.9,0.362,0.345,0.383
chennai_adyar,Chennai,Tamil Nadu,East Coast (Bay of Bengal),13.0827,80.2707,6.0,2015 Historic Flood (350mm/day deluge),2015-11-29T02:00,0.6,1012.1,13.0,20.9,0.368,0.345,0.383
chennai_adyar,Chennai,Tamil Nadu,East Coast (Bay of Bengal),13.0827,80.2707,6.0,2015 Historic Flood (350mm/day deluge),2015-11-29T03:00,0.3,1012.7,15.5,24.8,0.369,0.345,0.383
chennai_adyar,Chennai,Tamil Nadu,East Coast (Bay of Bengal),13.0827,80.2707,6.0,2015 Historic Flood (350mm/day deluge),2015-11-29T04:00,0.5,1013.3,15.1,28.4,0.371,0.346,0.382
chennai_adyar,Chennai,Tamil Nadu,East Coast (Bay of Bengal),13.0827,80.2707,6.0,2015 Historic Flood (350mm/day deluge),2015-11-29T05:00,0.9,1013.4,15.3,29.9,0.386,0.346,0.382
chennai_adyar,Chennai,Tamil Nadu,East Coast (Bay of Bengal),13.0827,80.2707,6.0,2015 Historic Flood (350mm/day deluge),2015-11-29T06:00,0.8,1012.6,14.7,30.6,0.385,0.347,0.382
chennai_adyar,Chennai,Tamil Nadu,East Coast (Bay of Bengal),13.0827,80.2707,6.0,2015 Historic Flood (350mm/day deluge),2015-11-29T07:00,2.6,1011.6,16.1,31.3,0.42,0.349,0.382
chennai_adyar,Chennai,Tamil Nadu,East Coast (Bay of Bengal),13.0827,80.2707,6.0,2015 Historic Flood (350mm/day deluge),2015-11-29T08:00,1.7,1010.8,13.3,31.3,0.383,0.362,0.382
chennai_adyar,Chennai,Tamil Nadu,East Coast (Bay of Bengal),13.0827,80.2707,6.0,2015 Historic Flood (350mm/day deluge),2015-11-29T09:00,0.2,1009.9,12.1,30.6,0.382,0.363,0.382
chennai_adyar,Chennai,Tamil Nadu,East Coast (Bay of Bengal),13.0827,80.2707,6.0,2015 Historic Flood (350mm/day deluge),2015-11-29T10:00,2.2,1009.6,12.7,29.2,0.413,0.364,0.382
chennai_adyar,Chennai,Tamil Nadu,East Coast (Bay of Bengal),13.0827,80.2707,6.0,2015 Historic Flood (350mm/day deluge),2015-11-29T11:00,2.6,1010.3,15.0,29.9,0.425,0.37,0.382
chennai_adyar,Chennai,Tamil Nadu,East Coast (Bay of Bengal),13.0827,80.2707,6.0,2015 Historic Flood (350mm/day deluge),2015-11-29T12:00,0.6,1010.5,15.7,27.4,0.393,0.383,0.381
chennai_adyar,Chennai,Tamil Nadu,East Coast (Bay of Bengal),13.0827,80.2707,6.0,2015 Historic Flood (350mm/day deluge),2015-11-29T13:00,0.2,1012.3,13.2,22.0,0.392,0.384,0.381
chennai_adyar,Chennai,Tamil Nadu,East Coast (Bay of Bengal),13.0827,80.2707,6.0,2015 Historic Flood (350mm/day deluge),2015-11-29T14:00,0.7,1012.5,13.9,23.0,0.399,0.384,0.381
chennai_adyar,Chennai,Tamil Nadu,East Coast (Bay of Bengal),13.0827,80.2707,6.0,2015 Historic Flood (350mm/day deluge),2015-11-29T15:00,0.4,1013.8,14.1,22.7,0.399,0.385,0.381
chennai_adyar,Chennai,Tamil Nadu,East Coast (Bay of Bengal),13.0827,80.2707,6.0,2015 Historic Flood (350mm/day deluge),2015-11-29T16:00,0.1,1013.5,11.3,23.0,0.398,0.386,0.381
chennai_adyar,Chennai,Tamil Nadu,East Coast (Bay of Bengal),13.0827,80.2707,6.0,2015 Historic Flood (350mm/day deluge),2015-11-29T17:00,0.0,1013.5,11.0,20.5,0.395,0.386,0.381
chennai_adyar,Chennai,Tamil Nadu,East Coast (Bay of Bengal),13.0827,80.2707,6.0,2015 Historic Flood (350mm/day deluge),2015-11-29T18:00,0.5,1013.1,12.6,24.8,0.398,0.387,0.381
chennai_adyar,Chennai,Tamil Nadu,East Coast (Bay of Bengal),13.0827,80.2707,6.0,2015 Historic Flood (350mm/day deluge),2015-11-29T19:00,0.7,1012.8,12.2,27.4,0.404,0.388,0.381
chennai_adyar,Chennai,Tamil Nadu,East Coast (Bay of Bengal),13.0827,80.2707,6.0,2015 Historic Flood (350mm/day deluge),2015-11-29T20:00,0.5,1012.3,10.7,26.3,0.404,0.389,0.381
chennai_adyar,Chennai,Tamil Nadu,East Coast (Bay of Bengal),13.0827,80.2707,6.0,2015 Historic Flood (350mm/day deluge),2015-11-29T21:00,0.3,1011.8,9.4,23.8,0.403,0.39,0.381
chennai_adyar,Chennai,Tamil Nadu,East Coast (Bay of Bengal),13.0827,80.2707,6.0,2015 Historic Flood (350mm/day deluge),2015-11-29T22:00,0.3,1011.9,8.0,20.5,0.402,0.39,0.381
chennai_adyar,Chennai,Tamil Nadu,East Coast (Bay of Bengal),13.0827,80.2707,6.0,2015 Historic Flood (350mm/day deluge),2015-11-29T23:00,0.4,1012.2,8.2,20.9,0.401,0.391,0.381
chennai_adyar,Chennai,Tamil Nadu,East Coast (Bay of Bengal),13.0827,80.2707,6.0,2015 Historic Flood (350mm/day deluge),2015-11-30T00:00,0.6,1012.2,8.9,23.8,0.404,0.392,0.381
chennai_adyar,Chennai,Tamil Nadu,East Coast (Bay of Bengal),13.0827,80.2707,6.0,2015 Historic Flood (350mm/day deluge),2015-11-30T01:00,0.6,1013.0,8.4,22.0,0.406,0.393,0.381
chennai_adyar,Chennai,Tamil Nadu,East Coast (Bay of Bengal),13.0827,80.2707,6.0,2015 Historic Flood (350mm/day deluge),2015-11-30T02:00,0.4,1013.4,11.2,19.8,0.406,0.394,0.381
chennai_adyar,Chennai,Tamil Nadu,East Coast (Bay of Bengal),13.0827,80.2707,6.0,2015 Historic Flood (350mm/day deluge),2015-11-30T03:00,0.1,1014.0,13.2,22.0,0.403,0.394,0.381
chennai_adyar,Chennai,Tamil Nadu,East Coast (Bay of Bengal),13.0827,80.2707,6.0,2015 Historic Flood (350mm/day deluge),2015-11-30T04:00,0.0,1014.5,13.6,24.1,0.4,0.395,0.381
chennai_adyar,Chennai,Tamil Nadu,East Coast (Bay of Bengal),13.0827,80.2707,6.0,2015 Historic Flood (350mm/day deluge),2015-11-30T05:00,0.4,1014.4,15.0,24.1,0.401,0.395,0.382
chennai_adyar,Chennai,Tamil Nadu,East Coast (Bay of Bengal),13.0827,80.2707,6.0,2015 Historic Flood (350mm/day deluge),2015-11-30T06:00,1.4,1013.8,16.1,28.4,0.407,0.395,0.382
chennai_adyar,Chennai,Tamil Nadu,East Coast (Bay of Bengal),13.0827,80.2707,6.0,2015 Historic Flood (350mm/day deluge),2015-11-30T07:00,1.4,1012.6,16.7,29.9,0.422,0.397,0.382
chennai_adyar,Chennai,Tamil Nadu,East Coast (Bay of Bengal),13.0827,80.2707,6.0,2015 Historic Flood (350mm/day deluge),2015-11-30T08:00,0.5,1011.2,17.0,28.1,0.396,0.408,0.382
chennai_adyar,Chennai,Tamil Nadu,East Coast (Bay of Bengal),13.0827,80.2707,6.0,2015 Historic Flood (350mm/day deluge),2015-11-30T09:00,0.2,1010.3,17.2,29.9,0.395,0.407,0.382
chennai_adyar,Chennai,Tamil Nadu,East Coast (Bay of Bengal),13.0827,80.2707,6.0,2015 Historic Flood (350mm/day deluge),2015-11-30T10:00,0.3,1009.4,19.7,31.0,0.398,0.406,0.382
chennai_adyar,Chennai,Tamil Nadu,East Coast (Bay of Bengal),13.0827,80.2707,6.0,2015 Historic Flood (350mm/day deluge),2015-11-30T11:00,0.2,1009.9,19.6,33.5,0.397,0.405,0.382
chennai_adyar,Chennai,Tamil Nadu,East Coast (Bay of Bengal),13.0827,80.2707,6.0,2015 Historic Flood (350mm/day deluge),2015-11-30T12:00,0.0,1010.1,18.6,33.1,0.395,0.404,0.383
chennai_adyar,Chennai,Tamil Nadu,East Coast (Bay of Bengal),13.0827,80.2707,6.0,2015 Historic Flood (350mm/day deluge),2015-11-30T13:00,0.0,1011.2,18.1,31.0,0.394,0.404,0.383
chennai_adyar,Chennai,Tamil Nadu,East Coast (Bay of Bengal),13.0827,80.2707,6.0,2015 Historic Flood (350mm/day deluge),2015-11-30T14:00,0.3,1011.8,18.3,32.4,0.394,0.403,0.383
chennai_adyar,Chennai,Tamil Nadu,East Coast (Bay of Bengal),13.0827,80.2707,6.0,2015 Historic Flood (350mm/day deluge),2015-11-30T15:00,0.7,1012.3,21.4,33.5,0.398,0.403,0.383
chennai_adyar,Chennai,Tamil Nadu,East Coast (Bay of Bengal),13.0827,80.2707,6.0,2015 Historic Flood (350mm/day deluge),2015-11-30T16:00,1.2,1012.6,21.3,34.9,0.408,0.403,0.383
chennai_adyar,Chennai,Tamil Nadu,East Coast (Bay of Bengal),13.0827,80.2707,6.0,2015 Historic Flood (350mm/day deluge),2015-11-30T17:00,0.8,1012.5,21.9,34.6,0.412,0.403,0.383
chennai_adyar,Chennai,Tamil Nadu,East Coast (Bay of Bengal),13.0827,80.2707,6.0,2015 Historic Flood (350mm/day deluge),2015-11-30T18:00,1.2,1012.0,24.5,34.6,0.417,0.404,0.384
chennai_adyar,Chennai,Tamil Nadu,East Coast (Bay of Bengal),13.0827,80.2707,6.0,2015 Historic Flood (350mm/day deluge),2015-11-30T19:00,4.9,1011.4,27.5,42.5,0.426,0.409,0.384
chennai_adyar,Chennai,Tamil Nadu,East Coast (Bay of Bengal),13.0827,80.2707,6.0,2015 Historic Flood (350mm/day deluge),2015-11-30T20:00,5.4,1010.8,27.0,44.3,0.416,0.42,0.384
chennai_adyar,Chennai,Tamil Nadu,East Coast (Bay of Bengal),13.0827,80.2707,6.0,2015 Historic Flood (350mm/day deluge),2015-11-30T21:00,4.3,1010.2,26.7,42.8,0.417,0.417,0.388
chennai_adyar,Chennai,Tamil Nadu,East Coast (Bay of Bengal),13.0827,80.2707,6.0,2015 Historic Flood (350mm/day deluge),2015-11-30T22:00,3.1,1009.4,22.7,41.4,0.427,0.419,0.388
chennai_adyar,Chennai,Tamil Nadu,East Coast (Bay of Bengal),13.0827,80.2707,6.0,2015 Historic Flood (350mm/day deluge),2015-11-30T23:00,2.7,1009.4,19.9,39.6,0.415,0.425,0.389
chennai_adyar,Chennai,Tamil Nadu,East Coast (Bay of Bengal),13.0827,80.2707,6.0,2015 Historic Flood (350mm/day deluge),2015-12-01T00:00,2.4,1009.9,19.2,36.4,0.405,0.418,0.395
chennai_adyar,Chennai,Tamil Nadu,East Coast (Bay of Bengal),13.0827,80.2707,6.0,2015 Historic Flood (350mm/day deluge),2015-12-01T01:00,1.9,1010.7,17.1,34.6,0.421,0.418,0.395
chennai_adyar,Chennai,Tamil Nadu,East Coast (Bay of Bengal),13.0827,80.2707,6.0,2015 Historic Flood (350mm/day deluge),2015-12-01T02:00,2.1,1011.3,18.0,33.8,0.428,0.42,0.396
chennai_adyar,Chennai,Tamil Nadu,East Coast (Bay of Bengal),13.0827,80.2707,6.0,2015 Historic Flood (350mm/day deluge),2015-12-01T03:00,1.7,1012.0,19.2,33.5,0.411,0.426,0.396
chennai_adyar,Chennai,Tamil Nadu,East Coast (Bay of Bengal),13.0827,80.2707,6.0,2015 Historic Flood (350mm/day deluge),2015-12-01T04:00,1.5,1012.7,19.2,33.5,0.396,0.417,0.401
chennai_adyar,Chennai,Tamil Nadu,East Coast (Bay of Bengal),13.0827,80.2707,6.0,2015 Historic Flood (350mm/day deluge),2015-12-01T05:00,1.3,1012.3,20.1,34.6,0.404,0.416,0.402
chennai_adyar,Chennai,Tamil Nadu,East Coast (Bay of Bengal),13.0827,80.2707,6.0,2015 Historic Flood (350mm/day deluge),2015-12-01T06:00,1.1,1011.5,21.3,29.5,0.409,0.415,0.402
chennai_adyar,Chennai,Tamil Nadu,East Coast (Bay of Bengal),13.0827,80.2707,6.0,2015 Historic Flood (350mm/day deluge),2015-12-01T07:00,2.0,1010.7,20.4,37.4,0.426,0.416,0.402
chennai_adyar,Chennai,Tamil Nadu,East Coast (Bay of Bengal),13.0827,80.2707,6.0,2015 Historic Flood (350mm/day deluge),2015-12-01T08:00,2.5,1009.9,18.9,36.4,0.426,0.423,0.403
chennai_adyar,Chennai,Tamil Nadu,East Coast (Bay of Bengal),13.0827,80.2707,6.0,2015 Historic Flood (350mm/day deluge),2015-12-01T09:00,1.8,1009.5,15.8,31.7,0.413,0.424,0.405
chennai_adyar,Chennai,Tamil Nadu,East Coast (Bay of Bengal),13.0827,80.2707,6.0,2015 Historic Flood (350mm/day deluge),2015-12-01T10:00,1.2,1008.9,13.7,30.6,0.41,0.42,0.408
chennai_adyar,Chennai,Tamil Nadu,East Coast (Bay of Bengal),13.0827,80.2707,6.0,2015 Historic Flood (350mm/day deluge),2015-12-01T11:00,0.9,1008.7,13.8,28.8,0.418,0.42,0.408
chennai_adyar,Chennai,Tamil Nadu,East Coast (Bay of Bengal),13.0827,80.2707,6.0,2015 Historic Flood (350mm/day deluge),2015-12-01T12:00,0.7,1008.9,15.4,27.0,0.411,0.422,0.409
chennai_adyar,Chennai,Tamil Nadu,East Coast (Bay of Bengal),13.0827,80.2707,6.0,2015 Historic Flood (350mm/day deluge),2015-12-01T13:00,0.9,1009.1,17.1,27.0,0.405,0.417,0.411
chennai_adyar,Chennai,Tamil Nadu,East Coast (Bay of Bengal),13.0827,80.2707,6.0,2015 Historic Flood (350mm/day deluge),2015-12-01T14:00,1.3,1010.0,17.9,26.3,0.412,0.417,0.411
chennai_adyar,Chennai,Tamil Nadu,East Coast (Bay of Bengal),13.0827,80.2707,6.0,2015 Historic Flood (350mm/day deluge),2015-12-01T15:00,1.3,1010.9,17.3,25.9,0.422,0.417,0.411
chennai_adyar,Chennai,Tamil Nadu,East Coast (Bay of Bengal),13.0827,80.2707,6.0,2015 Historic Flood (350mm/day deluge),2015-12-01T16:00,1.6,1011.3,17.2,25.9,0.419,0.421,0.411
chennai_adyar,Chennai,Tamil Nadu,East Coast (Bay of Bengal),13.0827,80.2707,6.0,2015 Historic Flood (350mm/day deluge),2015-12-01T17:00,1.3,1011.1,15.0,23.4,0.405,0.421,0.413
chennai_adyar,Chennai,Tamil Nadu,East Coast (Bay of Bengal),13.0827,80.2707,6.0,2015 Historic Flood (350mm/day deluge),2015-12-01T18:00,0.9,1010.6,12.6,23.4,0.401,0.417,0.415
chennai_adyar,Chennai,Tamil Nadu,East Coast (Bay of Bengal),13.0827,80.2707,6.0,2015 Historic Flood (350mm/day deluge),2015-12-01T19:00,1.2,1010.3,12.2,27.7,0.416,0.417,0.415
chennai_adyar,Chennai,Tamil Nadu,East Coast (Bay of Bengal),13.0827,80.2707,6.0,2015 Historic Flood (350mm/day deluge),2015-12-01T20:00,1.2,1010.0,12.1,26.3,0.424,0.417,0.415
chennai_adyar,Chennai,Tamil Nadu,East Coast (Bay of Bengal),13.0827,80.2707,6.0,2015 Historic Flood (350mm/day deluge),2015-12-01T21:00,2.0,1009.6,11.0,25.6,0.418,0.421,0.415
chennai_adyar,Chennai,Tamil Nadu,East Coast (Bay of Bengal),13.0827,80.2707,6.0,2015 Historic Flood (350mm/day deluge),2015-12-01T22:00,3.8,1010.0,13.0,25.6,0.417,0.423,0.417
chennai_adyar,Chennai,Tamil Nadu,East Coast (Bay of Bengal),13.0827,80.2707,6.0,2015 Historic Flood (350mm/day deluge),2015-12-01T23:00,4.4,1009.8,13.0,26.3,0.42,0.423,0.419
chennai_adyar,Chennai,Tamil Nadu,East Coast (Bay of Bengal),13.0827,80.2707,6.0,2015 Historic Flood (350mm/day deluge),2015-12-02T00:00,4.7,1010.1,11.3,26.3,0.427,0.42,0.418
chennai_adyar,Chennai,Tamil Nadu,East Coast (Bay of Bengal),13.0827,80.2707,6.0,2015 Historic Flood (350mm/day deluge),2015-12-02T01:00,4.3,1010.8,11.6,25.6,0.42,0.426,0.42
chennai_adyar,Chennai,Tamil Nadu,East Coast (Bay of Bengal),13.0827,80.2707,6.0,2015 Historic Flood (350mm/day deluge),2015-12-02T02:00,4.6,1011.5,13.5,24.8,0.431,0.427,0.42
chennai_adyar,Chennai,Tamil Nadu,East Coast (Bay of Bengal),13.0827,80.2707,6.0,2015 Historic Flood (350mm/day deluge),2015-12-02T03:00,4.3,1012.1,13.4,25.6,0.417,0.43,0.421
chennai_adyar,Chennai,Tamil Nadu,East Coast (Bay of Bengal),13.0827,80.2707,6.0,2015 Historic Flood (350mm/day deluge),2015-12-02T04:00,4.6,1012.5,13.5,24.5,0.409,0.425,0.424
chennai_adyar,Chennai,Tamil Nadu,East Coast (Bay of Bengal),13.0827,80.2707,6.0,2015 Historic Flood (350mm/day deluge),2015-12-02T05:00,4.4,1012.3,12.9,21.2,0.431,0.414,0.423
chennai_adyar,Chennai,Tamil Nadu,East Coast (Bay of Bengal),13.0827,80.2707,6.0,2015 Historic Flood (350mm/day deluge),2015-12-02T06:00,3.7,1011.7,13.4,23.4,0.427,0.427,0.424
chennai_adyar,Chennai,Tamil Nadu,East Coast (Bay of Bengal),13.0827,80.2707,6.0,2015 Historic Flood (350mm/day deluge),2015-12-02T07:00,2.4,1010.9,13.8,28.1,0.428,0.427,0.424
chennai_adyar,Chennai,Tamil Nadu,East Coast (Bay of Bengal),13.0827,80.2707,6.0,2015 Historic Flood (350mm/day deluge),2015-12-02T08:00,1.7,1009.9,13.2,27.0,0.412,0.429,0.424
chennai_adyar,Chennai,Tamil Nadu,East Coast (Bay of Bengal),13.0827,80.2707,6.0,2015 Historic Flood (350mm/day deluge),2015-12-02T09:00,1.2,1009.5,12.8,26.3,0.395,0.421,0.427
chennai_adyar,Chennai,Tamil Nadu,East Coast (Bay of Bengal),13.0827,80.2707,6.0,2015 Historic Flood (350mm/day deluge),2015-12-02T10:00,1.4,1009.1,11.5,26.3,0.406,0.407,0.425
chennai_adyar,Chennai,Tamil Nadu,East Coast (Bay of Bengal),13.0827,80.2707,6.0,2015 Historic Flood (350mm/day deluge),2015-12-02T11:00,0.9,1009.0,12.0,26.3,0.41,0.405,0.424
chennai_adyar,Chennai,Tamil Nadu,East Coast (Bay of Bengal),13.0827,80.2707,6.0,2015 Historic Flood (350mm/day deluge),2015-12-02T12:00,0.9,1009.9,13.4,26.3,0.412,0.404,0.423
chennai_adyar,Chennai,Tamil Nadu,East Coast (Bay of Bengal),13.0827,80.2707,6.0,2015 Historic Flood (350mm/day deluge),2015-12-02T13:00,0.9,1010.3,14.6,27.4,0.413,0.404,0.423
chennai_adyar,Chennai,Tamil Nadu,East Coast (Bay of Bengal),13.0827,80.2707,6.0,2015 Historic Flood (350mm/day deluge),2015-12-02T14:00,0.8,1011.2,16.1,25.6,0.413,0.404,0.422
chennai_adyar,Chennai,Tamil Nadu,East Coast (Bay of Bengal),13.0827,80.2707,6.0,2015 Historic Flood (350mm/day deluge),2015-12-02T15:00,0.8,1011.7,16.9,27.7,0.413,0.404,0.422
chennai_adyar,Chennai,Tamil Nadu,East Coast (Bay of Bengal),13.0827,80.2707,6.0,2015 Historic Flood (350mm/day deluge),2015-12-02T16:00,1.0,1012.4,17.3,27.0,0.418,0.405,0.421
chennai_adyar,Chennai,Tamil Nadu,East Coast (Bay of Bengal),13.0827,80.2707,6.0,2015 Historic Flood (350mm/day deluge),2015-12-02T17:00,1.4,1012.2,16.4,25.9,0.423,0.407,0.421
chennai_adyar,Chennai,Tamil Nadu,East Coast (Bay of Bengal),13.0827,80.2707,6.0,2015 Historic Flood (350mm/day deluge),2015-12-02T18:00,1.3,1011.5,17.4,24.5,0.417,0.411,0.42
chennai_adyar,Chennai,Tamil Nadu,East Coast (Bay of Bengal),13.0827,80.2707,6.0,2015 Historic Flood (350mm/day deluge),2015-12-02T19:00,3.5,1011.0,18.5,29.5,0.429,0.413,0.42
chennai_adyar,Chennai,Tamil Nadu,East Coast (Bay of Bengal),13.0827,80.2707,6.0,2015 Historic Flood (350mm/day deluge),2015-12-02T20:00,3.1,1010.5,17.5,30.6,0.416,0.424,0.42
chennai_adyar,Chennai,Tamil Nadu,East Coast (Bay of Bengal),13.0827,80.2707,6.0,2015 Historic Flood (350mm/day deluge),2015-12-02T21:00,3.2,1009.9,19.4,32.4,0.42,0.423,0.422
chennai_adyar,Chennai,Tamil Nadu,East Coast (Bay of Bengal),13.0827,80.2707,6.0,2015 Historic Flood (350mm/day deluge),2015-12-02T22:00,2.9,1009.9,20.6,32.4,0.424,0.425,0.422
chennai_adyar,Chennai,Tamil Nadu,East Coast (Bay of Bengal),13.0827,80.2707,6.0,2015 Historic Flood (350mm/day deluge),2015-12-02T23:00,2.2,1009.7,20.0,33.5,0.408,0.425,0.423
chennai_adyar,Chennai,Tamil Nadu,East Coast (Bay of Bengal),13.0827,80.2707,6.0,2015 Historic Flood (350mm/day deluge),2015-12-03T00:00,1.5,1009.8,21.5,32.0,0.403,0.42,0.425
chennai_adyar,Chennai,Tamil Nadu,East Coast (Bay of Bengal),13.0827,80.2707,6.0,2015 Historic Flood (350mm/day deluge),2015-12-03T01:00,1.0,1010.7,21.2,31.7,0.406,0.412,0.424
chennai_adyar,Chennai,Tamil Nadu,East Coast (Bay of Bengal),13.0827,80.2707,6.0,2015 Historic Flood (350mm/day deluge),2015-12-03T02:00,1.0,1011.4,21.3,33.1,0.409,0.411,0.423
chennai_adyar,Chennai,Tamil Nadu,East Coast (Bay of Bengal),13.0827,80.2707,6.0,2015 Historic Flood (350mm/day deluge),2015-12-03T03:00,0.4,1012.2,21.4,34.2,0.409,0.41,0.422
chennai_adyar,Chennai,Tamil Nadu,East Coast (Bay of Bengal),13.0827,80.2707,6.0,2015 Historic Flood (350mm/day deluge),2015-12-03T04:00,0.5,1012.5,21.1,35.6,0.408,0.409,0.422
chennai_adyar,Chennai,Tamil Nadu,East Coast (Bay of Bengal),13.0827,80.2707,6.0,2015 Historic Flood (350mm/day deluge),2015-12-03T05:00,0.5,1012.5,20.6,37.4,0.407,0.408,0.421
chennai_adyar,Chennai,Tamil Nadu,East Coast (Bay of Bengal),13.0827,80.2707,6.0,2015 Historic Flood (350mm/day deluge),2015-12-03T06:00,0.4,1011.5,21.9,36.7,0.411,0.407,0.421
chennai_adyar,Chennai,Tamil Nadu,East Coast (Bay of Bengal),13.0827,80.2707,6.0,2015 Historic Flood (350mm/day deluge),2015-12-03T07:00,0.2,1010.8,23.4,37.4,0.407,0.406,0.42
chennai_adyar,Chennai,Tamil Nadu,East Coast (Bay of Bengal),13.0827,80.2707,6.0,2015 Historic Flood (350mm/day deluge),2015-12-03T08:00,0.6,1009.6,23.3,38.2,0.41,0.406,0.42
chennai_adyar,Chennai,Tamil Nadu,East Coast (Bay of Bengal),13.0827,80.2707,6.0,2015 Historic Flood (350mm/day deluge),2015-12-03T09:00,0.1,1008.8,23.7,36.7,0.407,0.405,0.42
chennai_adyar,Chennai,Tamil Nadu,East Coast (Bay of Bengal),13.0827,80.2707,6.0,2015 Historic Flood (350mm/day deluge),2015-12-03T10:00,0.1,1008.2,21.0,36.7,0.405,0.404,0.419
chennai_adyar,Chennai,Tamil Nadu,East Coast (Bay of Bengal),13.0827,80.2707,6.0,2015 Historic Flood (350mm/day deluge),2015-12-03T11:00,0.0,1008.7,18.6,36.0,0.402,0.403,0.419
chennai_adyar,Chennai,Tamil Nadu,East Coast (Bay of Bengal),13.0827,80.2707,6.0,2015 Historic Flood (350mm/day deluge),2015-12-03T12:00,0.1,1009.0,18.7,32.4,0.4,0.402,0.418
chennai_adyar,Chennai,Tamil Nadu,East Coast (Bay of Bengal),13.0827,80.2707,6.0,2015 Historic Flood (350mm/day deluge),2015-12-03T13:00,0.2,1009.7,19.2,31.7,0.399,0.402,0.418
chennai_adyar,Chennai,Tamil Nadu,East Coast (Bay of Bengal),13.0827,80.2707,6.0,2015 Historic Flood (350mm/day deluge),2015-12-03T14:00,0.4,1010.3,19.6,30.2,0.399,0.401,0.418
chennai_adyar,Chennai,Tamil Nadu,East Coast (Bay of Bengal),13.0827,80.2707,6.0,2015 Historic Flood (350mm/day deluge),2015-12-03T15:00,0.4,1011.4,18.1,29.5,0.4,0.4,0.417
chennai_adyar,Chennai,Tamil Nadu,East Coast (Bay of Bengal),13.0827,80.2707,6.0,2015 Historic Flood (350mm/day deluge),2015-12-03T16:00,0.2,1011.3,17.3,28.8,0.4,0.399,0.417
chennai_adyar,Chennai,Tamil Nadu,East Coast (Bay of Bengal),13.0827,80.2707,6.0,2015 Historic Flood (350mm/day deluge),2015-12-03T17:00,0.2,1011.3,15.0,28.4,0.399,0.399,0.417
chennai_adyar,Chennai,Tamil Nadu,East Coast (Bay of Bengal),13.0827,80.2707,6.0,2015 Historic Flood (350mm/day deluge),2015-12-03T18:00,0.2,1010.7,14.3,27.4,0.398,0.398,0.416
chennai_adyar,Chennai,Tamil Nadu,East Coast (Bay of Bengal),13.0827,80.2707,6.0,2015 Historic Flood (350mm/day deluge),2015-12-03T19:00,0.2,1010.2,14.5,23.0,0.398,0.398,0.416
chennai_adyar,Chennai,Tamil Nadu,East Coast (Bay of Bengal),13.0827,80.2707,6.0,2015 Historic Flood (350mm/day deluge),2015-12-03T20:00,0.4,1009.8,15.7,24.5,0.401,0.397,0.416
chennai_adyar,Chennai,Tamil Nadu,East Coast (Bay of Bengal),13.0827,80.2707,6.0,2015 Historic Flood (350mm/day deluge),2015-12-03T21:00,0.5,1009.3,15.5,25.6,0.402,0.397,0.415
chennai_adyar,Chennai,Tamil Nadu,East Coast (Bay of Bengal),13.0827,80.2707,6.0,2015 Historic Flood (350mm/day deluge),2015-12-03T22:00,0.3,1009.2,14.8,25.9,0.402,0.397,0.415
chennai_adyar,Chennai,Tamil Nadu,East Coast (Bay of Bengal),13.0827,80.2707,6.0,2015 Historic Flood (350mm/day deluge),2015-12-03T23:00,0.5,1009.1,15.6,27.0,0.402,0.396,0.415
chennai_adyar,Chennai,Tamil Nadu,East Coast (Bay of Bengal),13.0827,80.2707,6.0,2015 Historic Flood (350mm/day deluge),2015-12-04T00:00,0.7,1009.7,16.2,27.7,0.405,0.396,0.414
chennai_adyar,Chennai,Tamil Nadu,East Coast (Bay of Bengal),13.0827,80.2707,6.0,2015 Historic Flood (350mm/day deluge),2015-12-04T01:00,0.7,1010.5,17.6,30.2,0.409,0.397,0.414
chennai_adyar,Chennai,Tamil Nadu,East Coast (Bay of Bengal),13.0827,80.2707,6.0,2015 Historic Flood (350mm/day deluge),2015-12-04T02:00,0.3,1011.4,18.6,32.8,0.406,0.397,0.414
chennai_adyar,Chennai,Tamil Nadu,East Coast (Bay of Bengal),13.0827,80.2707,6.0,2015 Historic Flood (350mm/day deluge),2015-12-04T03:00,0.6,1011.7,21.1,33.1,0.405,0.397,0.414
chennai_adyar,Chennai,Tamil Nadu,East Coast (Bay of Bengal),13.0827,80.2707,6.0,2015 Historic Flood (350mm/day deluge),2015-12-04T04:00,0.8,1012.1,23.5,33.5,0.405,0.397,0.413
chennai_adyar,Chennai,Tamil Nadu,East Coast (Bay of Bengal),13.0827,80.2707,6.0,2015 Historic Flood (350mm/day deluge),2015-12-04T05:00,0.9,1011.7,24.8,34.9,0.406,0.398,0.413
chennai_adyar,Chennai,Tamil Nadu,East Coast (Bay of Bengal),13.0827,80.2707,6.0,2015 Historic Flood (350mm/day deluge),2015-12-04T06:00,0.8,1011.1,25.8,36.7,0.405,0.398,0.413
chennai_adyar,Chennai,Tamil Nadu,East Coast (Bay of Bengal),13.0827,80.2707,6.0,2015 Historic Flood (350mm/day deluge),2015-12-04T07:00,0.0,1010.3,25.8,49.0,0.4,0.398,0.413
chennai_adyar,Chennai,Tamil Nadu,East Coast (Bay of Bengal),13.0827,80.2707,6.0,2015 Historic Flood (350mm/day deluge),2015-12-04T08:00,0.0,1009.3,26.2,48.2,0.396,0.397,0.412
chennai_adyar,Chennai,Tamil Nadu,East Coast (Bay of Bengal),13.0827,80.2707,6.0,2015 Historic Flood (350mm/day deluge),2015-12-04T09:00,0.0,1008.7,25.2,47.2,0.394,0.396,0.412
chennai_adyar,Chennai,Tamil Nadu,East Coast (Bay of Bengal),13.0827,80.2707,6.0,2015 Historic Flood (350mm/day deluge),2015-12-04T10:00,0.0,1009.1,20.0,43.6,0.392,0.395,0.412
chennai_adyar,Chennai,Tamil Nadu,East Coast (Bay of Bengal),13.0827,80.2707,6.0,2015 Historic Flood (350mm/day deluge),2015-12-04T11:00,0.1,1009.1,19.0,40.3,0.391,0.395,0.411
chennai_adyar,Chennai,Tamil Nadu,East Coast (Bay of Bengal),13.0827,80.2707,6.0,2015 Historic Flood (350mm/day deluge),2015-12-04T12:00,0.1,1009.4,18.7,37.1,0.391,0.394,0.411
chennai_adyar,Chennai,Tamil Nadu,East Coast (Bay of Bengal),13.0827,80.2707,6.0,2015 Historic Flood (350mm/day deluge),2015-12-04T13:00,0.2,1010.1,17.9,34.9,0.391,0.394,0.411
chennai_adyar,Chennai,Tamil Nadu,East Coast (Bay of Bengal),13.0827,80.2707,6.0,2015 Historic Flood (350mm/day deluge),2015-12-04T14:00,0.1,1010.8,18.2,34.2,0.391,0.393,0.411
chennai_adyar,Chennai,Tamil Nadu,East Coast (Bay of Bengal),13.0827,80.2707,6.0,2015 Historic Flood (350mm/day deluge),2015-12-04T15:00,0.2,1011.7,18.1,33.1,0.391,0.393,0.41
chennai_adyar,Chennai,Tamil Nadu,East Coast (Bay of Bengal),13.0827,80.2707,6.0,2015 Historic Flood (350mm/day deluge),2015-12-04T16:00,0.5,1011.8,17.8,31.3,0.392,0.392,0.41
chennai_adyar,Chennai,Tamil Nadu,East Coast (Bay of Bengal),13.0827,80.2707,6.0,2015 Historic Flood (350mm/day deluge),2015-12-04T17:00,0.8,1011.9,16.6,29.5,0.397,0.392,0.41
chennai_adyar,Chennai,Tamil Nadu,East Coast (Bay of Bengal),13.0827,80.2707,6.0,2015 Historic Flood (350mm/day deluge),2015-12-04T18:00,0.6,1011.1,17.3,27.0,0.402,0.392,0.41
chennai_adyar,Chennai,Tamil Nadu,East Coast (Bay of Bengal),13.0827,80.2707,6.0,2015 Historic Flood (350mm/day deluge),2015-12-04T19:00,0.2,1010.7,17.4,30.2,0.4,0.392,0.409
chennai_adyar,Chennai,Tamil Nadu,East Coast (Bay of Bengal),13.0827,80.2707,6.0,2015 Historic Flood (350mm/day deluge),2015-12-04T20:00,0.3,1009.9,17.6,29.2,0.401,0.393,0.409
chennai_adyar,Chennai,Tamil Nadu,East Coast (Bay of Bengal),13.0827,80.2707,6.0,2015 Historic Flood (350mm/day deluge),2015-12-04T21:00,0.2,1009.4,17.7,29.2,0.399,0.393,0.409
chennai_adyar,Chennai,Tamil Nadu,East Coast (Bay of Bengal),13.0827,80.2707,6.0,2015 Historic Flood (350mm/day deluge),2015-12-04T22:00,0.4,1009.2,19.1,29.2,0.399,0.393,0.409
chennai_adyar,Chennai,Tamil Nadu,East Coast (Bay of Bengal),13.0827,80.2707,6.0,2015 Historic Flood (350mm/day deluge),2015-12-04T23:00,0.5,1009.1,18.9,29.2,0.399,0.393,0.409
chennai_adyar,Chennai,Tamil Nadu,East Coast (Bay of Bengal),13.0827,80.2707,6.0,2015 Historic Flood (350mm/day deluge),2015-12-05T00:00,0.7,1009.5,17.6,28.8,0.4,0.393,0.408
chennai_adyar,Chennai,Tamil Nadu,East Coast (Bay of Bengal),13.0827,80.2707,6.0,2015 Historic Flood (350mm/day deluge),2015-12-05T01:00,0.7,1010.3,18.1,30.2,0.4,0.393,0.408
chennai_adyar,Chennai,Tamil Nadu,East Coast (Bay of Bengal),13.0827,80.2707,6.0,2015 Historic Flood (350mm/day deluge),2015-12-05T02:00,0.5,1011.2,19.6,31.0,0.4,0.393,0.408
chennai_adyar,Chennai,Tamil Nadu,East Coast (Bay of Bengal),13.0827,80.2707,6.0,2015 Historic Flood (350mm/day deluge),2015-12-05T03:00,0.4,1012.0,20.4,33.1,0.399,0.393,0.408
chennai_adyar,Chennai,Tamil Nadu,East Coast (Bay of Bengal),13.0827,80.2707,6.0,2015 Historic Flood (350mm/day deluge),2015-12-05T04:00,0.2,1012.4,22.2,35.3,0.398,0.393,0.408
chennai_adyar,Chennai,Tamil Nadu,East Coast (Bay of Bengal),13.0827,80.2707,6.0,2015 Historic Flood (350mm/day deluge),2015-12-05T05:00,0.0,1012.3,23.3,37.8,0.395,0.393,0.407
chennai_adyar,Chennai,Tamil Nadu,East Coast (Bay of Bengal),13.0827,80.2707,6.0,2015 Historic Flood (350mm/day deluge),2015-12-05T06:00,0.0,1011.3,24.5,41.0,0.392,0.392,0.407
chennai_adyar,Chennai,Tamil Nadu,East Coast (Bay of Bengal),13.0827,80.2707,6.0,2015 Historic Flood (350mm/day deluge),2015-12-05T07:00,0.5,1010.7,23.4,40.7,0.394,0.392,0.407
chennai_adyar,Chennai,Tamil Nadu,East Coast (Bay of Bengal),13.0827,80.2707,6.0,2015 Historic Flood (350mm/day deluge),2015-12-05T08:00,0.3,1009.5,23.7,38.2,0.397,0.392,0.407
chennai_adyar,Chennai,Tamil Nadu,East Coast (Bay of Bengal),13.0827,80.2707,6.0,2015 Historic Flood (350mm/day deluge),2015-12-05T09:00,0.1,1008.8,21.9,38.5,0.395,0.392,0.407
chennai_adyar,Chennai,Tamil Nadu,East Coast (Bay of Bengal),13.0827,80.2707,6.0,2015 Historic Flood (350mm/day deluge),2015-12-05T10:00,0.3,1008.7,21.3,38.2,0.394,0.391,0.406
chennai_adyar,Chennai,Tamil Nadu,East Coast (Bay of Bengal),13.0827,80.2707,6.0,2015 Historic Flood (350mm/day deluge),2015-12-05T11:00,0.0,1008.8,21.5,37.4,0.393,0.391,0.406
chennai_adyar,Chennai,Tamil Nadu,East Coast (Bay of Bengal),13.0827,80.2707,6.0,2015 Historic Flood (350mm/day deluge),2015-12-05T12:00,0.4,1009.6,19.7,34.2,0.395,0.391,0.406
chennai_adyar,Chennai,Tamil Nadu,East Coast (Bay of Bengal),13.0827,80.2707,6.0,2015 Historic Flood (350mm/day deluge),2015-12-05T13:00,0.2,1010.5,18.6,29.9,0.394,0.391,0.406
chennai_adyar,Chennai,Tamil Nadu,East Coast (Bay of Bengal),13.0827,80.2707,6.0,2015 Historic Flood (350mm/day deluge),2015-12-05T14:00,0.3,1011.2,17.6,27.0,0.393,0.391,0.406
chennai_adyar,Chennai,Tamil Nadu,East Coast (Bay of Bengal),13.0827,80.2707,6.0,2015 Historic Flood (350mm/day deluge),2015-12-05T15:00,1.2,1012.1,16.6,27.0,0.397,0.391,0.405
chennai_adyar,Chennai,Tamil Nadu,East Coast (Bay of Bengal),13.0827,80.2707,6.0,2015 Historic Flood (350mm/day deluge),2015-12-05T16:00,1.1,1012.2,16.6,27.7,0.402,0.391,0.405
chennai_adyar,Chennai,Tamil Nadu,East Coast (Bay of Bengal),13.0827,80.2707,6.0,2015 Historic Flood (350mm/day deluge),2015-12-05T17:00,0.7,1012.3,16.4,26.3,0.402,0.391,0.405
chennai_adyar,Chennai,Tamil Nadu,East Coast (Bay of Bengal),13.0827,80.2707,6.0,2015 Historic Flood (350mm/day deluge),2015-12-05T18:00,1.0,1011.9,16.5,27.7,0.407,0.392,0.405
chennai_adyar,Chennai,Tamil Nadu,East Coast (Bay of Bengal),13.0827,80.2707,6.0,2015 Historic Flood (350mm/day deluge),2015-12-05T19:00,0.7,1011.6,16.9,27.0,0.409,0.394,0.405
chennai_adyar,Chennai,Tamil Nadu,East Coast (Bay of Bengal),13.0827,80.2707,6.0,2015 Historic Flood (350mm/day deluge),2015-12-05T20:00,0.3,1010.8,16.3,26.6,0.407,0.395,0.405
chennai_adyar,Chennai,Tamil Nadu,East Coast (Bay of Bengal),13.0827,80.2707,6.0,2015 Historic Flood (350mm/day deluge),2015-12-05T21:00,0.2,1010.0,17.8,25.6,0.404,0.396,0.405
chennai_adyar,Chennai,Tamil Nadu,East Coast (Bay of Bengal),13.0827,80.2707,6.0,2015 Historic Flood (350mm/day deluge),2015-12-05T22:00,1.1,1010.2,16.3,25.9,0.405,0.396,0.404
chennai_adyar,Chennai,Tamil Nadu,East Coast (Bay of Bengal),13.0827,80.2707,6.0,2015 Historic Flood (350mm/day deluge),2015-12-05T23:00,0.9,1010.1,16.1,28.8,0.412,0.397,0.404
chennai_adyar,Chennai,Tamil Nadu,East Coast (Bay of Bengal),13.0827,80.2707,6.0,2015 Historic Flood (350mm/day deluge),2015-12-06T00:00,0.8,1010.3,17.7,28.8,0.413,0.398,0.404
chennai_adyar,Chennai,Tamil Nadu,East Coast (Bay of Bengal),13.0827,80.2707,6.0,2015 Historic Flood (350mm/day deluge),2015-12-06T01:00,1.1,1011.1,16.9,26.6,0.411,0.4,0.404
chennai_adyar,Chennai,Tamil Nadu,East Coast (Bay of Bengal),13.0827,80.2707,6.0,2015 Historic Flood (350mm/day deluge),2015-12-06T02:00,0.7,1011.8,15.4,25.9,0.409,0.401,0.404
chennai_adyar,Chennai,Tamil Nadu,East Coast (Bay of Bengal),13.0827,80.2707,6.0,2015 Historic Flood (350mm/day deluge),2015-12-06T03:00,0.6,1012.6,15.3,25.2,0.408,0.402,0.404
chennai_adyar,Chennai,Tamil Nadu,East Coast (Bay of Bengal),13.0827,80.2707,6.0,2015 Historic Flood (350mm/day deluge),2015-12-06T04:00,0.8,1013.1,16.3,26.6,0.412,0.402,0.404
chennai_adyar,Chennai,Tamil Nadu,East Coast (Bay of Bengal),13.0827,80.2707,6.0,2015 Historic Flood (350mm/day deluge),2015-12-06T05:00,4.0,1013.2,17.6,30.6,0.427,0.406,0.404
chennai_adyar,Chennai,Tamil Nadu,East Coast (Bay of Bengal),13.0827,80.2707,6.0,2015 Historic Flood (350mm/day deluge),2015-12-06T06:00,4.3,1012.5,19.7,34.6,0.427,0.419,0.404
chennai_adyar,Chennai,Tamil Nadu,East Coast (Bay of Bengal),13.0827,80.2707,6.0,2015 Historic Flood (350mm/day deluge),2015-12-06T07:00,2.5,1011.8,18.2,33.1,0.417,0.418,0.409
chennai_adyar,Chennai,Tamil Nadu,East Coast (Bay of Bengal),13.0827,80.2707,6.0,2015 Historic Flood (350mm/day deluge),2015-12-06T08:00,0.8,1010.6,17.6,32.8,0.419,0.419,0.409
chennai_adyar,Chennai,Tamil Nadu,East Coast (Bay of Bengal),13.0827,80.2707,6.0,2015 Historic Flood (350mm/day deluge),2015-12-06T09:00,0.2,1009.7,17.1,28.4,0.414,0.418,0.41
chennai_adyar,Chennai,Tamil Nadu,East Coast (Bay of Bengal),13.0827,80.2707,6.0,2015 Historic Flood (350mm/day deluge),2015-12-06T10:00,0.1,1009.1,16.3,28.8,0.41,0.417,0.41
chennai_adyar,Chennai,Tamil Nadu,East Coast (Bay of Bengal),13.0827,80.2707,6.0,2015 Historic Flood (350mm/day deluge),2015-12-06T11:00,0.0,1009.1,18.4,30.6,0.407,0.416,0.41
chennai_adyar,Chennai,Tamil Nadu,East Coast (Bay of Bengal),13.0827,80.2707,6.0,2015 Historic Flood (350mm/day deluge),2015-12-06T12:00,0.1,1009.7,19.1,30.2,0.405,0.415,0.41
chennai_adyar,Chennai,Tamil Nadu,East Coast (Bay of Bengal),13.0827,80.2707,6.0,2015 Historic Flood (350mm/day deluge),2015-12-06T13:00,0.1,1010.6,17.9,30.6,0.403,0.414,0.41
chennai_adyar,Chennai,Tamil Nadu,East Coast (Bay of Bengal),13.0827,80.2707,6.0,2015 Historic Flood (350mm/day deluge),2015-12-06T14:00,0.0,1011.3,17.6,29.2,0.401,0.413,0.41
chennai_adyar,Chennai,Tamil Nadu,East Coast (Bay of Bengal),13.0827,80.2707,6.0,2015 Historic Flood (350mm/day deluge),2015-12-06T15:00,0.0,1012.2,17.6,28.8,0.399,0.413,0.41
chennai_adyar,Chennai,Tamil Nadu,East Coast (Bay of Bengal),13.0827,80.2707,6.0,2015 Historic Flood (350mm/day deluge),2015-12-06T16:00,0.1,1012.6,16.9,27.7,0.398,0.412,0.41
chennai_adyar,Chennai,Tamil Nadu,East Coast (Bay of Bengal),13.0827,80.2707,6.0,2015 Historic Flood (350mm/day deluge),2015-12-06T17:00,0.2,1012.6,16.8,26.6,0.397,0.411,0.41
chennai_adyar,Chennai,Tamil Nadu,East Coast (Bay of Bengal),13.0827,80.2707,6.0,2015 Historic Flood (350mm/day deluge),2015-12-06T18:00,0.2,1011.9,16.9,26.3,0.396,0.41,0.41
chennai_adyar,Chennai,Tamil Nadu,East Coast (Bay of Bengal),13.0827,80.2707,6.0,2015 Historic Flood (350mm/day deluge),2015-12-06T19:00,0.0,1011.8,16.9,26.6,0.395,0.409,0.41
chennai_adyar,Chennai,Tamil Nadu,East Coast (Bay of Bengal),13.0827,80.2707,6.0,2015 Historic Flood (350mm/day deluge),2015-12-06T20:00,0.0,1011.1,17.7,27.4,0.394,0.408,0.41
chennai_adyar,Chennai,Tamil Nadu,East Coast (Bay of Bengal),13.0827,80.2707,6.0,2015 Historic Flood (350mm/day deluge),2015-12-06T21:00,0.0,1010.8,17.9,28.1,0.393,0.408,0.409
chennai_adyar,Chennai,Tamil Nadu,East Coast (Bay of Bengal),13.0827,80.2707,6.0,2015 Historic Flood (350mm/day deluge),2015-12-06T22:00,0.0,1010.3,18.3,28.4,0.392,0.407,0.409
chennai_adyar,Chennai,Tamil Nadu,East Coast (Bay of Bengal),13.0827,80.2707,6.0,2015 Historic Flood (350mm/day deluge),2015-12-06T23:00,0.0,1010.2,18.0,28.1,0.391,0.406,0.409
chennai_adyar,Chennai,Tamil Nadu,East Coast (Bay of Bengal),13.0827,80.2707,6.0,2015 Historic Flood (350mm/day deluge),2015-12-07T00:00,0.0,1010.4,19.5,28.1,0.39,0.405,0.409
chennai_adyar,Chennai,Tamil Nadu,East Coast (Bay of Bengal),13.0827,80.2707,6.0,2015 Historic Flood (350mm/day deluge),2015-12-07T01:00,0.0,1011.0,19.9,29.2,0.389,0.404,0.409
chennai_adyar,Chennai,Tamil Nadu,East Coast (Bay of Bengal),13.0827,80.2707,6.0,2015 Historic Flood (350mm/day deluge),2015-12-07T02:00,0.0,1012.0,20.0,30.2,0.388,0.404,0.409
chennai_adyar,Chennai,Tamil Nadu,East Coast (Bay of Bengal),13.0827,80.2707,6.0,2015 Historic Flood (350mm/day deluge),2015-12-07T03:00,0.0,1012.9,24.0,33.1,0.387,0.403,0.409
chennai_adyar,Chennai,Tamil Nadu,East Coast (Bay of Bengal),13.0827,80.2707,6.0,2015 Historic Flood (350mm/day deluge),2015-12-07T04:00,0.0,1013.4,25.2,41.0,0.385,0.401,0.408
chennai_adyar,Chennai,Tamil Nadu,East Coast (Bay of Bengal),13.0827,80.2707,6.0,2015 Historic Flood (350mm/day deluge),2015-12-07T05:00,0.0,1013.3,25.6,43.6,0.383,0.4,0.408
chennai_adyar,Chennai,Tamil Nadu,East Coast (Bay of Bengal),13.0827,80.2707,6.0,2015 Historic Flood (350mm/day deluge),2015-12-07T06:00,0.0,1013.1,25.4,43.6,0.38,0.398,0.408
chennai_adyar,Chennai,Tamil Nadu,East Coast (Bay of Bengal),13.0827,80.2707,6.0,2015 Historic Flood (350mm/day deluge),2015-12-07T07:00,0.0,1012.0,25.2,43.6,0.378,0.397,0.407
chennai_adyar,Chennai,Tamil Nadu,East Coast (Bay of Bengal),13.0827,80.2707,6.0,2015 Historic Flood (350mm/day deluge),2015-12-07T08:00,0.0,1011.0,25.0,43.2,0.376,0.395,0.407
chennai_adyar,Chennai,Tamil Nadu,East Coast (Bay of Bengal),13.0827,80.2707,6.0,2015 Historic Flood (350mm/day deluge),2015-12-07T09:00,0.0,1010.3,24.3,42.5,0.374,0.393,0.407
chennai_adyar,Chennai,Tamil Nadu,East Coast (Bay of Bengal),13.0827,80.2707,6.0,2015 Historic Flood (350mm/day deluge),2015-12-07T10:00,0.0,1010.0,22.4,40.7,0.372,0.392,0.406
chennai_adyar,Chennai,Tamil Nadu,East Coast (Bay of Bengal),13.0827,80.2707,6.0,2015 Historic Flood (350mm/day deluge),2015-12-07T11:00,0.0,1010.3,21.0,38.9,0.371,0.391,0.406
chennai_adyar,Chennai,Tamil Nadu,East Coast (Bay of Bengal),13.0827,80.2707,6.0,2015 Historic Flood (350mm/day deluge),2015-12-07T12:00,0.0,1010.5,20.5,36.0,0.371,0.39,0.406
chennai_adyar,Chennai,Tamil Nadu,East Coast (Bay of Bengal),13.0827,80.2707,6.0,2015 Historic Flood (350mm/day deluge),2015-12-07T13:00,0.0,1010.8,20.3,32.0,0.371,0.389,0.406
chennai_adyar,Chennai,Tamil Nadu,East Coast (Bay of Bengal),13.0827,80.2707,6.0,2015 Historic Flood (350mm/day deluge),2015-12-07T14:00,0.0,1011.6,19.5,29.2,0.371,0.389,0.406
chennai_adyar,Chennai,Tamil Nadu,East Coast (Bay of Bengal),13.0827,80.2707,6.0,2015 Historic Flood (350mm/day deluge),2015-12-07T15:00,0.0,1012.8,17.2,27.7,0.37,0.388,0.406
chennai_adyar,Chennai,Tamil Nadu,East Coast (Bay of Bengal),13.0827,80.2707,6.0,2015 Historic Flood (350mm/day deluge),2015-12-07T16:00,0.0,1013.4,17.0,25.2,0.37,0.387,0.405
chennai_adyar,Chennai,Tamil Nadu,East Coast (Bay of Bengal),13.0827,80.2707,6.0,2015 Historic Flood (350mm/day deluge),2015-12-07T17:00,0.0,1012.9,17.9,23.8,0.37,0.387,0.405
chennai_adyar,Chennai,Tamil Nadu,East Coast (Bay of Bengal),13.0827,80.2707,6.0,2015 Historic Flood (350mm/day deluge),2015-12-07T18:00,0.0,1012.7,18.1,23.8,0.37,0.386,0.405
chennai_adyar,Chennai,Tamil Nadu,East Coast (Bay of Bengal),13.0827,80.2707,6.0,2015 Historic Flood (350mm/day deluge),2015-12-07T19:00,0.0,1012.2,17.9,28.1,0.37,0.385,0.405
chennai_adyar,Chennai,Tamil Nadu,East Coast (Bay of Bengal),13.0827,80.2707,6.0,2015 Historic Flood (350mm/day deluge),2015-12-07T20:00,0.0,1011.4,18.7,28.8,0.369,0.385,0.405
chennai_adyar,Chennai,Tamil Nadu,East Coast (Bay of Bengal),13.0827,80.2707,6.0,2015 Historic Flood (350mm/day deluge),2015-12-07T21:00,0.0,1010.7,19.6,30.2,0.369,0.384,0.405
chennai_adyar,Chennai,Tamil Nadu,East Coast (Bay of Bengal),13.0827,80.2707,6.0,2015 Historic Flood (350mm/day deluge),2015-12-07T22:00,0.0,1009.9,19.6,30.6,0.369,0.383,0.404
chennai_adyar,Chennai,Tamil Nadu,East Coast (Bay of Bengal),13.0827,80.2707,6.0,2015 Historic Flood (350mm/day deluge),2015-12-07T23:00,0.0,1010.0,18.9,30.2,0.368,0.383,0.404
chennai_adyar,Chennai,Tamil Nadu,East Coast (Bay of Bengal),13.0827,80.2707,6.0,2015 Historic Flood (350mm/day deluge),2015-12-08T00:00,0.0,1010.5,18.8,29.9,0.368,0.382,0.404
chennai_adyar,Chennai,Tamil Nadu,East Coast (Bay of Bengal),13.0827,80.2707,6.0,2015 Historic Flood (350mm/day deluge),2015-12-08T01:00,0.0,1011.5,17.8,28.8,0.368,0.382,0.404
chennai_adyar,Chennai,Tamil Nadu,East Coast (Bay of Bengal),13.0827,80.2707,6.0,2015 Historic Flood (350mm/day deluge),2015-12-08T02:00,0.0,1012.7,18.5,29.5,0.367,0.381,0.404
chennai_adyar,Chennai,Tamil Nadu,East Coast (Bay of Bengal),13.0827,80.2707,6.0,2015 Historic Flood (350mm/day deluge),2015-12-08T03:00,0.0,1013.7,23.3,34.2,0.367,0.38,0.404
chennai_adyar,Chennai,Tamil Nadu,East Coast (Bay of Bengal),13.0827,80.2707,6.0,2015 Historic Flood (350mm/day deluge),2015-12-08T04:00,0.0,1014.6,23.5,40.0,0.365,0.379,0.403
chennai_adyar,Chennai,Tamil Nadu,East Coast (Bay of Bengal),13.0827,80.2707,6.0,2015 Historic Flood (350mm/day deluge),2015-12-08T05:00,0.0,1014.4,23.7,39.6,0.363,0.378,0.403
chennai_adyar,Chennai,Tamil Nadu,East Coast (Bay of Bengal),13.0827,80.2707,6.0,2015 Historic Flood (350mm/day deluge),2015-12-08T06:00,0.0,1013.7,26.1,38.9,0.362,0.377,0.403
chennai_adyar,Chennai,Tamil Nadu,East Coast (Bay of Bengal),13.0827,80.2707,6.0,2015 Historic Flood (350mm/day deluge),2015-12-08T07:00,0.0,1012.3,25.7,45.7,0.359,0.376,0.402
chennai_adyar,Chennai,Tamil Nadu,East Coast (Bay of Bengal),13.0827,80.2707,6.0,2015 Historic Flood (350mm/day deluge),2015-12-08T08:00,0.0,1011.3,23.7,43.9,0.357,0.374,0.402
chennai_adyar,Chennai,Tamil Nadu,East Coast (Bay of Bengal),13.0827,80.2707,6.0,2015 Historic Flood (350mm/day deluge),2015-12-08T09:00,0.0,1010.4,21.7,41.0,0.355,0.373,0.402
chennai_adyar,Chennai,Tamil Nadu,East Coast (Bay of Bengal),13.0827,80.2707,6.0,2015 Historic Flood (350mm/day deluge),2015-12-08T10:00,0.0,1010.6,20.5,37.8,0.353,0.372,0.401
chennai_adyar,Chennai,Tamil Nadu,East Coast (Bay of Bengal),13.0827,80.2707,6.0,2015 Historic Flood (350mm/day deluge),2015-12-08T11:00,0.0,1010.6,19.3,35.6,0.353,0.371,0.401
chennai_adyar,Chennai,Tamil Nadu,East Coast (Bay of Bengal),13.0827,80.2707,6.0,2015 Historic Flood (350mm/day deluge),2015-12-08T12:00,0.0,1011.1,18.8,35.3,0.352,0.371,0.401
chennai_adyar,Chennai,Tamil Nadu,East Coast (Bay of Bengal),13.0827,80.2707,6.0,2015 Historic Flood (350mm/day deluge),2015-12-08T13:00,0.0,1011.2,18.3,35.3,0.352,0.37,0.401
chennai_adyar,Chennai,Tamil Nadu,East Coast (Bay of Bengal),13.0827,80.2707,6.0,2015 Historic Flood (350mm/day deluge),2015-12-08T14:00,0.2,1012.4,14.3,32.4,0.353,0.37,0.401
chennai_adyar,Chennai,Tamil Nadu,East Coast (Bay of Bengal),13.0827,80.2707,6.0,2015 Historic Flood (350mm/day deluge),2015-12-08T15:00,0.6,1013.7,12.7,28.4,0.356,0.369,0.4
chennai_adyar,Chennai,Tamil Nadu,East Coast (Bay of Bengal),13.0827,80.2707,6.0,2015 Historic Flood (350mm/day deluge),2015-12-08T16:00,0.8,1013.9,11.6,24.1,0.363,0.369,0.4
chennai_adyar,Chennai,Tamil Nadu,East Coast (Bay of Bengal),13.0827,80.2707,6.0,2015 Historic Flood (350mm/day deluge),2015-12-08T17:00,0.3,1014.1,11.1,22.3,0.367,0.369,0.4
chennai_adyar,Chennai,Tamil Nadu,East Coast (Bay of Bengal),13.0827,80.2707,6.0,2015 Historic Flood (350mm/day deluge),2015-12-08T18:00,0.0,1013.5,10.7,22.0,0.367,0.369,0.4
chennai_adyar,Chennai,Tamil Nadu,East Coast (Bay of Bengal),13.0827,80.2707,6.0,2015 Historic Flood (350mm/day deluge),2015-12-08T19:00,0.1,1012.9,10.8,17.3,0.366,0.368,0.4
chennai_adyar,Chennai,Tamil Nadu,East Coast (Bay of Bengal),13.0827,80.2707,6.0,2015 Historic Flood (350mm/day deluge),2015-12-08T20:00,1.1,1012.2,12.2,19.1,0.377,0.368,0.4
chennai_adyar,Chennai,Tamil Nadu,East Coast (Bay of Bengal),13.0827,80.2707,6.0,2015 Historic Flood (350mm/day deluge),2015-12-08T21:00,0.4,1011.3,12.5,19.4,0.378,0.368,0.399
chennai_adyar,Chennai,Tamil Nadu,East Coast (Bay of Bengal),13.0827,80.2707,6.0,2015 Historic Flood (350mm/day deluge),2015-12-08T22:00,0.8,1011.0,12.9,20.9,0.379,0.368,0.399
chennai_adyar,Chennai,Tamil Nadu,East Coast (Bay of Bengal),13.0827,80.2707,6.0,2015 Historic Flood (350mm/day deluge),2015-12-08T23:00,1.3,1010.9,13.5,23.0,0.393,0.369,0.399
chennai_adyar,Chennai,Tamil Nadu,East Coast (Bay of Bengal),13.0827,80.2707,6.0,2015 Historic Flood (350mm/day deluge),2015-12-09T00:00,1.7,1011.3,14.0,22.3,0.41,0.37,0.399
chennai_adyar,Chennai,Tamil Nadu,East Coast (Bay of Bengal),13.0827,80.2707,6.0,2015 Historic Flood (350mm/day deluge),2015-12-09T01:00,1.7,1011.8,12.6,22.3,0.418,0.374,0.399
chennai_adyar,Chennai,Tamil Nadu,East Coast (Bay of Bengal),13.0827,80.2707,6.0,2015 Historic Flood (350mm/day deluge),2015-12-09T02:00,2.2,1012.6,11.2,20.5,0.422,0.383,0.399
chennai_adyar,Chennai,Tamil Nadu,East Coast (Bay of Bengal),13.0827,80.2707,6.0,2015 Historic Flood (350mm/day deluge),2015-12-09T03:00,1.4,1013.6,10.8,21.2,0.412,0.394,0.399
chennai_adyar,Chennai,Tamil Nadu,East Coast (Bay of Bengal),13.0827,80.2707,6.0,2015 Historic Flood (350mm/day deluge),2015-12-09T04:00,0.7,1014.0,12.2,23.0,0.402,0.4,0.399
chennai_adyar,Chennai,Tamil Nadu,East Coast (Bay of Bengal),13.0827,80.2707,6.0,2015 Historic Flood (350mm/day deluge),2015-12-09T05:00,0.6,1014.1,14.4,22.7,0.406,0.401,0.399
chennai_adyar,Chennai,Tamil Nadu,East Coast (Bay of Bengal),13.0827,80.2707,6.0,2015 Historic Flood (350mm/day deluge),2015-12-09T06:00,0.5,1013.5,15.2,24.1,0.408,0.402,0.399
chennai_adyar,Chennai,Tamil Nadu,East Coast (Bay of Bengal),13.0827,80.2707,6.0,2015 Historic Flood (350mm/day deluge),2015-12-09T07:00,0.8,1012.2,17.4,28.8,0.414,0.403,0.399
chennai_adyar,Chennai,Tamil Nadu,East Coast (Bay of Bengal),13.0827,80.2707,6.0,2015 Historic Flood (350mm/day deluge),2015-12-09T08:00,0.4,1011.5,16.3,28.8,0.41,0.405,0.399
chennai_adyar,Chennai,Tamil Nadu,East Coast (Bay of Bengal),13.0827,80.2707,6.0,2015 Historic Flood (350mm/day deluge),2015-12-09T09:00,0.5,1010.6,16.5,27.7,0.409,0.405,0.399
chennai_adyar,Chennai,Tamil Nadu,East Coast (Bay of Bengal),13.0827,80.2707,6.0,2015 Historic Flood (350mm/day deluge),2015-12-09T10:00,0.8,1010.5,15.0,28.1,0.414,0.405,0.399
chennai_adyar,Chennai,Tamil Nadu,East Coast (Bay of Bengal),13.0827,80.2707,6.0,2015 Historic Flood (350mm/day deluge),2015-12-09T11:00,0.5,1010.6,14.0,26.6,0.415,0.407,0.399
chennai_adyar,Chennai,Tamil Nadu,East Coast (Bay of Bengal),13.0827,80.2707,6.0,2015 Historic Flood (350mm/day deluge),2015-12-09T12:00,0.3,1010.8,15.2,22.0,0.411,0.407,0.399
chennai_adyar,Chennai,Tamil Nadu,East Coast (Bay of Bengal),13.0827,80.2707,6.0,2015 Historic Flood (350mm/day deluge),2015-12-09T13:00,0.7,1011.7,14.5,24.1,0.414,0.408,0.399
chennai_adyar,Chennai,Tamil Nadu,East Coast (Bay of Bengal),13.0827,80.2707,6.0,2015 Historic Flood (350mm/day deluge),2015-12-09T14:00,0.3,1012.3,14.7,22.7,0.413,0.408,0.399
chennai_adyar,Chennai,Tamil Nadu,East Coast (Bay of Bengal),13.0827,80.2707,6.0,2015 Historic Flood (350mm/day deluge),2015-12-09T15:00,0.3,1013.4,14.0,21.6,0.412,0.409,0.399
chennai_adyar,Chennai,Tamil Nadu,East Coast (Bay of Bengal),13.0827,80.2707,6.0,2015 Historic Flood (350mm/day deluge),2015-12-09T16:00,0.2,1013.6,14.0,21.2,0.411,0.409,0.399
chennai_adyar,Chennai,Tamil Nadu,East Coast (Bay of Bengal),13.0827,80.2707,6.0,2015 Historic Flood (350mm/day deluge),2015-12-09T17:00,0.2,1013.6,13.8,20.5,0.409,0.409,0.4
chennai_adyar,Chennai,Tamil Nadu,East Coast (Bay of Bengal),13.0827,80.2707,6.0,2015 Historic Flood (350mm/day deluge),2015-12-09T18:00,0.3,1013.1,12.4,20.9,0.41,0.409,0.4
chennai_adyar,Chennai,Tamil Nadu,East Coast (Bay of Bengal),13.0827,80.2707,6.0,2015 Historic Flood (350mm/day deluge),2015-12-09T19:00,0.2,1012.5,12.3,20.2,0.408,0.409,0.4
chennai_adyar,Chennai,Tamil Nadu,East Coast (Bay of Bengal),13.0827,80.2707,6.0,2015 Historic Flood (350mm/day deluge),2015-12-09T20:00,0.0,1011.9,11.8,19.1,0.405,0.408,0.4
chennai_adyar,Chennai,Tamil Nadu,East Coast (Bay of Bengal),13.0827,80.2707,6.0,2015 Historic Flood (350mm/day deluge),2015-12-09T21:00,0.0,1011.4,11.4,18.7,0.403,0.408,0.4
chennai_adyar,Chennai,Tamil Nadu,East Coast (Bay of Bengal),13.0827,80.2707,6.0,2015 Historic Flood (350mm/day deluge),2015-12-09T22:00,0.1,1011.5,11.8,19.4,0.402,0.408,0.4
chennai_adyar,Chennai,Tamil Nadu,East Coast (Bay of Bengal),13.0827,80.2707,6.0,2015 Historic Flood (350mm/day deluge),2015-12-09T23:00,0.1,1011.2,12.6,19.4,0.4,0.407,0.4
chennai_adyar,Chennai,Tamil Nadu,East Coast (Bay of Bengal),13.0827,80.2707,6.0,2015 Historic Flood (350mm/day deluge),2015-12-10T00:00,0.3,1011.3,13.2,19.4,0.4,0.407,0.4
chennai_adyar,Chennai,Tamil Nadu,East Coast (Bay of Bengal),13.0827,80.2707,6.0,2015 Historic Flood (350mm/day deluge),2015-12-10T01:00,0.1,1012.5,13.5,18.7,0.399,0.406,0.4
chennai_adyar,Chennai,Tamil Nadu,East Coast (Bay of Bengal),13.0827,80.2707,6.0,2015 Historic Flood (350mm/day deluge),2015-12-10T02:00,0.3,1013.1,15.8,20.5,0.399,0.406,0.4
chennai_adyar,Chennai,Tamil Nadu,East Coast (Bay of Bengal),13.0827,80.2707,6.0,2015 Historic Flood (350mm/day deluge),2015-12-10T03:00,0.1,1014.1,17.4,24.1,0.398,0.405,0.4
chennai_adyar,Chennai,Tamil Nadu,East Coast (Bay of Bengal),13.0827,80.2707,6.0,2015 Historic Flood (350mm/day deluge),2015-12-10T04:00,0.0,1014.7,20.1,27.0,0.396,0.405,0.4
chennai_adyar,Chennai,Tamil Nadu,East Coast (Bay of Bengal),13.0827,80.2707,6.0,2015 Historic Flood (350mm/day deluge),2015-12-10T05:00,0.2,1014.7,20.2,30.2,0.395,0.404,0.4
chennai_adyar,Chennai,Tamil Nadu,East Coast (Bay of Bengal),13.0827,80.2707,6.0,2015 Historic Flood (350mm/day deluge),2015-12-10T06:00,0.2,1014.0,20.6,32.8,0.392,0.403,0.4
chennai_adyar,Chennai,Tamil Nadu,East Coast (Bay of Bengal),13.0827,80.2707,6.0,2015 Historic Flood (350mm/day deluge),2015-12-10T07:00,0.0,1013.1,19.7,35.3,0.389,0.402,0.4
chennai_adyar,Chennai,Tamil Nadu,East Coast (Bay of Bengal),13.0827,80.2707,6.0,2015 Historic Flood (350mm/day deluge),2015-12-10T08:00,0.0,1011.7,20.1,34.9,0.386,0.401,0.4
chennai_adyar,Chennai,Tamil Nadu,East Coast (Bay of Bengal),13.0827,80.2707,6.0,2015 Historic Flood (350mm/day deluge),2015-12-10T09:00,0.0,1010.9,19.8,34.9,0.384,0.399,0.4
chennai_adyar,Chennai,Tamil Nadu,East Coast (Bay of Bengal),13.0827,80.2707,6.0,2015 Historic Flood (350mm/day deluge),2015-12-10T10:00,0.0,1010.3,17.4,33.8,0.382,0.398,0.4
chennai_adyar,Chennai,Tamil Nadu,East Coast (Bay of Bengal),13.0827,80.2707,6.0,2015 Historic Flood (350mm/day deluge),2015-12-10T11:00,0.0,1010.4,16.3,32.0,0.38,0.397,0.399
chennai_adyar,Chennai,Tamil Nadu,East Coast (Bay of Bengal),13.0827,80.2707,6.0,2015 Historic Flood (350mm/day deluge),2015-12-10T12:00,0.0,1010.4,13.9,27.7,0.38,0.397,0.399
chennai_adyar,Chennai,Tamil Nadu,East Coast (Bay of Bengal),13.0827,80.2707,6.0,2015 Historic Flood (350mm/day deluge),2015-12-10T13:00,0.0,1010.8,13.0,22.3,0.379,0.396,0.399
chennai_adyar,Chennai,Tamil Nadu,East Coast (Bay of Bengal),13.0827,80.2707,6.0,2015 Historic Flood (350mm/day deluge),2015-12-10T14:00,0.0,1011.6,12.1,19.4,0.379,0.395,0.399
chennai_adyar,Chennai,Tamil Nadu,East Coast (Bay of Bengal),13.0827,80.2707,6.0,2015 Historic Flood (350mm/day deluge),2015-12-10T15:00,0.0,1012.2,11.0,15.8,0.378,0.395,0.399
chennai_adyar,Chennai,Tamil Nadu,East Coast (Bay of Bengal),13.0827,80.2707,6.0,2015 Historic Flood (350mm/day deluge),2015-12-10T16:00,0.0,1012.9,9.4,13.3,0.378,0.394,0.399
chennai_adyar,Chennai,Tamil Nadu,East Coast (Bay of Bengal),13.0827,80.2707,6.0,2015 Historic Flood (350mm/day deluge),2015-12-10T17:00,0.0,1012.7,8.7,12.6,0.378,0.394,0.399
chennai_adyar,Chennai,Tamil Nadu,East Coast (Bay of Bengal),13.0827,80.2707,6.0,2015 Historic Flood (350mm/day deluge),2015-12-10T18:00,0.0,1012.2,8.9,13.0,0.378,0.393,0.399
chennai_adyar,Chennai,Tamil Nadu,East Coast (Bay of Bengal),13.0827,80.2707,6.0,2015 Historic Flood (350mm/day deluge),2015-12-10T19:00,0.0,1011.6,8.5,15.1,0.377,0.393,0.399
chennai_adyar,Chennai,Tamil Nadu,East Coast (Bay of Bengal),13.0827,80.2707,6.0,2015 Historic Flood (350mm/day deluge),2015-12-10T20:00,0.0,1011.0,7.9,14.8,0.377,0.392,0.399
chennai_adyar,Chennai,Tamil Nadu,East Coast (Bay of Bengal),13.0827,80.2707,6.0,2015 Historic Flood (350mm/day deluge),2015-12-10T21:00,0.0,1010.4,6.8,14.4,0.377,0.392,0.399
chennai_adyar,Chennai,Tamil Nadu,East Coast (Bay of Bengal),13.0827,80.2707,6.0,2015 Historic Flood (350mm/day deluge),2015-12-10T22:00,0.1,1010.3,6.5,13.7,0.377,0.391,0.398
chennai_adyar,Chennai,Tamil Nadu,East Coast (Bay of Bengal),13.0827,80.2707,6.0,2015 Historic Flood (350mm/day deluge),2015-12-10T23:00,0.1,1009.8,5.6,12.2,0.377,0.391,0.398
chennai_adyar,Chennai,Tamil Nadu,East Coast (Bay of Bengal),13.0827,80.2707,6.0,2015 Historic Flood (350mm/day deluge),2015-12-11T00:00,0.2,1010.2,4.6,10.4,0.377,0.39,0.398
chennai_adyar,Chennai,Tamil Nadu,East Coast (Bay of Bengal),13.0827,80.2707,6.0,2015 Historic Flood (350mm/day deluge),2015-12-11T01:00,0.1,1010.9,3.9,9.4,0.377,0.39,0.398
chennai_adyar,Chennai,Tamil Nadu,East Coast (Bay of Bengal),13.0827,80.2707,6.0,2015 Historic Flood (350mm/day deluge),2015-12-11T02:00,0.2,1011.8,3.9,10.1,0.378,0.39,0.398
chennai_adyar,Chennai,Tamil Nadu,East Coast (Bay of Bengal),13.0827,80.2707,6.0,2015 Historic Flood (350mm/day deluge),2015-12-11T03:00,0.2,1012.8,4.9,11.2,0.378,0.389,0.398
chennai_adyar,Chennai,Tamil Nadu,East Coast (Bay of Bengal),13.0827,80.2707,6.0,2015 Historic Flood (350mm/day deluge),2015-12-11T04:00,0.2,1013.5,6.6,14.0,0.378,0.389,0.398
chennai_adyar,Chennai,Tamil Nadu,East Coast (Bay of Bengal),13.0827,80.2707,6.0,2015 Historic Flood (350mm/day deluge),2015-12-11T05:00,0.2,1013.3,7.3,16.9,0.378,0.388,0.398
chennai_adyar,Chennai,Tamil Nadu,East Coast (Bay of Bengal),13.0827,80.2707,6.0,2015 Historic Flood (350mm/day deluge),2015-12-11T06:00,0.2,1012.7,7.3,18.4,0.377,0.388,0.398
chennai_adyar,Chennai,Tamil Nadu,East Coast (Bay of Bengal),13.0827,80.2707,6.0,2015 Historic Flood (350mm/day deluge),2015-12-11T07:00,0.0,1011.6,7.4,18.4,0.375,0.387,0.397
chennai_adyar,Chennai,Tamil Nadu,East Coast (Bay of Bengal),13.0827,80.2707,6.0,2015 Historic Flood (350mm/day deluge),2015-12-11T08:00,0.0,1010.2,7.2,18.4,0.374,0.386,0.397
chennai_adyar,Chennai,Tamil Nadu,East Coast (Bay of Bengal),13.0827,80.2707,6.0,2015 Historic Flood (350mm/day deluge),2015-12-11T09:00,0.0,1009.4,7.3,18.7,0.372,0.385,0.397
chennai_adyar,Chennai,Tamil Nadu,East Coast (Bay of Bengal),13.0827,80.2707,6.0,2015 Historic Flood (350mm/day deluge),2015-12-11T10:00,0.0,1008.6,9.0,19.1,0.371,0.384,0.397
chennai_adyar,Chennai,Tamil Nadu,East Coast (Bay of Bengal),13.0827,80.2707,6.0,2015 Historic Flood (350mm/day deluge),2015-12-11T11:00,0.0,1008.5,10.1,18.7,0.371,0.383,0.397
chennai_adyar,Chennai,Tamil Nadu,East Coast (Bay of Bengal),13.0827,80.2707,6.0,2015 Historic Flood (350mm/day deluge),2015-12-11T12:00,0.0,1008.6,9.4,17.6,0.371,0.383,0.397
chennai_adyar,Chennai,Tamil Nadu,East Coast (Bay of Bengal),13.0827,80.2707,6.0,2015 Historic Flood (350mm/day deluge),2015-12-11T13:00,0.1,1009.5,8.7,14.0,0.372,0.383,0.396
chennai_adyar,Chennai,Tamil Nadu,East Coast (Bay of Bengal),13.0827,80.2707,6.0,2015 Historic Flood (350mm/day deluge),2015-12-11T14:00,0.0,1010.4,8.6,12.2,0.372,0.382,0.396
chennai_adyar,Chennai,Tamil Nadu,East Coast (Bay of Bengal),13.0827,80.2707,6.0,2015 Historic Flood (350mm/day deluge),2015-12-11T15:00,0.0,1011.2,7.9,10.8,0.371,0.382,0.396
chennai_adyar,Chennai,Tamil Nadu,East Coast (Bay of Bengal),13.0827,80.2707,6.0,2015 Historic Flood (350mm/day deluge),2015-12-11T16:00,0.0,1011.9,8.0,11.2,0.371,0.381,0.396
chennai_adyar,Chennai,Tamil Nadu,East Coast (Bay of Bengal),13.0827,80.2707,6.0,2015 Historic Flood (350mm/day deluge),2015-12-11T17:00,0.0,1011.8,8.5,11.2,0.371,0.381,0.396
chennai_adyar,Chennai,Tamil Nadu,East Coast (Bay of Bengal),13.0827,80.2707,6.0,2015 Historic Flood (350mm/day deluge),2015-12-11T18:00,0.0,1011.6,8.8,11.9,0.37,0.381,0.396
chennai_adyar,Chennai,Tamil Nadu,East Coast (Bay of Bengal),13.0827,80.2707,6.0,2015 Historic Flood (350mm/day deluge),2015-12-11T19:00,0.0,1010.9,9.5,14.0,0.37,0.38,0.396
chennai_adyar,Chennai,Tamil Nadu,East Coast (Bay of Bengal),13.0827,80.2707,6.0,2015 Historic Flood (350mm/day deluge),2015-12-11T20:00,0.0,1010.4,9.5,14.4,0.37,0.38,0.396
chennai_adyar,Chennai,Tamil Nadu,East Coast (Bay of Bengal),13.0827,80.2707,6.0,2015 Historic Flood (350mm/day deluge),2015-12-11T21:00,0.0,1009.8,8.7,14.0,0.369,0.38,0.396
chennai_adyar,Chennai,Tamil Nadu,East Coast (Bay of Bengal),13.0827,80.2707,6.0,2015 Historic Flood (350mm/day deluge),2015-12-11T22:00,0.0,1009.4,8.1,13.7,0.369,0.379,0.395
chennai_adyar,Chennai,Tamil Nadu,East Coast (Bay of Bengal),13.0827,80.2707,6.0,2015 Historic Flood (350mm/day deluge),2015-12-11T23:00,0.0,1009.2,8.6,13.0,0.369,0.379,0.395
chennai_adyar,Chennai,Tamil Nadu,East Coast (Bay of Bengal),13.0827,80.2707,6.0,2015 Historic Flood (350mm/day deluge),2015-12-12T00:00,0.0,1009.2,8.8,12.2,0.368,0.379,0.395
chennai_adyar,Chennai,Tamil Nadu,East Coast (Bay of Bengal),13.0827,80.2707,6.0,2015 Historic Flood (350mm/day deluge),2015-12-12T01:00,0.0,1010.2,7.2,11.9,0.368,0.378,0.395
chennai_adyar,Chennai,Tamil Nadu,East Coast (Bay of Bengal),13.0827,80.2707,6.0,2015 Historic Flood (350mm/day deluge),2015-12-12T02:00,0.0,1010.9,6.4,12.6,0.368,0.378,0.395
chennai_adyar,Chennai,Tamil Nadu,East Coast (Bay of Bengal),13.0827,80.2707,6.0,2015 Historic Flood (350mm/day deluge),2015-12-12T03:00,0.0,1011.4,9.4,14.8,0.367,0.378,0.395
chennai_adyar,Chennai,Tamil Nadu,East Coast (Bay of Bengal),13.0827,80.2707,6.0,2015 Historic Flood (350mm/day deluge),2015-12-12T04:00,0.0,1012.0,8.4,18.4,0.366,0.377,0.395
chennai_adyar,Chennai,Tamil Nadu,East Coast (Bay of Bengal),13.0827,80.2707,6.0,2015 Historic Flood (350mm/day deluge),2015-12-12T05:00,0.0,1011.5,6.4,18.7,0.364,0.376,0.395
chennai_adyar,Chennai,Tamil Nadu,East Coast (Bay of Bengal),13.0827,80.2707,6.0,2015 Historic Flood (350mm/day deluge),2015-12-12T06:00,0.0,1011.2,7.2,19.1,0.362,0.375,0.394
chennai_adyar,Chennai,Tamil Nadu,East Coast (Bay of Bengal),13.0827,80.2707,6.0,2015 Historic Flood (350mm/day deluge),2015-12-12T07:00,0.0,1010.3,8.8,18.4,0.36,0.374,0.394
chennai_adyar,Chennai,Tamil Nadu,East Coast (Bay of Bengal),13.0827,80.2707,6.0,2015 Historic Flood (350mm/day deluge),2015-12-12T08:00,0.0,1009.1,9.5,19.8,0.358,0.373,0.394
chennai_adyar,Chennai,Tamil Nadu,East Coast (Bay of Bengal),13.0827,80.2707,6.0,2015 Historic Flood (350mm/day deluge),2015-12-12T09:00,0.0,1008.3,9.7,20.2,0.357,0.372,0.393
chennai_adyar,Chennai,Tamil Nadu,East Coast (Bay of Bengal),13.0827,80.2707,6.0,2015 Historic Flood (350mm/day deluge),2015-12-12T10:00,0.0,1007.8,11.2,19.8,0.355,0.371,0.393
chennai_adyar,Chennai,Tamil Nadu,East Coast (Bay of Bengal),13.0827,80.2707,6.0,2015 Historic Flood (350mm/day deluge),2015-12-12T11:00,0.0,1007.8,10.8,18.7,0.354,0.37,0.393
chennai_adyar,Chennai,Tamil Nadu,East Coast (Bay of Bengal),13.0827,80.2707,6.0,2015 Historic Flood (350mm/day deluge),2015-12-12T12:00,0.0,1008.1,10.0,17.6,0.354,0.37,0.393
chennai_adyar,Chennai,Tamil Nadu,East Coast (Bay of Bengal),13.0827,80.2707,6.0,2015 Historic Flood (350mm/day deluge),2015-12-12T13:00,0.0,1009.0,10.0,14.4,0.354,0.37,0.393
chennai_adyar,Chennai,Tamil Nadu,East Coast (Bay of Bengal),13.0827,80.2707,6.0,2015 Historic Flood (350mm/day deluge),2015-12-12T14:00,0.0,1009.5,9.5,14.4,0.354,0.369,0.393
chennai_adyar,Chennai,Tamil Nadu,East Coast (Bay of Bengal),13.0827,80.2707,6.0,2015 Historic Flood (350mm/day deluge),2015-12-12T15:00,0.0,1010.5,8.7,14.4,0.354,0.369,0.393
chennai_adyar,Chennai,Tamil Nadu,East Coast (Bay of Bengal),13.0827,80.2707,6.0,2015 Historic Flood (350mm/day deluge),2015-12-12T16:00,0.0,1010.9,8.8,14.0,0.354,0.369,0.392
chennai_adyar,Chennai,Tamil Nadu,East Coast (Bay of Bengal),13.0827,80.2707,6.0,2015 Historic Flood (350mm/day deluge),2015-12-12T17:00,0.0,1010.9,8.4,13.7,0.354,0.368,0.392
chennai_adyar,Chennai,Tamil Nadu,East Coast (Bay of Bengal),13.0827,80.2707,6.0,2015 Historic Flood (350mm/day deluge),2015-12-12T18:00,0.0,1010.7,8.9,13.7,0.354,0.368,0.392
chennai_adyar,Chennai,Tamil Nadu,East Coast (Bay of Bengal),13.0827,80.2707,6.0,2015 Historic Flood (350mm/day deluge),2015-12-12T19:00,0.0,1010.2,7.2,11.9,0.354,0.368,0.392
chennai_adyar,Chennai,Tamil Nadu,East Coast (Bay of Bengal),13.0827,80.2707,6.0,2015 Historic Flood (350mm/day deluge),2015-12-12T20:00,0.0,1009.6,4.3,10.1,0.354,0.367,0.392
chennai_adyar,Chennai,Tamil Nadu,East Coast (Bay of Bengal),13.0827,80.2707,6.0,2015 Historic Flood (350mm/day deluge),2015-12-12T21:00,0.0,1008.9,1.8,6.8,0.354,0.367,0.392
chennai_adyar,Chennai,Tamil Nadu,East Coast (Bay of Bengal),13.0827,80.2707,6.0,2015 Historic Flood (350mm/day deluge),2015-12-12T22:00,0.0,1009.0,1.8,6.1,0.354,0.367,0.392
chennai_adyar,Chennai,Tamil Nadu,East Coast (Bay of Bengal),13.0827,80.2707,6.0,2015 Historic Flood (350mm/day deluge),2015-12-12T23:00,0.0,1008.9,0.8,6.1,0.354,0.366,0.392
chennai_adyar,Chennai,Tamil Nadu,East Coast (Bay of Bengal),13.0827,80.2707,6.0,2015 Historic Flood (350mm/day deluge),2015-12-13T00:00,0.0,1008.8,1.8,7.6,0.354,0.366,0.392
chennai_adyar,Chennai,Tamil Nadu,East Coast (Bay of Bengal),13.0827,80.2707,6.0,2015 Historic Flood (350mm/day deluge),2015-12-13T01:00,0.0,1009.7,2.3,7.6,0.354,0.366,0.391
chennai_adyar,Chennai,Tamil Nadu,East Coast (Bay of Bengal),13.0827,80.2707,6.0,2015 Historic Flood (350mm/day deluge),2015-12-13T02:00,0.0,1010.6,0.0,9.7,0.354,0.366,0.391
chennai_adyar,Chennai,Tamil Nadu,East Coast (Bay of Bengal),13.0827,80.2707,6.0,2015 Historic Flood (350mm/day deluge),2015-12-13T03:00,0.0,1012.0,2.6,9.7,0.353,0.365,0.391
chennai_adyar,Chennai,Tamil Nadu,East Coast (Bay of Bengal),13.0827,80.2707,6.0,2015 Historic Flood (350mm/day deluge),2015-12-13T04:00,0.0,1012.5,6.3,11.9,0.352,0.365,0.391
chennai_adyar,Chennai,Tamil Nadu,East Coast (Bay of Bengal),13.0827,80.2707,6.0,2015 Historic Flood (350mm/day deluge),2015-12-13T05:00,0.0,1012.5,6.8,16.2,0.35,0.364,0.391
chennai_adyar,Chennai,Tamil Nadu,East Coast (Bay of Bengal),13.0827,80.2707,6.0,2015 Historic Flood (350mm/day deluge),2015-12-13T06:00,0.0,1012.0,6.2,16.2,0.348,0.362,0.39
chennai_adyar,Chennai,Tamil Nadu,East Coast (Bay of Bengal),13.0827,80.2707,6.0,2015 Historic Flood (350mm/day deluge),2015-12-13T07:00,0.0,1011.1,5.9,15.8,0.345,0.361,0.39
chennai_adyar,Chennai,Tamil Nadu,East Coast (Bay of Bengal),13.0827,80.2707,6.0,2015 Historic Flood (350mm/day deluge),2015-12-13T08:00,0.0,1009.9,6.6,16.6,0.343,0.36,0.39
chennai_adyar,Chennai,Tamil Nadu,East Coast (Bay of Bengal),13.0827,80.2707,6.0,2015 Historic Flood (350mm/day deluge),2015-12-13T09:00,0.0,1009.1,7.7,17.3,0.341,0.359,0.389
chennai_adyar,Chennai,Tamil Nadu,East Coast (Bay of Bengal),13.0827,80.2707,6.0,2015 Historic Flood (350mm/day deluge),2015-12-13T10:00,0.0,1008.7,9.3,17.6,0.339,0.358,0.389
chennai_adyar,Chennai,Tamil Nadu,East Coast (Bay of Bengal),13.0827,80.2707,6.0,2015 Historic Flood (350mm/day deluge),2015-12-13T11:00,0.0,1008.8,9.5,17.6,0.338,0.357,0.389
chennai_adyar,Chennai,Tamil Nadu,East Coast (Bay of Bengal),13.0827,80.2707,6.0,2015 Historic Flood (350mm/day deluge),2015-12-13T12:00,0.0,1009.1,7.9,16.2,0.338,0.357,0.389
chennai_adyar,Chennai,Tamil Nadu,East Coast (Bay of Bengal),13.0827,80.2707,6.0,2015 Historic Flood (350mm/day deluge),2015-12-13T13:00,0.0,1009.6,7.6,12.6,0.338,0.356,0.389
chennai_adyar,Chennai,Tamil Nadu,East Coast (Bay of Bengal),13.0827,80.2707,6.0,2015 Historic Flood (350mm/day deluge),2015-12-13T14:00,0.0,1010.3,7.2,12.2,0.338,0.356,0.388
chennai_adyar,Chennai,Tamil Nadu,East Coast (Bay of Bengal),13.0827,80.2707,6.0,2015 Historic Flood (350mm/day deluge),2015-12-13T15:00,0.0,1011.3,7.6,11.2,0.338,0.356,0.388
chennai_adyar,Chennai,Tamil Nadu,East Coast (Bay of Bengal),13.0827,80.2707,6.0,2015 Historic Flood (350mm/day deluge),2015-12-13T16:00,0.0,1011.7,7.9,11.2,0.338,0.356,0.388
chennai_adyar,Chennai,Tamil Nadu,East Coast (Bay of Bengal),13.0827,80.2707,6.0,2015 Historic Flood (350mm/day deluge),2015-12-13T17:00,0.0,1011.6,8.3,11.9,0.338,0.355,0.388
chennai_adyar,Chennai,Tamil Nadu,East Coast (Bay of Bengal),13.0827,80.2707,6.0,2015 Historic Flood (350mm/day deluge),2015-12-13T18:00,0.0,1011.4,8.6,12.2,0.339,0.355,0.388
chennai_adyar,Chennai,Tamil Nadu,East Coast (Bay of Bengal),13.0827,80.2707,6.0,2015 Historic Flood (350mm/day deluge),2015-12-13T19:00,0.0,1011.0,8.4,11.9,0.339,0.355,0.388
chennai_adyar,Chennai,Tamil Nadu,East Coast (Bay of Bengal),13.0827,80.2707,6.0,2015 Historic Flood (350mm/day deluge),2015-12-13T20:00,0.0,1010.4,6.8,11.2,0.339,0.355,0.388
chennai_adyar,Chennai,Tamil Nadu,East Coast (Bay of Bengal),13.0827,80.2707,6.0,2015 Historic Flood (350mm/day deluge),2015-12-13T21:00,0.0,1009.9,5.9,10.1,0.339,0.354,0.388
chennai_adyar,Chennai,Tamil Nadu,East Coast (Bay of Bengal),13.0827,80.2707,6.0,2015 Historic Flood (350mm/day deluge),2015-12-13T22:00,0.0,1009.7,5.1,10.4,0.339,0.354,0.387
chennai_adyar,Chennai,Tamil Nadu,East Coast (Bay of Bengal),13.0827,80.2707,6.0,2015 Historic Flood (350mm/day deluge),2015-12-13T23:00,0.0,1009.6,5.1,10.4,0.339,0.354,0.387
chennai_adyar,Chennai,Tamil Nadu,East Coast (Bay of Bengal),13.0827,80.2707,6.0,2015 Historic Flood (350mm/day deluge),2015-12-14T00:00,0.0,1010.0,4.8,10.4,0.339,0.354,0.387
chennai_adyar,Chennai,Tamil Nadu,East Coast (Bay of Bengal),13.0827,80.2707,6.0,2015 Historic Flood (350mm/day deluge),2015-12-14T01:00,0.0,1010.6,6.0,11.9,0.339,0.354,0.387
chennai_adyar,Chennai,Tamil Nadu,East Coast (Bay of Bengal),13.0827,80.2707,6.0,2015 Historic Flood (350mm/day deluge),2015-12-14T02:00,0.0,1011.5,7.5,15.5,0.339,0.353,0.387
chennai_adyar,Chennai,Tamil Nadu,East Coast (Bay of Bengal),13.0827,80.2707,6.0,2015 Historic Flood (350mm/day deluge),2015-12-14T03:00,0.0,1012.4,8.4,17.3,0.339,0.353,0.387
chennai_adyar,Chennai,Tamil Nadu,East Coast (Bay of Bengal),13.0827,80.2707,6.0,2015 Historic Flood (350mm/day deluge),2015-12-14T04:00,0.0,1013.1,10.3,21.2,0.338,0.352,0.387
chennai_adyar,Chennai,Tamil Nadu,East Coast (Bay of Bengal),13.0827,80.2707,6.0,2015 Historic Flood (350mm/day deluge),2015-12-14T05:00,0.0,1013.0,9.3,21.2,0.336,0.351,0.386
chennai_adyar,Chennai,Tamil Nadu,East Coast (Bay of Bengal),13.0827,80.2707,6.0,2015 Historic Flood (350mm/day deluge),2015-12-14T06:00,0.0,1012.5,8.7,20.2,0.335,0.351,0.386
chennai_adyar,Chennai,Tamil Nadu,East Coast (Bay of Bengal),13.0827,80.2707,6.0,2015 Historic Flood (350mm/day deluge),2015-12-14T07:00,0.0,1011.4,9.8,20.2,0.333,0.35,0.386
chennai_adyar,Chennai,Tamil Nadu,East Coast (Bay of Bengal),13.0827,80.2707,6.0,2015 Historic Flood (350mm/day deluge),2015-12-14T08:00,0.0,1010.4,11.0,20.9,0.332,0.349,0.385
chennai_adyar,Chennai,Tamil Nadu,East Coast (Bay of Bengal),13.0827,80.2707,6.0,2015 Historic Flood (350mm/day deluge),2015-12-14T09:00,0.0,1009.7,10.1,21.2,0.331,0.348,0.385
chennai_adyar,Chennai,Tamil Nadu,East Coast (Bay of Bengal),13.0827,80.2707,6.0,2015 Historic Flood (350mm/day deluge),2015-12-14T10:00,0.0,1009.7,10.8,21.2,0.331,0.348,0.385
chennai_adyar,Chennai,Tamil Nadu,East Coast (Bay of Bengal),13.0827,80.2707,6.0,2015 Historic Flood (350mm/day deluge),2015-12-14T11:00,0.0,1009.5,11.3,21.2,0.33,0.347,0.385
chennai_adyar,Chennai,Tamil Nadu,East Coast (Bay of Bengal),13.0827,80.2707,6.0,2015 Historic Flood (350mm/day deluge),2015-12-14T12:00,0.0,1009.7,10.4,20.9,0.33,0.347,0.385
chennai_adyar,Chennai,Tamil Nadu,East Coast (Bay of Bengal),13.0827,80.2707,6.0,2015 Historic Flood (350mm/day deluge),2015-12-14T13:00,0.0,1009.8,9.5,17.6,0.33,0.347,0.385
chennai_adyar,Chennai,Tamil Nadu,East Coast (Bay of Bengal),13.0827,80.2707,6.0,2015 Historic Flood (350mm/day deluge),2015-12-14T14:00,0.0,1010.7,8.9,14.8,0.33,0.347,0.384
chennai_adyar,Chennai,Tamil Nadu,East Coast (Bay of Bengal),13.0827,80.2707,6.0,2015 Historic Flood (350mm/day deluge),2015-12-14T15:00,0.0,1011.9,9.5,13.0,0.33,0.346,0.384
chennai_adyar,Chennai,Tamil Nadu,East Coast (Bay of Bengal),13.0827,80.2707,6.0,2015 Historic Flood (350mm/day deluge),2015-12-14T16:00,0.0,1012.2,9.6,13.0,0.33,0.346,0.384
chennai_adyar,Chennai,Tamil Nadu,East Coast (Bay of Bengal),13.0827,80.2707,6.0,2015 Historic Flood (350mm/day deluge),2015-12-14T17:00,0.0,1012.4,9.1,13.0,0.33,0.346,0.384
chennai_adyar,Chennai,Tamil Nadu,East Coast (Bay of Bengal),13.0827,80.2707,6.0,2015 Historic Flood (350mm/day deluge),2015-12-14T18:00,0.0,1012.0,8.6,13.0,0.331,0.346,0.384
chennai_adyar,Chennai,Tamil Nadu,East Coast (Bay of Bengal),13.0827,80.2707,6.0,2015 Historic Flood (350mm/day deluge),2015-12-14T19:00,0.0,1011.3,8.4,13.0,0.331,0.346,0.384
chennai_adyar,Chennai,Tamil Nadu,East Coast (Bay of Bengal),13.0827,80.2707,6.0,2015 Historic Flood (350mm/day deluge),2015-12-14T20:00,0.0,1010.7,7.2,12.2,0.331,0.346,0.384
chennai_adyar,Chennai,Tamil Nadu,East Coast (Bay of Bengal),13.0827,80.2707,6.0,2015 Historic Flood (350mm/day deluge),2015-12-14T21:00,0.0,1010.0,4.9,10.4,0.331,0.345,0.384
chennai_adyar,Chennai,Tamil Nadu,East Coast (Bay of Bengal),13.0827,80.2707,6.0,2015 Historic Flood (350mm/day deluge),2015-12-14T22:00,0.0,1009.6,5.2,9.7,0.331,0.345,0.383
chennai_adyar,Chennai,Tamil Nadu,East Coast (Bay of Bengal),13.0827,80.2707,6.0,2015 Historic Flood (350mm/day deluge),2015-12-14T23:00,0.0,1009.9,5.6,9.7,0.331,0.345,0.383
chennai_adyar,Chennai,Tamil Nadu,East Coast (Bay of Bengal),13.0827,80.2707,6.0,2015 Historic Flood (350mm/day deluge),2015-12-15T00:00,0.0,1010.1,5.7,9.4,0.331,0.345,0.383
chennai_adyar,Chennai,Tamil Nadu,East Coast (Bay of Bengal),13.0827,80.2707,6.0,2015 Historic Flood (350mm/day deluge),2015-12-15T01:00,0.0,1010.8,5.0,8.6,0.331,0.345,0.383
chennai_adyar,Chennai,Tamil Nadu,East Coast (Bay of Bengal),13.0827,80.2707,6.0,2015 Historic Flood (350mm/day deluge),2015-12-15T02:00,0.0,1011.7,5.0,10.8,0.331,0.345,0.383
chennai_adyar,Chennai,Tamil Nadu,East Coast (Bay of Bengal),13.0827,80.2707,6.0,2015 Historic Flood (350mm/day deluge),2015-12-15T03:00,0.0,1012.5,5.6,12.6,0.332,0.345,0.383
chennai_adyar,Chennai,Tamil Nadu,East Coast (Bay of Bengal),13.0827,80.2707,6.0,2015 Historic Flood (350mm/day deluge),2015-12-15T04:00,0.0,1012.8,7.5,16.2,0.331,0.344,0.383
chennai_adyar,Chennai,Tamil Nadu,East Coast (Bay of Bengal),13.0827,80.2707,6.0,2015 Historic Flood (350mm/day deluge),2015-12-15T05:00,0.0,1013.2,8.7,18.4,0.329,0.343,0.382
chennai_adyar,Chennai,Tamil Nadu,East Coast (Bay of Bengal),13.0827,80.2707,6.0,2015 Historic Flood (350mm/day deluge),2015-12-15T06:00,0.0,1012.4,9.4,20.5,0.328,0.343,0.382
chennai_adyar,Chennai,Tamil Nadu,East Coast (Bay of Bengal),13.0827,80.2707,6.0,2015 Historic Flood (350mm/day deluge),2015-12-15T07:00,0.0,1011.7,9.4,20.2,0.326,0.342,0.382
chennai_adyar,Chennai,Tamil Nadu,East Coast (Bay of Bengal),13.0827,80.2707,6.0,2015 Historic Flood (350mm/day deluge),2015-12-15T08:00,0.0,1010.5,9.0,19.8,0.324,0.341,0.382
chennai_adyar,Chennai,Tamil Nadu,East Coast (Bay of Bengal),13.0827,80.2707,6.0,2015 Historic Flood (350mm/day deluge),2015-12-15T09:00,0.0,1009.7,8.6,19.4,0.322,0.34,0.381
chennai_adyar,Chennai,Tamil Nadu,East Coast (Bay of Bengal),13.0827,80.2707,6.0,2015 Historic Flood (350mm/day deluge),2015-12-15T10:00,0.0,1009.4,9.2,18.7,0.32,0.339,0.381
chennai_adyar,Chennai,Tamil Nadu,East Coast (Bay of Bengal),13.0827,80.2707,6.0,2015 Historic Flood (350mm/day deluge),2015-12-15T11:00,0.0,1009.6,9.8,18.4,0.32,0.338,0.381
chennai_adyar,Chennai,Tamil Nadu,East Coast (Bay of Bengal),13.0827,80.2707,6.0,2015 Historic Flood (350mm/day deluge),2015-12-15T12:00,0.0,1009.7,9.4,18.4,0.319,0.338,0.381
chennai_adyar,Chennai,Tamil Nadu,East Coast (Bay of Bengal),13.0827,80.2707,6.0,2015 Historic Flood (350mm/day deluge),2015-12-15T13:00,0.0,1010.5,8.8,15.8,0.319,0.338,0.38
chennai_adyar,Chennai,Tamil Nadu,East Coast (Bay of Bengal),13.0827,80.2707,6.0,2015 Historic Flood (350mm/day deluge),2015-12-15T14:00,0.0,1011.1,8.9,14.8,0.32,0.338,0.38
chennai_adyar,Chennai,Tamil Nadu,East Coast (Bay of Bengal),13.0827,80.2707,6.0,2015 Historic Flood (350mm/day deluge),2015-12-15T15:00,0.0,1012.3,8.8,13.7,0.32,0.338,0.38
chennai_adyar,Chennai,Tamil Nadu,East Coast (Bay of Bengal),13.0827,80.2707,6.0,2015 Historic Flood (350mm/day deluge),2015-12-15T16:00,0.0,1013.0,8.3,13.7,0.32,0.338,0.38
chennai_adyar,Chennai,Tamil Nadu,East Coast (Bay of Bengal),13.0827,80.2707,6.0,2015 Historic Flood (350mm/day deluge),2015-12-15T17:00,0.0,1013.3,8.7,14.0,0.32,0.337,0.38
chennai_adyar,Chennai,Tamil Nadu,East Coast (Bay of Bengal),13.0827,80.2707,6.0,2015 Historic Flood (350mm/day deluge),2015-12-15T18:00,0.0,1012.6,8.4,14.0,0.32,0.337,0.38
chennai_adyar,Chennai,Tamil Nadu,East Coast (Bay of Bengal),13.0827,80.2707,6.0,2015 Historic Flood (350mm/day deluge),2015-12-15T19:00,0.0,1012.4,8.7,13.0,0.32,0.337,0.38
chennai_adyar,Chennai,Tamil Nadu,East Coast (Bay of Bengal),13.0827,80.2707,6.0,2015 Historic Flood (350mm/day deluge),2015-12-15T20:00,0.0,1011.8,6.8,12.2,0.321,0.337,0.38
chennai_adyar,Chennai,Tamil Nadu,East Coast (Bay of Bengal),13.0827,80.2707,6.0,2015 Historic Flood (350mm/day deluge),2015-12-15T21:00,0.0,1011.4,4.1,10.4,0.321,0.337,0.379
chennai_adyar,Chennai,Tamil Nadu,East Coast (Bay of Bengal),13.0827,80.2707,6.0,2015 Historic Flood (350mm/day deluge),2015-12-15T22:00,0.0,1010.6,2.6,9.4,0.321,0.337,0.379
chennai_adyar,Chennai,Tamil Nadu,East Coast (Bay of Bengal),13.0827,80.2707,6.0,2015 Historic Flood (350mm/day deluge),2015-12-15T23:00,0.0,1010.8,2.9,10.1,0.321,0.337,0.379
chennai_adyar,Chennai,Tamil Nadu,East Coast (Bay of Bengal),13.0827,80.2707,6.0,2023 Cyclone Michaung Storm Surge,2023-11-20T00:00,0.0,1009.6,10.8,18.4,0.319,0.341,0.329
chennai_adyar,Chennai,Tamil Nadu,East Coast (Bay of Bengal),13.0827,80.2707,6.0,2023 Cyclone Michaung Storm Surge,2023-11-20T01:00,0.3,1010.1,14.9,24.5,0.317,0.34,0.33
chennai_adyar,Chennai,Tamil Nadu,East Coast (Bay of Bengal),13.0827,80.2707,6.0,2023 Cyclone Michaung Storm Surge,2023-11-20T02:00,0.2,1011.3,13.6,26.6,0.319,0.34,0.33
chennai_adyar,Chennai,Tamil Nadu,East Coast (Bay of Bengal),13.0827,80.2707,6.0,2023 Cyclone Michaung Storm Surge,2023-11-20T03:00,1.6,1012.2,17.6,29.5,0.337,0.34,0.33
chennai_adyar,Chennai,Tamil Nadu,East Coast (Bay of Bengal),13.0827,80.2707,6.0,2023 Cyclone Michaung Storm Surge,2023-11-20T04:00,0.8,1012.3,16.7,30.6,0.347,0.34,0.33
chennai_adyar,Chennai,Tamil Nadu,East Coast (Bay of Bengal),13.0827,80.2707,6.0,2023 Cyclone Michaung Storm Surge,2023-11-20T05:00,0.6,1011.8,19.2,34.6,0.352,0.34,0.33
chennai_adyar,Chennai,Tamil Nadu,East Coast (Bay of Bengal),13.0827,80.2707,6.0,2023 Cyclone Michaung Storm Surge,2023-11-20T06:00,0.3,1011.1,19.4,36.4,0.354,0.34,0.33
chennai_adyar,Chennai,Tamil Nadu,East Coast (Bay of Bengal),13.0827,80.2707,6.0,2023 Cyclone Michaung Storm Surge,2023-11-20T07:00,2.1,1010.3,20.7,38.2,0.377,0.34,0.33
chennai_adyar,Chennai,Tamil Nadu,East Coast (Bay of Bengal),13.0827,80.2707,6.0,2023 Cyclone Michaung Storm Surge,2023-11-20T08:00,1.2,1008.9,19.2,36.7,0.389,0.341,0.33
chennai_adyar,Chennai,Tamil Nadu,East Coast (Bay of Bengal),13.0827,80.2707,6.0,2023 Cyclone Michaung Storm Surge,2023-11-20T09:00,2.0,1008.4,19.7,33.8,0.409,0.342,0.33
chennai_adyar,Chennai,Tamil Nadu,East Coast (Bay of Bengal),13.0827,80.2707,6.0,2023 Cyclone Michaung Storm Surge,2023-11-20T10:00,0.8,1008.6,21.2,37.1,0.412,0.344,0.33
chennai_adyar,Chennai,Tamil Nadu,East Coast (Bay of Bengal),13.0827,80.2707,6.0,2023 Cyclone Michaung Storm Surge,2023-11-20T11:00,1.6,1008.7,19.0,36.0,0.423,0.348,0.33
chennai_adyar,Chennai,Tamil Nadu,East Coast (Bay of Bengal),13.0827,80.2707,6.0,2023 Cyclone Michaung Storm Surge,2023-11-20T12:00,1.3,1009.3,17.7,35.3,0.426,0.352,0.33
chennai_adyar,Chennai,Tamil Nadu,East Coast (Bay of Bengal),13.0827,80.2707,6.0,2023 Cyclone Michaung Storm Surge,2023-11-20T13:00,2.3,1009.8,12.8,31.7,0.426,0.363,0.33
chennai_adyar,Chennai,Tamil Nadu,East Coast (Bay of Bengal),13.0827,80.2707,6.0,2023 Cyclone Michaung Storm Surge,2023-11-20T14:00,0.4,1010.5,12.6,22.0,0.42,0.366,0.33
chennai_adyar,Chennai,Tamil Nadu,East Coast (Bay of Bengal),13.0827,80.2707,6.0,2023 Cyclone Michaung Storm Surge,2023-11-20T15:00,0.5,1011.1,10.0,22.3,0.419,0.369,0.33
chennai_adyar,Chennai,Tamil Nadu,East Coast (Bay of Bengal),13.0827,80.2707,6.0,2023 Cyclone Michaung Storm Surge,2023-11-20T16:00,0.5,1011.1,7.2,16.9,0.418,0.371,0.33
chennai_adyar,Chennai,Tamil Nadu,East Coast (Bay of Bengal),13.0827,80.2707,6.0,2023 Cyclone Michaung Storm Surge,2023-11-20T17:00,0.3,1011.1,6.5,11.9,0.415,0.373,0.331
chennai_adyar,Chennai,Tamil Nadu,East Coast (Bay of Bengal),13.0827,80.2707,6.0,2023 Cyclone Michaung Storm Surge,2023-11-20T18:00,0.1,1010.7,3.7,11.2,0.412,0.374,0.331
chennai_adyar,Chennai,Tamil Nadu,East Coast (Bay of Bengal),13.0827,80.2707,6.0,2023 Cyclone Michaung Storm Surge,2023-11-20T19:00,0.2,1010.2,2.2,6.1,0.41,0.376,0.331
chennai_adyar,Chennai,Tamil Nadu,East Coast (Bay of Bengal),13.0827,80.2707,6.0,2023 Cyclone Michaung Storm Surge,2023-11-20T20:00,0.1,1009.3,2.5,5.0,0.407,0.377,0.331
chennai_adyar,Chennai,Tamil Nadu,East Coast (Bay of Bengal),13.0827,80.2707,6.0,2023 Cyclone Michaung Storm Surge,2023-11-20T21:00,0.0,1008.6,2.6,4.7,0.405,0.377,0.331
chennai_adyar,Chennai,Tamil Nadu,East Coast (Bay of Bengal),13.0827,80.2707,6.0,2023 Cyclone Michaung Storm Surge,2023-11-20T22:00,0.0,1008.4,2.9,6.8,0.402,0.378,0.331
chennai_adyar,Chennai,Tamil Nadu,East Coast (Bay of Bengal),13.0827,80.2707,6.0,2023 Cyclone Michaung Storm Surge,2023-11-20T23:00,0.2,1008.6,4.7,7.6,0.403,0.379,0.331
chennai_adyar,Chennai,Tamil Nadu,East Coast (Bay of Bengal),13.0827,80.2707,6.0,2023 Cyclone Michaung Storm Surge,2023-11-21T00:00,0.0,1009.2,7.7,13.7,0.401,0.379,0.331
chennai_adyar,Chennai,Tamil Nadu,East Coast (Bay of Bengal),13.0827,80.2707,6.0,2023 Cyclone Michaung Storm Surge,2023-11-21T01:00,2.0,1009.9,7.2,16.9,0.41,0.366,0.33
chennai_adyar,Chennai,Tamil Nadu,East Coast (Bay of Bengal),13.0827,80.2707,6.0,2023 Cyclone Michaung Storm Surge,2023-11-21T02:00,0.6,1010.3,3.8,13.7,0.412,0.368,0.33
chennai_adyar,Chennai,Tamil Nadu,East Coast (Bay of Bengal),13.0827,80.2707,6.0,2023 Cyclone Michaung Storm Surge,2023-11-21T03:00,0.1,1011.0,2.3,11.5,0.408,0.369,0.33
chennai_adyar,Chennai,Tamil Nadu,East Coast (Bay of Bengal),13.0827,80.2707,6.0,2023 Cyclone Michaung Storm Surge,2023-11-21T04:00,0.8,1011.8,3.6,16.2,0.413,0.37,0.33
chennai_adyar,Chennai,Tamil Nadu,East Coast (Bay of Bengal),13.0827,80.2707,6.0,2023 Cyclone Michaung Storm Surge,2023-11-21T05:00,0.3,1011.2,7.9,20.2,0.41,0.371,0.33
chennai_adyar,Chennai,Tamil Nadu,East Coast (Bay of Bengal),13.0827,80.2707,6.0,2023 Cyclone Michaung Storm Surge,2023-11-21T06:00,0.3,1010.6,6.9,20.2,0.408,0.372,0.33
chennai_adyar,Chennai,Tamil Nadu,East Coast (Bay of Bengal),13.0827,80.2707,6.0,2023 Cyclone Michaung Storm Surge,2023-11-21T07:00,0.1,1009.5,9.0,20.5,0.404,0.373,0.33
chennai_adyar,Chennai,Tamil Nadu,East Coast (Bay of Bengal),13.0827,80.2707,6.0,2023 Cyclone Michaung Storm Surge,2023-11-21T08:00,0.8,1008.6,13.7,27.0,0.408,0.374,0.33
chennai_adyar,Chennai,Tamil Nadu,East Coast (Bay of Bengal),13.0827,80.2707,6.0,2023 Cyclone Michaung Storm Surge,2023-11-21T09:00,0.2,1008.2,13.2,30.2,0.405,0.375,0.33
chennai_adyar,Chennai,Tamil Nadu,East Coast (Bay of Bengal),13.0827,80.2707,6.0,2023 Cyclone Michaung Storm Surge,2023-11-21T10:00,0.0,1008.0,12.7,26.3,0.402,0.375,0.33
chennai_adyar,Chennai,Tamil Nadu,East Coast (Bay of Bengal),13.0827,80.2707,6.0,2023 Cyclone Michaung Storm Surge,2023-11-21T11:00,0.0,1008.4,13.7,26.3,0.399,0.375,0.33
chennai_adyar,Chennai,Tamil Nadu,East Coast (Bay of Bengal),13.0827,80.2707,6.0,2023 Cyclone Michaung Storm Surge,2023-11-21T12:00,0.0,1009.0,12.1,25.6,0.396,0.376,0.33
chennai_adyar,Chennai,Tamil Nadu,East Coast (Bay of Bengal),13.0827,80.2707,6.0,2023 Cyclone Michaung Storm Surge,2023-11-21T13:00,0.1,1010.0,12.7,21.6,0.397,0.369,0.331
chennai_adyar,Chennai,Tamil Nadu,East Coast (Bay of Bengal),13.0827,80.2707,6.0,2023 Cyclone Michaung Storm Surge,2023-11-21T14:00,0.3,1010.6,14.8,25.2,0.398,0.369,0.331
chennai_adyar,Chennai,Tamil Nadu,East Coast (Bay of Bengal),13.0827,80.2707,6.0,2023 Cyclone Michaung Storm Surge,2023-11-21T15:00,0.2,1010.7,9.5,25.6,0.398,0.37,0.331
chennai_adyar,Chennai,Tamil Nadu,East Coast (Bay of Bengal),13.0827,80.2707,6.0,2023 Cyclone Michaung Storm Surge,2023-11-21T16:00,2.4,1011.3,10.1,19.1,0.428,0.371,0.331
chennai_adyar,Chennai,Tamil Nadu,East Coast (Bay of Bengal),13.0827,80.2707,6.0,2023 Cyclone Michaung Storm Surge,2023-11-21T17:00,10.7,1011.5,2.8,16.9,0.439,0.402,0.331
chennai_adyar,Chennai,Tamil Nadu,East Coast (Bay of Bengal),13.0827,80.2707,6.0,2023 Cyclone Michaung Storm Surge,2023-11-21T18:00,5.9,1011.0,3.4,7.2,0.439,0.423,0.332
chennai_adyar,Chennai,Tamil Nadu,East Coast (Bay of Bengal),13.0827,80.2707,6.0,2023 Cyclone Michaung Storm Surge,2023-11-21T19:00,0.2,1010.1,3.3,7.6,0.429,0.425,0.332
chennai_adyar,Chennai,Tamil Nadu,East Coast (Bay of Bengal),13.0827,80.2707,6.0,2023 Cyclone Michaung Storm Surge,2023-11-21T20:00,0.2,1009.2,3.4,7.2,0.427,0.424,0.333
chennai_adyar,Chennai,Tamil Nadu,East Coast (Bay of Bengal),13.0827,80.2707,6.0,2023 Cyclone Michaung Storm Surge,2023-11-21T21:00,0.2,1008.5,5.1,9.4,0.426,0.423,0.334
chennai_adyar,Chennai,Tamil Nadu,East Coast (Bay of Bengal),13.0827,80.2707,6.0,2023 Cyclone Michaung Storm Surge,2023-11-21T22:00,0.8,1008.5,4.7,9.7,0.432,0.422,0.334
chennai_adyar,Chennai,Tamil Nadu,East Coast (Bay of Bengal),13.0827,80.2707,6.0,2023 Cyclone Michaung Storm Surge,2023-11-21T23:00,0.9,1009.1,4.2,10.8,0.435,0.424,0.335
chennai_adyar,Chennai,Tamil Nadu,East Coast (Bay of Bengal),13.0827,80.2707,6.0,2023 Cyclone Michaung Storm Surge,2023-11-22T00:00,0.8,1009.1,3.3,9.0,0.434,0.425,0.335
chennai_adyar,Chennai,Tamil Nadu,East Coast (Bay of Bengal),13.0827,80.2707,6.0,2023 Cyclone Michaung Storm Surge,2023-11-22T01:00,0.1,1010.3,3.4,6.8,0.42,0.397,0.331
chennai_adyar,Chennai,Tamil Nadu,East Coast (Bay of Bengal),13.0827,80.2707,6.0,2023 Cyclone Michaung Storm Surge,2023-11-22T02:00,0.1,1010.8,5.2,11.9,0.416,0.398,0.331
chennai_adyar,Chennai,Tamil Nadu,East Coast (Bay of Bengal),13.0827,80.2707,6.0,2023 Cyclone Michaung Storm Surge,2023-11-22T03:00,0.1,1011.6,3.8,12.2,0.414,0.398,0.332
chennai_adyar,Chennai,Tamil Nadu,East Coast (Bay of Bengal),13.0827,80.2707,6.0,2023 Cyclone Michaung Storm Surge,2023-11-22T04:00,0.2,1012.0,7.7,19.8,0.412,0.398,0.332
chennai_adyar,Chennai,Tamil Nadu,East Coast (Bay of Bengal),13.0827,80.2707,6.0,2023 Cyclone Michaung Storm Surge,2023-11-22T05:00,0.4,1011.3,5.4,25.2,0.411,0.398,0.332
chennai_adyar,Chennai,Tamil Nadu,East Coast (Bay of Bengal),13.0827,80.2707,6.0,2023 Cyclone Michaung Storm Surge,2023-11-22T06:00,0.1,1010.6,7.6,25.2,0.407,0.398,0.332
chennai_adyar,Chennai,Tamil Nadu,East Coast (Bay of Bengal),13.0827,80.2707,6.0,2023 Cyclone Michaung Storm Surge,2023-11-22T07:00,0.0,1009.1,9.0,24.5,0.403,0.397,0.332
chennai_adyar,Chennai,Tamil Nadu,East Coast (Bay of Bengal),13.0827,80.2707,6.0,2023 Cyclone Michaung Storm Surge,2023-11-22T08:00,0.0,1008.2,8.6,23.4,0.4,0.396,0.332
chennai_adyar,Chennai,Tamil Nadu,East Coast (Bay of Bengal),13.0827,80.2707,6.0,2023 Cyclone Michaung Storm Surge,2023-11-22T09:00,0.1,1007.4,8.6,21.6,0.398,0.396,0.332
chennai_adyar,Chennai,Tamil Nadu,East Coast (Bay of Bengal),13.0827,80.2707,6.0,2023 Cyclone Michaung Storm Surge,2023-11-22T10:00,0.0,1007.2,10.5,22.3,0.396,0.395,0.332
chennai_adyar,Chennai,Tamil Nadu,East Coast (Bay of Bengal),13.0827,80.2707,6.0,2023 Cyclone Michaung Storm Surge,2023-11-22T11:00,0.1,1007.9,11.6,23.0,0.394,0.394,0.332
chennai_adyar,Chennai,Tamil Nadu,East Coast (Bay of Bengal),13.0827,80.2707,6.0,2023 Cyclone Michaung Storm Surge,2023-11-22T12:00,0.0,1008.6,6.3,22.0,0.393,0.394,0.332
chennai_adyar,Chennai,Tamil Nadu,East Coast (Bay of Bengal),13.0827,80.2707,6.0,2023 Cyclone Michaung Storm Surge,2023-11-22T13:00,0.0,1009.0,5.9,13.7,0.406,0.402,0.334
chennai_adyar,Chennai,Tamil Nadu,East Coast (Bay of Bengal),13.0827,80.2707,6.0,2023 Cyclone Michaung Storm Surge,2023-11-22T14:00,0.0,1009.7,4.8,10.1,0.404,0.402,0.334
chennai_adyar,Chennai,Tamil Nadu,East Coast (Bay of Bengal),13.0827,80.2707,6.0,2023 Cyclone Michaung Storm Surge,2023-11-22T15:00,0.0,1010.5,7.0,7.9,0.403,0.402,0.334
chennai_adyar,Chennai,Tamil Nadu,East Coast (Bay of Bengal),13.0827,80.2707,6.0,2023 Cyclone Michaung Storm Surge,2023-11-22T16:00,0.0,1010.9,7.4,8.3,0.402,0.401,0.334
chennai_adyar,Chennai,Tamil Nadu,East Coast (Bay of Bengal),13.0827,80.2707,6.0,2023 Cyclone Michaung Storm Surge,2023-11-22T17:00,0.0,1010.8,6.5,9.0,0.401,0.401,0.335
chennai_adyar,Chennai,Tamil Nadu,East Coast (Bay of Bengal),13.0827,80.2707,6.0,2023 Cyclone Michaung Storm Surge,2023-11-22T18:00,0.0,1010.4,6.8,10.8,0.4,0.401,0.335
chennai_adyar,Chennai,Tamil Nadu,East Coast (Bay of Bengal),13.0827,80.2707,6.0,2023 Cyclone Michaung Storm Surge,2023-11-22T19:00,0.0,1009.8,8.1,14.0,0.4,0.4,0.335
chennai_adyar,Chennai,Tamil Nadu,East Coast (Bay of Bengal),13.0827,80.2707,6.0,2023 Cyclone Michaung Storm Surge,2023-11-22T20:00,0.0,1009.2,5.4,13.0,0.399,0.4,0.335
chennai_adyar,Chennai,Tamil Nadu,East Coast (Bay of Bengal),13.0827,80.2707,6.0,2023 Cyclone Michaung Storm Surge,2023-11-22T21:00,0.1,1008.5,4.7,7.6,0.399,0.399,0.335
chennai_adyar,Chennai,Tamil Nadu,East Coast (Bay of Bengal),13.0827,80.2707,6.0,2023 Cyclone Michaung Storm Surge,2023-11-22T22:00,0.0,1008.4,4.7,7.6,0.398,0.399,0.335
chennai_adyar,Chennai,Tamil Nadu,East Coast (Bay of Bengal),13.0827,80.2707,6.0,2023 Cyclone Michaung Storm Surge,2023-11-22T23:00,0.0,1008.4,5.5,9.0,0.398,0.399,0.336
chennai_adyar,Chennai,Tamil Nadu,East Coast (Bay of Bengal),13.0827,80.2707,6.0,2023 Cyclone Michaung Storm Surge,2023-11-23T00:00,0.1,1008.8,5.9,11.5,0.397,0.398,0.336
chennai_adyar,Chennai,Tamil Nadu,East Coast (Bay of Bengal),13.0827,80.2707,6.0,2023 Cyclone Michaung Storm Surge,2023-11-23T01:00,0.8,1009.7,4.5,13.3,0.409,0.398,0.336
chennai_adyar,Chennai,Tamil Nadu,East Coast (Bay of Bengal),13.0827,80.2707,6.0,2023 Cyclone Michaung Storm Surge,2023-11-23T02:00,1.7,1010.7,6.8,14.8,0.429,0.399,0.336
chennai_adyar,Chennai,Tamil Nadu,East Coast (Bay of Bengal),13.0827,80.2707,6.0,2023 Cyclone Michaung Storm Surge,2023-11-23T03:00,1.4,1011.5,5.6,17.6,0.429,0.404,0.336
chennai_adyar,Chennai,Tamil Nadu,East Coast (Bay of Bengal),13.0827,80.2707,6.0,2023 Cyclone Michaung Storm Surge,2023-11-23T04:00,1.0,1012.2,7.8,18.4,0.431,0.406,0.337
chennai_adyar,Chennai,Tamil Nadu,East Coast (Bay of Bengal),13.0827,80.2707,6.0,2023 Cyclone Michaung Storm Surge,2023-11-23T05:00,1.3,1011.4,3.3,19.1,0.43,0.41,0.337
chennai_adyar,Chennai,Tamil Nadu,East Coast (Bay of Bengal),13.0827,80.2707,6.0,2023 Cyclone Michaung Storm Surge,2023-11-23T06:00,1.9,1010.6,4.6,19.8,0.429,0.416,0.337
chennai_adyar,Chennai,Tamil Nadu,East Coast (Bay of Bengal),13.0827,80.2707,6.0,2023 Cyclone Michaung Storm Surge,2023-11-23T07:00,0.3,1009.4,7.2,19.1,0.425,0.416,0.337
chennai_adyar,Chennai,Tamil Nadu,East Coast (Bay of Bengal),13.0827,80.2707,6.0,2023 Cyclone Michaung Storm Surge,2023-11-23T08:00,0.9,1008.7,12.1,26.3,0.427,0.415,0.338
chennai_adyar,Chennai,Tamil Nadu,East Coast (Bay of Bengal),13.0827,80.2707,6.0,2023 Cyclone Michaung Storm Surge,2023-11-23T09:00,1.3,1007.8,6.5,26.3,0.43,0.418,0.338
chennai_adyar,Chennai,Tamil Nadu,East Coast (Bay of Bengal),13.0827,80.2707,6.0,2023 Cyclone Michaung Storm Surge,2023-11-23T10:00,0.0,1007.4,5.4,16.9,0.424,0.418,0.338
chennai_adyar,Chennai,Tamil Nadu,East Coast (Bay of Bengal),13.0827,80.2707,6.0,2023 Cyclone Michaung Storm Surge,2023-11-23T11:00,0.0,1007.8,8.0,16.9,0.42,0.417,0.339
chennai_adyar,Chennai,Tamil Nadu,East Coast (Bay of Bengal),13.0827,80.2707,6.0,2023 Cyclone Michaung Storm Surge,2023-11-23T12:00,0.0,1008.1,4.3,15.5,0.418,0.417,0.339
chennai_adyar,Chennai,Tamil Nadu,East Coast (Bay of Bengal),13.0827,80.2707,6.0,2023 Cyclone Michaung Storm Surge,2023-11-23T13:00,0.0,1008.8,8.2,17.3,0.39,0.391,0.333
chennai_adyar,Chennai,Tamil Nadu,East Coast (Bay of Bengal),13.0827,80.2707,6.0,2023 Cyclone Michaung Storm Surge,2023-11-23T14:00,0.0,1009.5,10.3,17.3,0.389,0.391,0.333
chennai_adyar,Chennai,Tamil Nadu,East Coast (Bay of Bengal),13.0827,80.2707,6.0,2023 Cyclone Michaung Storm Surge,2023-11-23T15:00,0.0,1010.3,9.1,17.6,0.388,0.391,0.333
chennai_adyar,Chennai,Tamil Nadu,East Coast (Bay of Bengal),13.0827,80.2707,6.0,2023 Cyclone Michaung Storm Surge,2023-11-23T16:00,0.0,1010.4,9.0,15.1,0.388,0.39,0.333
chennai_adyar,Chennai,Tamil Nadu,East Coast (Bay of Bengal),13.0827,80.2707,6.0,2023 Cyclone Michaung Storm Surge,2023-11-23T17:00,0.0,1010.1,8.1,15.1,0.387,0.39,0.333
chennai_adyar,Chennai,Tamil Nadu,East Coast (Bay of Bengal),13.0827,80.2707,6.0,2023 Cyclone Michaung Storm Surge,2023-11-23T18:00,0.0,1009.6,7.6,13.3,0.387,0.39,0.333
chennai_adyar,Chennai,Tamil Nadu,East Coast (Bay of Bengal),13.0827,80.2707,6.0,2023 Cyclone Michaung Storm Surge,2023-11-23T19:00,0.0,1008.8,9.3,15.1,0.386,0.389,0.333
chennai_adyar,Chennai,Tamil Nadu,East Coast (Bay of Bengal),13.0827,80.2707,6.0,2023 Cyclone Michaung Storm Surge,2023-11-23T20:00,0.0,1008.0,10.1,17.3,0.386,0.389,0.333
chennai_adyar,Chennai,Tamil Nadu,East Coast (Bay of Bengal),13.0827,80.2707,6.0,2023 Cyclone Michaung Storm Surge,2023-11-23T21:00,0.1,1007.6,8.9,16.6,0.386,0.389,0.333
chennai_adyar,Chennai,Tamil Nadu,East Coast (Bay of Bengal),13.0827,80.2707,6.0,2023 Cyclone Michaung Storm Surge,2023-11-23T22:00,0.5,1007.3,6.4,14.4,0.39,0.389,0.334
chennai_adyar,Chennai,Tamil Nadu,East Coast (Bay of Bengal),13.0827,80.2707,6.0,2023 Cyclone Michaung Storm Surge,2023-11-23T23:00,0.1,1007.4,7.2,14.4,0.39,0.388,0.334
chennai_adyar,Chennai,Tamil Nadu,East Coast (Bay of Bengal),13.0827,80.2707,6.0,2023 Cyclone Michaung Storm Surge,2023-11-24T00:00,0.1,1008.2,8.0,14.4,0.391,0.388,0.334
chennai_adyar,Chennai,Tamil Nadu,East Coast (Bay of Bengal),13.0827,80.2707,6.0,2023 Cyclone Michaung Storm Surge,2023-11-24T01:00,0.2,1009.2,11.0,17.3,0.387,0.387,0.332
chennai_adyar,Chennai,Tamil Nadu,East Coast (Bay of Bengal),13.0827,80.2707,6.0,2023 Cyclone Michaung Storm Surge,2023-11-24T02:00,0.3,1010.3,10.8,24.5,0.389,0.387,0.332
chennai_adyar,Chennai,Tamil Nadu,East Coast (Bay of Bengal),13.0827,80.2707,6.0,2023 Cyclone Michaung Storm Surge,2023-11-24T03:00,0.8,1011.6,13.3,27.0,0.396,0.386,0.332
chennai_adyar,Chennai,Tamil Nadu,East Coast (Bay of Bengal),13.0827,80.2707,6.0,2023 Cyclone Michaung Storm Surge,2023-11-24T04:00,0.5,1011.9,7.5,25.9,0.399,0.386,0.332
chennai_adyar,Chennai,Tamil Nadu,East Coast (Bay of Bengal),13.0827,80.2707,6.0,2023 Cyclone Michaung Storm Surge,2023-11-24T05:00,1.2,1011.5,8.4,24.8,0.409,0.387,0.332
chennai_adyar,Chennai,Tamil Nadu,East Coast (Bay of Bengal),13.0827,80.2707,6.0,2023 Cyclone Michaung Storm Surge,2023-11-24T06:00,0.7,1010.7,9.4,24.5,0.411,0.387,0.332
chennai_adyar,Chennai,Tamil Nadu,East Coast (Bay of Bengal),13.0827,80.2707,6.0,2023 Cyclone Michaung Storm Surge,2023-11-24T07:00,0.1,1009.5,7.9,23.0,0.407,0.387,0.332
chennai_adyar,Chennai,Tamil Nadu,East Coast (Bay of Bengal),13.0827,80.2707,6.0,2023 Cyclone Michaung Storm Surge,2023-11-24T08:00,0.0,1008.8,9.4,24.8,0.402,0.387,0.332
chennai_adyar,Chennai,Tamil Nadu,East Coast (Bay of Bengal),13.0827,80.2707,6.0,2023 Cyclone Michaung Storm Surge,2023-11-24T09:00,0.9,1008.0,11.6,26.3,0.406,0.387,0.332
chennai_adyar,Chennai,Tamil Nadu,East Coast (Bay of Bengal),13.0827,80.2707,6.0,2023 Cyclone Michaung Storm Surge,2023-11-24T10:00,0.1,1008.0,16.2,31.0,0.403,0.387,0.332
chennai_adyar,Chennai,Tamil Nadu,East Coast (Bay of Bengal),13.0827,80.2707,6.0,2023 Cyclone Michaung Storm Surge,2023-11-24T11:00,0.0,1008.2,11.0,31.7,0.401,0.387,0.332
chennai_adyar,Chennai,Tamil Nadu,East Coast (Bay of Bengal),13.0827,80.2707,6.0,2023 Cyclone Michaung Storm Surge,2023-11-24T12:00,0.0,1009.1,9.6,21.2,0.399,0.387,0.332
chennai_adyar,Chennai,Tamil Nadu,East Coast (Bay of Bengal),13.0827,80.2707,6.0,2023 Cyclone Michaung Storm Surge,2023-11-24T13:00,10.5,1009.6,11.3,24.5,0.439,0.416,0.332
chennai_adyar,Chennai,Tamil Nadu,East Coast (Bay of Bengal),13.0827,80.2707,6.0,2023 Cyclone Michaung Storm Surge,2023-11-24T14:00,4.0,1011.3,8.8,23.8,0.437,0.428,0.333
chennai_adyar,Chennai,Tamil Nadu,East Coast (Bay of Bengal),13.0827,80.2707,6.0,2023 Cyclone Michaung Storm Surge,2023-11-24T15:00,0.2,1011.6,5.0,14.0,0.431,0.428,0.334
chennai_adyar,Chennai,Tamil Nadu,East Coast (Bay of Bengal),13.0827,80.2707,6.0,2023 Cyclone Michaung Storm Surge,2023-11-24T16:00,4.8,1012.4,5.3,14.0,0.439,0.438,0.335
chennai_adyar,Chennai,Tamil Nadu,East Coast (Bay of Bengal),13.0827,80.2707,6.0,2023 Cyclone Michaung Storm Surge,2023-11-24T17:00,0.8,1011.9,5.5,13.0,0.43,0.434,0.338
chennai_adyar,Chennai,Tamil Nadu,East Coast (Bay of Bengal),13.0827,80.2707,6.0,2023 Cyclone Michaung Storm Surge,2023-11-24T18:00,0.4,1011.4,4.5,9.4,0.431,0.431,0.34
chennai_adyar,Chennai,Tamil Nadu,East Coast (Bay of Bengal),13.0827,80.2707,6.0,2023 Cyclone Michaung Storm Surge,2023-11-24T19:00,0.1,1010.6,3.7,9.0,0.427,0.429,0.341
chennai_adyar,Chennai,Tamil Nadu,East Coast (Bay of Bengal),13.0827,80.2707,6.0,2023 Cyclone Michaung Storm Surge,2023-11-24T20:00,0.3,1010.2,6.2,14.4,0.427,0.427,0.341
chennai_adyar,Chennai,Tamil Nadu,East Coast (Bay of Bengal),13.0827,80.2707,6.0,2023 Cyclone Michaung Storm Surge,2023-11-24T21:00,0.2,1010.0,7.7,12.2,0.426,0.426,0.342
chennai_adyar,Chennai,Tamil Nadu,East Coast (Bay of Bengal),13.0827,80.2707,6.0,2023 Cyclone Michaung Storm Surge,2023-11-24T22:00,1.0,1009.7,6.6,15.8,0.434,0.426,0.343
chennai_adyar,Chennai,Tamil Nadu,East Coast (Bay of Bengal),13.0827,80.2707,6.0,2023 Cyclone Michaung Storm Surge,2023-11-24T23:00,0.5,1009.8,6.8,14.4,0.432,0.426,0.344
chennai_adyar,Chennai,Tamil Nadu,East Coast (Bay of Bengal),13.0827,80.2707,6.0,2023 Cyclone Michaung Storm Surge,2023-11-25T00:00,0.2,1010.2,6.1,11.5,0.429,0.425,0.344
chennai_adyar,Chennai,Tamil Nadu,East Coast (Bay of Bengal),13.0827,80.2707,6.0,2023 Cyclone Michaung Storm Surge,2023-11-25T01:00,0.1,1011.3,11.3,18.0,0.415,0.409,0.335
chennai_adyar,Chennai,Tamil Nadu,East Coast (Bay of Bengal),13.0827,80.2707,6.0,2023 Cyclone Michaung Storm Surge,2023-11-25T02:00,0.1,1012.1,14.0,23.4,0.414,0.409,0.335
chennai_adyar,Chennai,Tamil Nadu,East Coast (Bay of Bengal),13.0827,80.2707,6.0,2023 Cyclone Michaung Storm Surge,2023-11-25T03:00,0.4,1012.4,16.9,31.0,0.414,0.409,0.335
chennai_adyar,Chennai,Tamil Nadu,East Coast (Bay of Bengal),13.0827,80.2707,6.0,2023 Cyclone Michaung Storm Surge,2023-11-25T04:00,0.0,1012.7,14.8,35.3,0.411,0.408,0.335
chennai_adyar,Chennai,Tamil Nadu,East Coast (Bay of Bengal),13.0827,80.2707,6.0,2023 Cyclone Michaung Storm Surge,2023-11-25T05:00,0.0,1012.3,16.7,37.4,0.408,0.407,0.335
chennai_adyar,Chennai,Tamil Nadu,East Coast (Bay of Bengal),13.0827,80.2707,6.0,2023 Cyclone Michaung Storm Surge,2023-11-25T06:00,0.4,1011.7,19.4,41.4,0.408,0.406,0.336
chennai_adyar,Chennai,Tamil Nadu,East Coast (Bay of Bengal),13.0827,80.2707,6.0,2023 Cyclone Michaung Storm Surge,2023-11-25T07:00,0.2,1010.8,16.5,40.3,0.406,0.405,0.336
chennai_adyar,Chennai,Tamil Nadu,East Coast (Bay of Bengal),13.0827,80.2707,6.0,2023 Cyclone Michaung Storm Surge,2023-11-25T08:00,0.1,1009.7,14.8,35.3,0.404,0.404,0.336
chennai_adyar,Chennai,Tamil Nadu,East Coast (Bay of Bengal),13.0827,80.2707,6.0,2023 Cyclone Michaung Storm Surge,2023-11-25T09:00,1.1,1009.5,11.0,40.3,0.411,0.403,0.336
chennai_adyar,Chennai,Tamil Nadu,East Coast (Bay of Bengal),13.0827,80.2707,6.0,2023 Cyclone Michaung Storm Surge,2023-11-25T10:00,0.2,1009.2,11.5,24.8,0.41,0.403,0.336
chennai_adyar,Chennai,Tamil Nadu,East Coast (Bay of Bengal),13.0827,80.2707,6.0,2023 Cyclone Michaung Storm Surge,2023-11-25T11:00,0.1,1009.0,15.6,32.8,0.409,0.403,0.336
chennai_adyar,Chennai,Tamil Nadu,East Coast (Bay of Bengal),13.0827,80.2707,6.0,2023 Cyclone Michaung Storm Surge,2023-11-25T12:00,0.1,1009.6,16.8,28.4,0.407,0.402,0.336
chennai_adyar,Chennai,Tamil Nadu,East Coast (Bay of Bengal),13.0827,80.2707,6.0,2023 Cyclone Michaung Storm Surge,2023-11-25T13:00,0.0,1010.3,17.1,31.7,0.393,0.4,0.337
chennai_adyar,Chennai,Tamil Nadu,East Coast (Bay of Bengal),13.0827,80.2707,6.0,2023 Cyclone Michaung Storm Surge,2023-11-25T14:00,0.0,1011.6,17.1,29.2,0.392,0.4,0.337
chennai_adyar,Chennai,Tamil Nadu,East Coast (Bay of Bengal),13.0827,80.2707,6.0,2023 Cyclone Michaung Storm Surge,2023-11-25T15:00,0.0,1012.5,16.3,28.8,0.392,0.399,0.337
chennai_adyar,Chennai,Tamil Nadu,East Coast (Bay of Bengal),13.0827,80.2707,6.0,2023 Cyclone Michaung Storm Surge,2023-11-25T16:00,0.0,1013.0,16.3,27.7,0.391,0.399,0.337
chennai_adyar,Chennai,Tamil Nadu,East Coast (Bay of Bengal),13.0827,80.2707,6.0,2023 Cyclone Michaung Storm Surge,2023-11-25T17:00,0.0,1013.0,16.3,27.7,0.39,0.398,0.338
chennai_adyar,Chennai,Tamil Nadu,East Coast (Bay of Bengal),13.0827,80.2707,6.0,2023 Cyclone Michaung Storm Surge,2023-11-25T18:00,0.0,1012.4,16.5,28.4,0.39,0.398,0.338
chennai_adyar,Chennai,Tamil Nadu,East Coast (Bay of Bengal),13.0827,80.2707,6.0,2023 Cyclone Michaung Storm Surge,2023-11-25T19:00,0.0,1012.2,16.9,28.8,0.389,0.397,0.338
chennai_adyar,Chennai,Tamil Nadu,East Coast (Bay of Bengal),13.0827,80.2707,6.0,2023 Cyclone Michaung Storm Surge,2023-11-25T20:00,0.0,1011.6,16.1,28.8,0.389,0.397,0.338
chennai_adyar,Chennai,Tamil Nadu,East Coast (Bay of Bengal),13.0827,80.2707,6.0,2023 Cyclone Michaung Storm Surge,2023-11-25T21:00,0.5,1011.1,15.2,27.7,0.392,0.397,0.338
chennai_adyar,Chennai,Tamil Nadu,East Coast (Bay of Bengal),13.0827,80.2707,6.0,2023 Cyclone Michaung Storm Surge,2023-11-25T22:00,0.2,1010.5,12.2,25.6,0.394,0.396,0.338
chennai_adyar,Chennai,Tamil Nadu,East Coast (Bay of Bengal),13.0827,80.2707,6.0,2023 Cyclone Michaung Storm Surge,2023-11-25T23:00,0.2,1011.1,15.0,24.8,0.395,0.396,0.339
chennai_adyar,Chennai,Tamil Nadu,East Coast (Bay of Bengal),13.0827,80.2707,6.0,2023 Cyclone Michaung Storm Surge,2023-11-26T00:00,4.8,1011.8,11.7,26.3,0.437,0.401,0.339
chennai_adyar,Chennai,Tamil Nadu,East Coast (Bay of Bengal),13.0827,80.2707,6.0,2023 Cyclone Michaung Storm Surge,2023-11-26T01:00,0.4,1012.6,16.5,33.8,0.394,0.395,0.339
chennai_adyar,Chennai,Tamil Nadu,East Coast (Bay of Bengal),13.0827,80.2707,6.0,2023 Cyclone Michaung Storm Surge,2023-11-26T02:00,0.0,1013.4,12.7,27.7,0.393,0.395,0.339
chennai_adyar,Chennai,Tamil Nadu,East Coast (Bay of Bengal),13.0827,80.2707,6.0,2023 Cyclone Michaung Storm Surge,2023-11-26T03:00,0.0,1014.0,15.6,31.0,0.392,0.394,0.339
chennai_adyar,Chennai,Tamil Nadu,East Coast (Bay of Bengal),13.0827,80.2707,6.0,2023 Cyclone Michaung Storm Surge,2023-11-26T04:00,0.2,1013.9,17.4,36.7,0.391,0.393,0.339
chennai_adyar,Chennai,Tamil Nadu,East Coast (Bay of Bengal),13.0827,80.2707,6.0,2023 Cyclone Michaung Storm Surge,2023-11-26T05:00,0.1,1013.5,18.9,39.2,0.389,0.392,0.339
chennai_adyar,Chennai,Tamil Nadu,East Coast (Bay of Bengal),13.0827,80.2707,6.0,2023 Cyclone Michaung Storm Surge,2023-11-26T06:00,0.3,1012.4,20.8,40.3,0.389,0.391,0.339
chennai_adyar,Chennai,Tamil Nadu,East Coast (Bay of Bengal),13.0827,80.2707,6.0,2023 Cyclone Michaung Storm Surge,2023-11-26T07:00,0.3,1011.3,21.3,43.6,0.388,0.39,0.339
chennai_adyar,Chennai,Tamil Nadu,East Coast (Bay of Bengal),13.0827,80.2707,6.0,2023 Cyclone Michaung Storm Surge,2023-11-26T08:00,0.1,1010.3,22.4,43.6,0.386,0.389,0.339
chennai_adyar,Chennai,Tamil Nadu,East Coast (Bay of Bengal),13.0827,80.2707,6.0,2023 Cyclone Michaung Storm Surge,2023-11-26T09:00,0.3,1009.7,22.7,43.2,0.385,0.389,0.339
chennai_adyar,Chennai,Tamil Nadu,East Coast (Bay of Bengal),13.0827,80.2707,6.0,2023 Cyclone Michaung Storm Surge,2023-11-26T10:00,0.1,1009.6,21.5,42.5,0.383,0.388,0.339
chennai_adyar,Chennai,Tamil Nadu,East Coast (Bay of Bengal),13.0827,80.2707,6.0,2023 Cyclone Michaung Storm Surge,2023-11-26T11:00,0.4,1009.7,19.1,39.6,0.385,0.387,0.339
chennai_adyar,Chennai,Tamil Nadu,East Coast (Bay of Bengal),13.0827,80.2707,6.0,2023 Cyclone Michaung Storm Surge,2023-11-26T12:00,0.1,1010.5,18.2,33.1,0.385,0.387,0.339
chennai_adyar,Chennai,Tamil Nadu,East Coast (Bay of Bengal),13.0827,80.2707,6.0,2023 Cyclone Michaung Storm Surge,2023-11-26T13:00,4.4,1011.5,8.7,33.5,0.439,0.398,0.34
chennai_adyar,Chennai,Tamil Nadu,East Coast (Bay of Bengal),13.0827,80.2707,6.0,2023 Cyclone Michaung Storm Surge,2023-11-26T14:00,2.1,1012.1,14.5,27.0,0.43,0.408,0.34
chennai_adyar,Chennai,Tamil Nadu,East Coast (Bay of Bengal),13.0827,80.2707,6.0,2023 Cyclone Michaung Storm Surge,2023-11-26T15:00,0.2,1012.5,10.0,25.2,0.425,0.41,0.34
chennai_adyar,Chennai,Tamil Nadu,East Coast (Bay of Bengal),13.0827,80.2707,6.0,2023 Cyclone Michaung Storm Surge,2023-11-26T16:00,0.1,1012.6,13.5,24.5,0.421,0.41,0.34
chennai_adyar,Chennai,Tamil Nadu,East Coast (Bay of Bengal),13.0827,80.2707,6.0,2023 Cyclone Michaung Storm Surge,2023-11-26T17:00,0.6,1012.8,7.7,24.1,0.424,0.41,0.341
chennai_adyar,Chennai,Tamil Nadu,East Coast (Bay of Bengal),13.0827,80.2707,6.0,2023 Cyclone Michaung Storm Surge,2023-11-26T18:00,0.4,1012.4,11.5,22.0,0.424,0.411,0.341
chennai_adyar,Chennai,Tamil Nadu,East Coast (Bay of Bengal),13.0827,80.2707,6.0,2023 Cyclone Michaung Storm Surge,2023-11-26T19:00,1.1,1011.9,13.0,24.1,0.431,0.412,0.341
chennai_adyar,Chennai,Tamil Nadu,East Coast (Bay of Bengal),13.0827,80.2707,6.0,2023 Cyclone Michaung Storm Surge,2023-11-26T20:00,0.3,1010.9,8.0,24.1,0.427,0.414,0.342
chennai_adyar,Chennai,Tamil Nadu,East Coast (Bay of Bengal),13.0827,80.2707,6.0,2023 Cyclone Michaung Storm Surge,2023-11-26T21:00,0.1,1009.7,6.6,13.3,0.423,0.414,0.342
chennai_adyar,Chennai,Tamil Nadu,East Coast (Bay of Bengal),13.0827,80.2707,6.0,2023 Cyclone Michaung Storm Surge,2023-11-26T22:00,0.0,1009.3,5.9,10.8,0.42,0.414,0.342
chennai_adyar,Chennai,Tamil Nadu,East Coast (Bay of Bengal),13.0827,80.2707,6.0,2023 Cyclone Michaung Storm Surge,2023-11-26T23:00,0.1,1009.3,5.6,7.6,0.419,0.414,0.343
chennai_adyar,Chennai,Tamil Nadu,East Coast (Bay of Bengal),13.0827,80.2707,6.0,2023 Cyclone Michaung Storm Surge,2023-11-27T00:00,0.1,1009.7,5.2,6.5,0.418,0.413,0.343
chennai_adyar,Chennai,Tamil Nadu,East Coast (Bay of Bengal),13.0827,80.2707,6.0,2023 Cyclone Michaung Storm Surge,2023-11-27T01:00,0.4,1010.2,8.0,14.4,0.406,0.397,0.34
chennai_adyar,Chennai,Tamil Nadu,East Coast (Bay of Bengal),13.0827,80.2707,6.0,2023 Cyclone Michaung Storm Surge,2023-11-27T02:00,0.1,1011.2,5.6,12.6,0.405,0.397,0.34
chennai_adyar,Chennai,Tamil Nadu,East Coast (Bay of Bengal),13.0827,80.2707,6.0,2023 Cyclone Michaung Storm Surge,2023-11-27T03:00,0.1,1012.0,5.1,13.0,0.405,0.397,0.34
chennai_adyar,Chennai,Tamil Nadu,East Coast (Bay of Bengal),13.0827,80.2707,6.0,2023 Cyclone Michaung Storm Surge,2023-11-27T04:00,0.1,1012.3,9.5,24.8,0.403,0.397,0.34
chennai_adyar,Chennai,Tamil Nadu,East Coast (Bay of Bengal),13.0827,80.2707,6.0,2023 Cyclone Michaung Storm Surge,2023-11-27T05:00,0.1,1012.3,13.4,28.8,0.401,0.396,0.34
chennai_adyar,Chennai,Tamil Nadu,East Coast (Bay of Bengal),13.0827,80.2707,6.0,2023 Cyclone Michaung Storm Surge,2023-11-27T06:00,0.1,1011.3,15.2,29.9,0.399,0.395,0.34
chennai_adyar,Chennai,Tamil Nadu,East Coast (Bay of Bengal),13.0827,80.2707,6.0,2023 Cyclone Michaung Storm Surge,2023-11-27T07:00,0.1,1010.1,16.2,32.4,0.395,0.394,0.34
chennai_adyar,Chennai,Tamil Nadu,East Coast (Bay of Bengal),13.0827,80.2707,6.0,2023 Cyclone Michaung Storm Surge,2023-11-27T08:00,0.0,1009.0,16.9,33.8,0.392,0.393,0.34
chennai_adyar,Chennai,Tamil Nadu,East Coast (Bay of Bengal),13.0827,80.2707,6.0,2023 Cyclone Michaung Storm Surge,2023-11-27T09:00,0.0,1008.2,16.6,33.5,0.389,0.392,0.34
chennai_adyar,Chennai,Tamil Nadu,East Coast (Bay of Bengal),13.0827,80.2707,6.0,2023 Cyclone Michaung Storm Surge,2023-11-27T10:00,0.0,1008.4,15.4,32.0,0.386,0.391,0.34
chennai_adyar,Chennai,Tamil Nadu,East Coast (Bay of Bengal),13.0827,80.2707,6.0,2023 Cyclone Michaung Storm Surge,2023-11-27T11:00,0.0,1008.7,14.6,29.5,0.384,0.39,0.34
chennai_adyar,Chennai,Tamil Nadu,East Coast (Bay of Bengal),13.0827,80.2707,6.0,2023 Cyclone Michaung Storm Surge,2023-11-27T12:00,0.0,1008.9,11.6,25.2,0.384,0.39,0.34
chennai_adyar,Chennai,Tamil Nadu,East Coast (Bay of Bengal),13.0827,80.2707,6.0,2023 Cyclone Michaung Storm Surge,2023-11-27T13:00,0.0,1009.4,14.4,26.3,0.387,0.391,0.342
chennai_adyar,Chennai,Tamil Nadu,East Coast (Bay of Bengal),13.0827,80.2707,6.0,2023 Cyclone Michaung Storm Surge,2023-11-27T14:00,0.1,1010.5,12.5,24.8,0.387,0.391,0.342
chennai_adyar,Chennai,Tamil Nadu,East Coast (Bay of Bengal),13.0827,80.2707,6.0,2023 Cyclone Michaung Storm Surge,2023-11-27T15:00,0.0,1010.8,12.6,22.7,0.386,0.39,0.342
chennai_adyar,Chennai,Tamil Nadu,East Coast (Bay of Bengal),13.0827,80.2707,6.0,2023 Cyclone Michaung Storm Surge,2023-11-27T16:00,0.1,1011.5,13.3,21.6,0.386,0.39,0.342
chennai_adyar,Chennai,Tamil Nadu,East Coast (Bay of Bengal),13.0827,80.2707,6.0,2023 Cyclone Michaung Storm Surge,2023-11-27T17:00,0.3,1011.2,8.6,24.1,0.388,0.39,0.342
chennai_adyar,Chennai,Tamil Nadu,East Coast (Bay of Bengal),13.0827,80.2707,6.0,2023 Cyclone Michaung Storm Surge,2023-11-27T18:00,0.0,1010.9,8.8,14.8,0.388,0.39,0.342
chennai_adyar,Chennai,Tamil Nadu,East Coast (Bay of Bengal),13.0827,80.2707,6.0,2023 Cyclone Michaung Storm Surge,2023-11-27T19:00,0.1,1010.6,10.4,16.6,0.388,0.389,0.342
chennai_adyar,Chennai,Tamil Nadu,East Coast (Bay of Bengal),13.0827,80.2707,6.0,2023 Cyclone Michaung Storm Surge,2023-11-27T20:00,0.3,1009.8,6.2,17.3,0.39,0.389,0.342
chennai_adyar,Chennai,Tamil Nadu,East Coast (Bay of Bengal),13.0827,80.2707,6.0,2023 Cyclone Michaung Storm Surge,2023-11-27T21:00,1.1,1009.7,3.7,17.6,0.404,0.389,0.342
chennai_adyar,Chennai,Tamil Nadu,East Coast (Bay of Bengal),13.0827,80.2707,6.0,2023 Cyclone Michaung Storm Surge,2023-11-27T22:00,0.4,1009.3,7.2,13.0,0.408,0.39,0.343
chennai_adyar,Chennai,Tamil Nadu,East Coast (Bay of Bengal),13.0827,80.2707,6.0,2023 Cyclone Michaung Storm Surge,2023-11-27T23:00,0.3,1009.3,4.1,14.0,0.409,0.39,0.343
chennai_adyar,Chennai,Tamil Nadu,East Coast (Bay of Bengal),13.0827,80.2707,6.0,2023 Cyclone Michaung Storm Surge,2023-11-28T00:00,0.1,1009.7,7.2,13.0,0.408,0.391,0.343
chennai_adyar,Chennai,Tamil Nadu,East Coast (Bay of Bengal),13.0827,80.2707,6.0,2023 Cyclone Michaung Storm Surge,2023-11-28T01:00,0.0,1009.8,7.1,16.2,0.416,0.399,0.343
chennai_adyar,Chennai,Tamil Nadu,East Coast (Bay of Bengal),13.0827,80.2707,6.0,2023 Cyclone Michaung Storm Surge,2023-11-28T02:00,0.0,1010.2,8.6,16.2,0.413,0.4,0.343
chennai_adyar,Chennai,Tamil Nadu,East Coast (Bay of Bengal),13.0827,80.2707,6.0,2023 Cyclone Michaung Storm Surge,2023-11-28T03:00,0.0,1010.9,11.3,23.4,0.41,0.4,0.343
chennai_adyar,Chennai,Tamil Nadu,East Coast (Bay of Bengal),13.0827,80.2707,6.0,2023 Cyclone Michaung Storm Surge,2023-11-28T04:00,0.3,1011.2,15.3,29.9,0.409,0.399,0.343
chennai_adyar,Chennai,Tamil Nadu,East Coast (Bay of Bengal),13.0827,80.2707,6.0,2023 Cyclone Michaung Storm Surge,2023-11-28T05:00,0.3,1011.2,12.7,31.3,0.408,0.399,0.343
chennai_adyar,Chennai,Tamil Nadu,East Coast (Bay of Bengal),13.0827,80.2707,6.0,2023 Cyclone Michaung Storm Surge,2023-11-28T06:00,0.1,1010.6,14.7,32.4,0.404,0.398,0.343
chennai_adyar,Chennai,Tamil Nadu,East Coast (Bay of Bengal),13.0827,80.2707,6.0,2023 Cyclone Michaung Storm Surge,2023-11-28T07:00,0.3,1009.6,16.6,33.8,0.403,0.398,0.343
chennai_adyar,Chennai,Tamil Nadu,East Coast (Bay of Bengal),13.0827,80.2707,6.0,2023 Cyclone Michaung Storm Surge,2023-11-28T08:00,0.1,1008.5,14.0,32.8,0.401,0.397,0.343
chennai_adyar,Chennai,Tamil Nadu,East Coast (Bay of Bengal),13.0827,80.2707,6.0,2023 Cyclone Michaung Storm Surge,2023-11-28T09:00,0.6,1008.0,18.7,37.4,0.403,0.396,0.343
chennai_adyar,Chennai,Tamil Nadu,East Coast (Bay of Bengal),13.0827,80.2707,6.0,2023 Cyclone Michaung Storm Surge,2023-11-28T10:00,0.0,1007.3,13.0,36.4,0.4,0.396,0.343
chennai_adyar,Chennai,Tamil Nadu,East Coast (Bay of Bengal),13.0827,80.2707,6.0,2023 Cyclone Michaung Storm Surge,2023-11-28T11:00,0.0,1007.7,9.2,25.2,0.398,0.396,0.343
chennai_adyar,Chennai,Tamil Nadu,East Coast (Bay of Bengal),13.0827,80.2707,6.0,2023 Cyclone Michaung Storm Surge,2023-11-28T12:00,0.1,1008.4,12.2,19.4,0.398,0.395,0.343
chennai_adyar,Chennai,Tamil Nadu,East Coast (Bay of Bengal),13.0827,80.2707,6.0,2023 Cyclone Michaung Storm Surge,2023-11-28T13:00,0.1,1008.9,17.7,31.0,0.395,0.394,0.343
chennai_adyar,Chennai,Tamil Nadu,East Coast (Bay of Bengal),13.0827,80.2707,6.0,2023 Cyclone Michaung Storm Surge,2023-11-28T14:00,0.8,1010.2,19.2,37.1,0.401,0.394,0.343
chennai_adyar,Chennai,Tamil Nadu,East Coast (Bay of Bengal),13.0827,80.2707,6.0,2023 Cyclone Michaung Storm Surge,2023-11-28T15:00,0.2,1010.7,14.0,32.4,0.401,0.394,0.343
chennai_adyar,Chennai,Tamil Nadu,East Coast (Bay of Bengal),13.0827,80.2707,6.0,2023 Cyclone Michaung Storm Surge,2023-11-28T16:00,1.1,1011.1,11.5,24.5,0.413,0.394,0.343
chennai_adyar,Chennai,Tamil Nadu,East Coast (Bay of Bengal),13.0827,80.2707,6.0,2023 Cyclone Michaung Storm Surge,2023-11-28T17:00,0.1,1011.1,6.9,19.1,0.411,0.395,0.343
chennai_adyar,Chennai,Tamil Nadu,East Coast (Bay of Bengal),13.0827,80.2707,6.0,2023 Cyclone Michaung Storm Surge,2023-11-28T18:00,0.0,1010.2,5.6,11.5,0.409,0.395,0.343
chennai_adyar,Chennai,Tamil Nadu,East Coast (Bay of Bengal),13.0827,80.2707,6.0,2023 Cyclone Michaung Storm Surge,2023-11-28T19:00,1.1,1009.9,7.0,14.4,0.42,0.396,0.343
chennai_adyar,Chennai,Tamil Nadu,East Coast (Bay of Bengal),13.0827,80.2707,6.0,2023 Cyclone Michaung Storm Surge,2023-11-28T20:00,0.1,1009.1,7.0,18.4,0.417,0.397,0.344
chennai_adyar,Chennai,Tamil Nadu,East Coast (Bay of Bengal),13.0827,80.2707,6.0,2023 Cyclone Michaung Storm Surge,2023-11-28T21:00,1.6,1009.0,8.6,15.5,0.435,0.398,0.344
chennai_adyar,Chennai,Tamil Nadu,East Coast (Bay of Bengal),13.0827,80.2707,6.0,2023 Cyclone Michaung Storm Surge,2023-11-28T22:00,3.2,1008.4,5.6,16.2,0.428,0.408,0.344
chennai_adyar,Chennai,Tamil Nadu,East Coast (Bay of Bengal),13.0827,80.2707,6.0,2023 Cyclone Michaung Storm Surge,2023-11-28T23:00,0.1,1008.6,6.5,12.2,0.423,0.409,0.344
chennai_adyar,Chennai,Tamil Nadu,East Coast (Bay of Bengal),13.0827,80.2707,6.0,2023 Cyclone Michaung Storm Surge,2023-11-29T00:00,0.1,1008.8,4.7,10.4,0.42,0.409,0.344
chennai_adyar,Chennai,Tamil Nadu,East Coast (Bay of Bengal),13.0827,80.2707,6.0,2023 Cyclone Michaung Storm Surge,2023-11-29T01:00,0.8,1009.6,8.1,24.1,0.43,0.425,0.345
chennai_adyar,Chennai,Tamil Nadu,East Coast (Bay of Bengal),13.0827,80.2707,6.0,2023 Cyclone Michaung Storm Surge,2023-11-29T02:00,0.0,1010.3,8.9,16.9,0.426,0.424,0.345
chennai_adyar,Chennai,Tamil Nadu,East Coast (Bay of Bengal),13.0827,80.2707,6.0,2023 Cyclone Michaung Storm Surge,2023-11-29T03:00,0.1,1011.4,12.9,27.4,0.423,0.423,0.346
chennai_adyar,Chennai,Tamil Nadu,East Coast (Bay of Bengal),13.0827,80.2707,6.0,2023 Cyclone Michaung Storm Surge,2023-11-29T04:00,0.0,1011.8,13.0,28.8,0.42,0.422,0.346
chennai_adyar,Chennai,Tamil Nadu,East Coast (Bay of Bengal),13.0827,80.2707,6.0,2023 Cyclone Michaung Storm Surge,2023-11-29T05:00,0.2,1011.5,19.2,36.4,0.418,0.42,0.347
chennai_adyar,Chennai,Tamil Nadu,East Coast (Bay of Bengal),13.0827,80.2707,6.0,2023 Cyclone Michaung Storm Surge,2023-11-29T06:00,1.1,1011.1,15.4,36.7,0.425,0.419,0.347
chennai_adyar,Chennai,Tamil Nadu,East Coast (Bay of Bengal),13.0827,80.2707,6.0,2023 Cyclone Michaung Storm Surge,2023-11-29T07:00,1.6,1010.2,12.9,33.1,0.435,0.42,0.347
chennai_adyar,Chennai,Tamil Nadu,East Coast (Bay of Bengal),13.0827,80.2707,6.0,2023 Cyclone Michaung Storm Surge,2023-11-29T08:00,0.2,1009.4,13.6,31.0,0.428,0.421,0.348
chennai_adyar,Chennai,Tamil Nadu,East Coast (Bay of Bengal),13.0827,80.2707,6.0,2023 Cyclone Michaung Storm Surge,2023-11-29T09:00,0.9,1008.6,13.5,29.5,0.429,0.421,0.348
chennai_adyar,Chennai,Tamil Nadu,East Coast (Bay of Bengal),13.0827,80.2707,6.0,2023 Cyclone Michaung Storm Surge,2023-11-29T10:00,0.3,1008.8,12.6,32.4,0.426,0.421,0.349
chennai_adyar,Chennai,Tamil Nadu,East Coast (Bay of Bengal),13.0827,80.2707,6.0,2023 Cyclone Michaung Storm Surge,2023-11-29T11:00,0.1,1009.0,11.7,24.8,0.423,0.42,0.349
chennai_adyar,Chennai,Tamil Nadu,East Coast (Bay of Bengal),13.0827,80.2707,6.0,2023 Cyclone Michaung Storm Surge,2023-11-29T12:00,0.2,1009.4,7.9,21.2,0.421,0.42,0.349
chennai_adyar,Chennai,Tamil Nadu,East Coast (Bay of Bengal),13.0827,80.2707,6.0,2023 Cyclone Michaung Storm Surge,2023-11-29T13:00,0.4,1010.4,8.5,18.0,0.43,0.424,0.35
chennai_adyar,Chennai,Tamil Nadu,East Coast (Bay of Bengal),13.0827,80.2707,6.0,2023 Cyclone Michaung Storm Surge,2023-11-29T14:00,0.1,1011.4,7.4,16.2,0.426,0.424,0.35
chennai_adyar,Chennai,Tamil Nadu,East Coast (Bay of Bengal),13.0827,80.2707,6.0,2023 Cyclone Michaung Storm Surge,2023-11-29T15:00,1.0,1012.2,11.1,22.0,0.435,0.423,0.351
chennai_adyar,Chennai,Tamil Nadu,East Coast (Bay of Bengal),13.0827,80.2707,6.0,2023 Cyclone Michaung Storm Surge,2023-11-29T16:00,0.3,1012.0,9.3,23.0,0.43,0.424,0.352
chennai_adyar,Chennai,Tamil Nadu,East Coast (Bay of Bengal),13.0827,80.2707,6.0,2023 Cyclone Michaung Storm Surge,2023-11-29T17:00,0.1,1012.0,6.2,15.5,0.426,0.424,0.352
chennai_adyar,Chennai,Tamil Nadu,East Coast (Bay of Bengal),13.0827,80.2707,6.0,2023 Cyclone Michaung Storm Surge,2023-11-29T18:00,0.1,1011.6,8.3,16.9,0.423,0.423,0.353
chennai_adyar,Chennai,Tamil Nadu,East Coast (Bay of Bengal),13.0827,80.2707,6.0,2023 Cyclone Michaung Storm Surge,2023-11-29T19:00,0.1,1010.8,6.9,14.0,0.421,0.422,0.353
chennai_adyar,Chennai,Tamil Nadu,East Coast (Bay of Bengal),13.0827,80.2707,6.0,2023 Cyclone Michaung Storm Surge,2023-11-29T20:00,0.1,1010.1,7.1,13.0,0.42,0.421,0.354
chennai_adyar,Chennai,Tamil Nadu,East Coast (Bay of Bengal),13.0827,80.2707,6.0,2023 Cyclone Michaung Storm Surge,2023-11-29T21:00,0.1,1009.4,7.5,13.3,0.419,0.42,0.354
chennai_adyar,Chennai,Tamil Nadu,East Coast (Bay of Bengal),13.0827,80.2707,6.0,2023 Cyclone Michaung Storm Surge,2023-11-29T22:00,0.3,1009.3,3.4,13.3,0.421,0.419,0.354
chennai_adyar,Chennai,Tamil Nadu,East Coast (Bay of Bengal),13.0827,80.2707,6.0,2023 Cyclone Michaung Storm Surge,2023-11-29T23:00,0.4,1009.3,4.5,10.8,0.423,0.419,0.355
chennai_adyar,Chennai,Tamil Nadu,East Coast (Bay of Bengal),13.0827,80.2707,6.0,2023 Cyclone Michaung Storm Surge,2023-11-30T00:00,0.2,1010.1,7.9,12.6,0.423,0.419,0.355
chennai_adyar,Chennai,Tamil Nadu,East Coast (Bay of Bengal),13.0827,80.2707,6.0,2023 Cyclone Michaung Storm Surge,2023-11-30T01:00,0.2,1010.4,7.2,11.9,0.411,0.415,0.355
chennai_adyar,Chennai,Tamil Nadu,East Coast (Bay of Bengal),13.0827,80.2707,6.0,2023 Cyclone Michaung Storm Surge,2023-11-30T02:00,0.7,1011.6,10.1,20.5,0.418,0.414,0.356
chennai_adyar,Chennai,Tamil Nadu,East Coast (Bay of Bengal),13.0827,80.2707,6.0,2023 Cyclone Michaung Storm Surge,2023-11-30T03:00,1.0,1012.5,13.0,25.2,0.427,0.414,0.356
chennai_adyar,Chennai,Tamil Nadu,East Coast (Bay of Bengal),13.0827,80.2707,6.0,2023 Cyclone Michaung Storm Surge,2023-11-30T04:00,0.6,1012.5,11.3,26.3,0.427,0.415,0.356
chennai_adyar,Chennai,Tamil Nadu,East Coast (Bay of Bengal),13.0827,80.2707,6.0,2023 Cyclone Michaung Storm Surge,2023-11-30T05:00,2.5,1012.4,12.5,27.4,0.432,0.421,0.357
chennai_adyar,Chennai,Tamil Nadu,East Coast (Bay of Bengal),13.0827,80.2707,6.0,2023 Cyclone Michaung Storm Surge,2023-11-30T06:00,1.1,1011.7,12.2,29.5,0.435,0.422,0.357
chennai_adyar,Chennai,Tamil Nadu,East Coast (Bay of Bengal),13.0827,80.2707,6.0,2023 Cyclone Michaung Storm Surge,2023-11-30T07:00,0.4,1010.8,14.5,30.2,0.43,0.423,0.358
chennai_adyar,Chennai,Tamil Nadu,East Coast (Bay of Bengal),13.0827,80.2707,6.0,2023 Cyclone Michaung Storm Surge,2023-11-30T08:00,0.2,1009.6,13.1,29.9,0.426,0.423,0.358
chennai_adyar,Chennai,Tamil Nadu,East Coast (Bay of Bengal),13.0827,80.2707,6.0,2023 Cyclone Michaung Storm Surge,2023-11-30T09:00,0.0,1008.6,15.0,30.2,0.422,0.422,0.358
chennai_adyar,Chennai,Tamil Nadu,East Coast (Bay of Bengal),13.0827,80.2707,6.0,2023 Cyclone Michaung Storm Surge,2023-11-30T10:00,0.0,1008.4,13.8,28.1,0.419,0.421,0.359
chennai_adyar,Chennai,Tamil Nadu,East Coast (Bay of Bengal),13.0827,80.2707,6.0,2023 Cyclone Michaung Storm Surge,2023-11-30T11:00,0.1,1008.6,14.5,26.3,0.417,0.42,0.359
chennai_adyar,Chennai,Tamil Nadu,East Coast (Bay of Bengal),13.0827,80.2707,6.0,2023 Cyclone Michaung Storm Surge,2023-11-30T12:00,0.1,1009.6,13.0,24.5,0.415,0.419,0.36
chennai_adyar,Chennai,Tamil Nadu,East Coast (Bay of Bengal),13.0827,80.2707,6.0,2023 Cyclone Michaung Storm Surge,2023-11-30T13:00,1.9,1010.7,11.3,22.0,0.439,0.427,0.359
chennai_adyar,Chennai,Tamil Nadu,East Coast (Bay of Bengal),13.0827,80.2707,6.0,2023 Cyclone Michaung Storm Surge,2023-11-30T14:00,1.9,1011.1,7.4,19.1,0.431,0.433,0.36
chennai_adyar,Chennai,Tamil Nadu,East Coast (Bay of Bengal),13.0827,80.2707,6.0,2023 Cyclone Michaung Storm Surge,2023-11-30T15:00,0.4,1011.8,8.9,14.4,0.431,0.431,0.361
chennai_adyar,Chennai,Tamil Nadu,East Coast (Bay of Bengal),13.0827,80.2707,6.0,2023 Cyclone Michaung Storm Surge,2023-11-30T16:00,0.3,1012.1,8.0,15.1,0.43,0.43,0.362
chennai_adyar,Chennai,Tamil Nadu,East Coast (Bay of Bengal),13.0827,80.2707,6.0,2023 Cyclone Michaung Storm Surge,2023-11-30T17:00,0.8,1012.0,6.1,15.1,0.434,0.429,0.363
chennai_adyar,Chennai,Tamil Nadu,East Coast (Bay of Bengal),13.0827,80.2707,6.0,2023 Cyclone Michaung Storm Surge,2023-11-30T18:00,0.1,1011.3,3.9,12.6,0.43,0.429,0.363
chennai_adyar,Chennai,Tamil Nadu,East Coast (Bay of Bengal),13.0827,80.2707,6.0,2023 Cyclone Michaung Storm Surge,2023-11-30T19:00,0.2,1010.6,7.3,11.5,0.428,0.428,0.364
chennai_adyar,Chennai,Tamil Nadu,East Coast (Bay of Bengal),13.0827,80.2707,6.0,2023 Cyclone Michaung Storm Surge,2023-11-30T20:00,0.3,1010.1,10.9,19.1,0.428,0.427,0.365
chennai_adyar,Chennai,Tamil Nadu,East Coast (Bay of Bengal),13.0827,80.2707,6.0,2023 Cyclone Michaung Storm Surge,2023-11-30T21:00,0.1,1009.4,11.0,18.4,0.425,0.426,0.365
chennai_adyar,Chennai,Tamil Nadu,East Coast (Bay of Bengal),13.0827,80.2707,6.0,2023 Cyclone Michaung Storm Surge,2023-11-30T22:00,0.0,1008.9,9.5,19.4,0.422,0.425,0.366
chennai_adyar,Chennai,Tamil Nadu,East Coast (Bay of Bengal),13.0827,80.2707,6.0,2023 Cyclone Michaung Storm Surge,2023-11-30T23:00,0.0,1009.1,13.9,23.8,0.42,0.424,0.366
chennai_adyar,Chennai,Tamil Nadu,East Coast (Bay of Bengal),13.0827,80.2707,6.0,2023 Cyclone Michaung Storm Surge,2023-12-01T00:00,0.0,1009.8,13.1,23.8,0.418,0.423,0.367
chennai_adyar,Chennai,Tamil Nadu,East Coast (Bay of Bengal),13.0827,80.2707,6.0,2023 Cyclone Michaung Storm Surge,2023-12-01T01:00,0.5,1009.7,14.3,28.1,0.427,0.426,0.378
chennai_adyar,Chennai,Tamil Nadu,East Coast (Bay of Bengal),13.0827,80.2707,6.0,2023 Cyclone Michaung Storm Surge,2023-12-01T02:00,0.1,1010.3,11.8,24.5,0.424,0.425,0.378
chennai_adyar,Chennai,Tamil Nadu,East Coast (Bay of Bengal),13.0827,80.2707,6.0,2023 Cyclone Michaung Storm Surge,2023-12-01T03:00,1.4,1011.1,15.8,32.0,0.435,0.425,0.379
chennai_adyar,Chennai,Tamil Nadu,East Coast (Bay of Bengal),13.0827,80.2707,6.0,2023 Cyclone Michaung Storm Surge,2023-12-01T04:00,0.1,1011.0,16.0,31.0,0.428,0.426,0.379
chennai_adyar,Chennai,Tamil Nadu,East Coast (Bay of Bengal),13.0827,80.2707,6.0,2023 Cyclone Michaung Storm Surge,2023-12-01T05:00,0.1,1010.6,19.2,37.1,0.424,0.425,0.379
chennai_adyar,Chennai,Tamil Nadu,East Coast (Bay of Bengal),13.0827,80.2707,6.0,2023 Cyclone Michaung Storm Surge,2023-12-01T06:00,0.2,1009.8,19.9,38.2,0.42,0.423,0.38
chennai_adyar,Chennai,Tamil Nadu,East Coast (Bay of Bengal),13.0827,80.2707,6.0,2023 Cyclone Michaung Storm Surge,2023-12-01T07:00,0.2,1008.6,22.1,41.4,0.417,0.422,0.38
chennai_adyar,Chennai,Tamil Nadu,East Coast (Bay of Bengal),13.0827,80.2707,6.0,2023 Cyclone Michaung Storm Surge,2023-12-01T08:00,0.0,1007.4,24.2,45.4,0.412,0.42,0.38
chennai_adyar,Chennai,Tamil Nadu,East Coast (Bay of Bengal),13.0827,80.2707,6.0,2023 Cyclone Michaung Storm Surge,2023-12-01T09:00,0.0,1006.5,23.7,45.4,0.408,0.419,0.38
chennai_adyar,Chennai,Tamil Nadu,East Coast (Bay of Bengal),13.0827,80.2707,6.0,2023 Cyclone Michaung Storm Surge,2023-12-01T10:00,0.0,1006.4,23.1,44.3,0.405,0.417,0.38
chennai_adyar,Chennai,Tamil Nadu,East Coast (Bay of Bengal),13.0827,80.2707,6.0,2023 Cyclone Michaung Storm Surge,2023-12-01T11:00,0.0,1007.0,21.1,42.1,0.403,0.416,0.38
chennai_adyar,Chennai,Tamil Nadu,East Coast (Bay of Bengal),13.0827,80.2707,6.0,2023 Cyclone Michaung Storm Surge,2023-12-01T12:00,0.0,1007.8,19.2,36.7,0.402,0.415,0.38
chennai_adyar,Chennai,Tamil Nadu,East Coast (Bay of Bengal),13.0827,80.2707,6.0,2023 Cyclone Michaung Storm Surge,2023-12-01T13:00,0.0,1008.0,20.6,38.5,0.399,0.412,0.381
chennai_adyar,Chennai,Tamil Nadu,East Coast (Bay of Bengal),13.0827,80.2707,6.0,2023 Cyclone Michaung Storm Surge,2023-12-01T14:00,0.0,1009.0,19.7,35.6,0.398,0.411,0.381
chennai_adyar,Chennai,Tamil Nadu,East Coast (Bay of Bengal),13.0827,80.2707,6.0,2023 Cyclone Michaung Storm Surge,2023-12-01T15:00,0.0,1009.9,19.5,33.8,0.397,0.41,0.381
chennai_adyar,Chennai,Tamil Nadu,East Coast (Bay of Bengal),13.0827,80.2707,6.0,2023 Cyclone Michaung Storm Surge,2023-12-01T16:00,0.0,1010.4,19.3,33.5,0.397,0.41,0.381
chennai_adyar,Chennai,Tamil Nadu,East Coast (Bay of Bengal),13.0827,80.2707,6.0,2023 Cyclone Michaung Storm Surge,2023-12-01T17:00,0.0,1010.4,19.5,33.1,0.396,0.409,0.381
chennai_adyar,Chennai,Tamil Nadu,East Coast (Bay of Bengal),13.0827,80.2707,6.0,2023 Cyclone Michaung Storm Surge,2023-12-01T18:00,0.1,1009.9,18.0,33.5,0.396,0.409,0.381
chennai_adyar,Chennai,Tamil Nadu,East Coast (Bay of Bengal),13.0827,80.2707,6.0,2023 Cyclone Michaung Storm Surge,2023-12-01T19:00,0.8,1009.4,15.6,30.6,0.402,0.408,0.381
chennai_adyar,Chennai,Tamil Nadu,East Coast (Bay of Bengal),13.0827,80.2707,6.0,2023 Cyclone Michaung Storm Surge,2023-12-01T20:00,0.3,1007.9,12.7,27.7,0.405,0.408,0.381
chennai_adyar,Chennai,Tamil Nadu,East Coast (Bay of Bengal),13.0827,80.2707,6.0,2023 Cyclone Michaung Storm Surge,2023-12-01T21:00,0.0,1007.1,16.2,26.6,0.404,0.408,0.382
chennai_adyar,Chennai,Tamil Nadu,East Coast (Bay of Bengal),13.0827,80.2707,6.0,2023 Cyclone Michaung Storm Surge,2023-12-01T22:00,0.2,1006.5,16.1,27.4,0.404,0.407,0.382
chennai_adyar,Chennai,Tamil Nadu,East Coast (Bay of Bengal),13.0827,80.2707,6.0,2023 Cyclone Michaung Storm Surge,2023-12-01T23:00,0.3,1006.4,15.7,27.0,0.405,0.407,0.382
chennai_adyar,Chennai,Tamil Nadu,East Coast (Bay of Bengal),13.0827,80.2707,6.0,2023 Cyclone Michaung Storm Surge,2023-12-02T00:00,0.1,1006.8,15.8,26.3,0.405,0.407,0.382
chennai_adyar,Chennai,Tamil Nadu,East Coast (Bay of Bengal),13.0827,80.2707,6.0,2023 Cyclone Michaung Storm Surge,2023-12-02T01:00,0.5,1008.0,21.9,38.5,0.397,0.406,0.382
chennai_adyar,Chennai,Tamil Nadu,East Coast (Bay of Bengal),13.0827,80.2707,6.0,2023 Cyclone Michaung Storm Surge,2023-12-02T02:00,0.7,1008.5,19.7,37.1,0.403,0.406,0.382
chennai_adyar,Chennai,Tamil Nadu,East Coast (Bay of Bengal),13.0827,80.2707,6.0,2023 Cyclone Michaung Storm Surge,2023-12-02T03:00,0.3,1009.4,24.0,41.4,0.405,0.405,0.382
chennai_adyar,Chennai,Tamil Nadu,East Coast (Bay of Bengal),13.0827,80.2707,6.0,2023 Cyclone Michaung Storm Surge,2023-12-02T04:00,0.2,1009.2,21.1,43.6,0.405,0.405,0.382
chennai_adyar,Chennai,Tamil Nadu,East Coast (Bay of Bengal),13.0827,80.2707,6.0,2023 Cyclone Michaung Storm Surge,2023-12-02T05:00,0.4,1009.2,23.7,45.4,0.406,0.405,0.382
chennai_adyar,Chennai,Tamil Nadu,East Coast (Bay of Bengal),13.0827,80.2707,6.0,2023 Cyclone Michaung Storm Surge,2023-12-02T06:00,1.7,1008.4,18.8,51.5,0.421,0.405,0.382
chennai_adyar,Chennai,Tamil Nadu,East Coast (Bay of Bengal),13.0827,80.2707,6.0,2023 Cyclone Michaung Storm Surge,2023-12-02T07:00,1.3,1007.2,24.6,48.2,0.428,0.406,0.382
chennai_adyar,Chennai,Tamil Nadu,East Coast (Bay of Bengal),13.0827,80.2707,6.0,2023 Cyclone Michaung Storm Surge,2023-12-02T08:00,0.2,1006.0,27.5,51.1,0.423,0.407,0.382
chennai_adyar,Chennai,Tamil Nadu,East Coast (Bay of Bengal),13.0827,80.2707,6.0,2023 Cyclone Michaung Storm Surge,2023-12-02T09:00,0.3,1005.0,26.0,51.1,0.42,0.408,0.382
chennai_adyar,Chennai,Tamil Nadu,East Coast (Bay of Bengal),13.0827,80.2707,6.0,2023 Cyclone Michaung Storm Surge,2023-12-02T10:00,0.8,1004.8,24.2,48.2,0.422,0.409,0.382
chennai_adyar,Chennai,Tamil Nadu,East Coast (Bay of Bengal),13.0827,80.2707,6.0,2023 Cyclone Michaung Storm Surge,2023-12-02T11:00,0.8,1005.0,22.9,45.7,0.425,0.409,0.382
chennai_adyar,Chennai,Tamil Nadu,East Coast (Bay of Bengal),13.0827,80.2707,6.0,2023 Cyclone Michaung Storm Surge,2023-12-02T12:00,0.7,1005.4,22.0,40.0,0.427,0.411,0.382
chennai_adyar,Chennai,Tamil Nadu,East Coast (Bay of Bengal),13.0827,80.2707,6.0,2023 Cyclone Michaung Storm Surge,2023-12-02T13:00,2.4,1006.6,20.9,39.6,0.439,0.436,0.388
chennai_adyar,Chennai,Tamil Nadu,East Coast (Bay of Bengal),13.0827,80.2707,6.0,2023 Cyclone Michaung Storm Surge,2023-12-02T14:00,1.4,1007.0,24.5,41.4,0.43,0.436,0.39
chennai_adyar,Chennai,Tamil Nadu,East Coast (Bay of Bengal),13.0827,80.2707,6.0,2023 Cyclone Michaung Storm Surge,2023-12-02T15:00,1.4,1007.7,20.9,42.8,0.439,0.435,0.391
chennai_adyar,Chennai,Tamil Nadu,East Coast (Bay of Bengal),13.0827,80.2707,6.0,2023 Cyclone Michaung Storm Surge,2023-12-02T16:00,2.5,1007.9,20.8,40.0,0.43,0.437,0.394
chennai_adyar,Chennai,Tamil Nadu,East Coast (Bay of Bengal),13.0827,80.2707,6.0,2023 Cyclone Michaung Storm Surge,2023-12-02T17:00,6.8,1008.0,21.6,39.6,0.433,0.437,0.397
chennai_adyar,Chennai,Tamil Nadu,East Coast (Bay of Bengal),13.0827,80.2707,6.0,2023 Cyclone Michaung Storm Surge,2023-12-02T18:00,1.2,1007.6,23.1,47.2,0.432,0.437,0.398
chennai_adyar,Chennai,Tamil Nadu,East Coast (Bay of Bengal),13.0827,80.2707,6.0,2023 Cyclone Michaung Storm Surge,2023-12-02T19:00,2.5,1007.2,20.3,39.2,0.428,0.437,0.4
chennai_adyar,Chennai,Tamil Nadu,East Coast (Bay of Bengal),13.0827,80.2707,6.0,2023 Cyclone Michaung Storm Surge,2023-12-02T20:00,1.0,1006.1,18.7,35.3,0.435,0.435,0.402
chennai_adyar,Chennai,Tamil Nadu,East Coast (Bay of Bengal),13.0827,80.2707,6.0,2023 Cyclone Michaung Storm Surge,2023-12-02T21:00,2.1,1005.4,18.8,34.2,0.435,0.438,0.403
chennai_adyar,Chennai,Tamil Nadu,East Coast (Bay of Bengal),13.0827,80.2707,6.0,2023 Cyclone Michaung Storm Surge,2023-12-02T22:00,1.9,1004.8,19.1,41.4,0.434,0.437,0.405
chennai_adyar,Chennai,Tamil Nadu,East Coast (Bay of Bengal),13.0827,80.2707,6.0,2023 Cyclone Michaung Storm Surge,2023-12-02T23:00,2.0,1004.8,18.0,33.1,0.431,0.437,0.407
chennai_adyar,Chennai,Tamil Nadu,East Coast (Bay of Bengal),13.0827,80.2707,6.0,2023 Cyclone Michaung Storm Surge,2023-12-03T00:00,1.8,1005.4,16.6,33.5,0.434,0.439,0.409
chennai_adyar,Chennai,Tamil Nadu,East Coast (Bay of Bengal),13.0827,80.2707,6.0,2023 Cyclone Michaung Storm Surge,2023-12-03T01:00,4.6,1006.1,19.4,34.2,0.436,0.439,0.419
chennai_adyar,Chennai,Tamil Nadu,East Coast (Bay of Bengal),13.0827,80.2707,6.0,2023 Cyclone Michaung Storm Surge,2023-12-03T02:00,3.4,1006.5,21.0,42.8,0.433,0.438,0.422
chennai_adyar,Chennai,Tamil Nadu,East Coast (Bay of Bengal),13.0827,80.2707,6.0,2023 Cyclone Michaung Storm Surge,2023-12-03T03:00,0.9,1007.4,23.8,46.1,0.434,0.436,0.423
chennai_adyar,Chennai,Tamil Nadu,East Coast (Bay of Bengal),13.0827,80.2707,6.0,2023 Cyclone Michaung Storm Surge,2023-12-03T04:00,1.2,1007.5,21.2,45.4,0.432,0.438,0.424
chennai_adyar,Chennai,Tamil Nadu,East Coast (Bay of Bengal),13.0827,80.2707,6.0,2023 Cyclone Michaung Storm Surge,2023-12-03T05:00,1.4,1007.3,24.2,45.7,0.437,0.437,0.424
chennai_adyar,Chennai,Tamil Nadu,East Coast (Bay of Bengal),13.0827,80.2707,6.0,2023 Cyclone Michaung Storm Surge,2023-12-03T06:00,1.9,1006.5,24.8,55.8,0.435,0.437,0.426
chennai_adyar,Chennai,Tamil Nadu,East Coast (Bay of Bengal),13.0827,80.2707,6.0,2023 Cyclone Michaung Storm Surge,2023-12-03T07:00,9.7,1005.3,31.8,56.2,0.439,0.439,0.428
chennai_adyar,Chennai,Tamil Nadu,East Coast (Bay of Bengal),13.0827,80.2707,6.0,2023 Cyclone Michaung Storm Surge,2023-12-03T08:00,5.7,1004.2,29.4,59.4,0.429,0.437,0.431
chennai_adyar,Chennai,Tamil Nadu,East Coast (Bay of Bengal),13.0827,80.2707,6.0,2023 Cyclone Michaung Storm Surge,2023-12-03T09:00,0.8,1003.6,27.8,52.9,0.431,0.436,0.431
chennai_adyar,Chennai,Tamil Nadu,East Coast (Bay of Bengal),13.0827,80.2707,6.0,2023 Cyclone Michaung Storm Surge,2023-12-03T10:00,1.2,1002.9,26.3,50.4,0.435,0.436,0.431
chennai_adyar,Chennai,Tamil Nadu,East Coast (Bay of Bengal),13.0827,80.2707,6.0,2023 Cyclone Michaung Storm Surge,2023-12-03T11:00,0.3,1002.8,29.6,49.7,0.431,0.435,0.431
chennai_adyar,Chennai,Tamil Nadu,East Coast (Bay of Bengal),13.0827,80.2707,6.0,2023 Cyclone Michaung Storm Surge,2023-12-03T12:00,1.4,1003.3,25.6,52.9,0.439,0.435,0.431
chennai_adyar,Chennai,Tamil Nadu,East Coast (Bay of Bengal),13.0827,80.2707,6.0,2023 Cyclone Michaung Storm Surge,2023-12-03T13:00,2.2,1004.0,28.5,52.2,0.438,0.438,0.434
chennai_adyar,Chennai,Tamil Nadu,East Coast (Bay of Bengal),13.0827,80.2707,6.0,2023 Cyclone Michaung Storm Surge,2023-12-03T14:00,1.3,1004.5,30.1,55.1,0.434,0.439,0.435
chennai_adyar,Chennai,Tamil Nadu,East Coast (Bay of Bengal),13.0827,80.2707,6.0,2023 Cyclone Michaung Storm Surge,2023-12-03T15:00,1.0,1004.7,31.4,60.8,0.433,0.437,0.435
chennai_adyar,Chennai,Tamil Nadu,East Coast (Bay of Bengal),13.0827,80.2707,6.0,2023 Cyclone Michaung Storm Surge,2023-12-03T16:00,1.2,1004.5,34.4,59.8,0.438,0.437,0.435
chennai_adyar,Chennai,Tamil Nadu,East Coast (Bay of Bengal),13.0827,80.2707,6.0,2023 Cyclone Michaung Storm Surge,2023-12-03T17:00,2.3,1004.2,30.8,59.8,0.438,0.439,0.435
chennai_adyar,Chennai,Tamil Nadu,East Coast (Bay of Bengal),13.0827,80.2707,6.0,2023 Cyclone Michaung Storm Surge,2023-12-03T18:00,2.2,1003.3,33.4,61.2,0.439,0.438,0.437
chennai_adyar,Chennai,Tamil Nadu,East Coast (Bay of Bengal),13.0827,80.2707,6.0,2023 Cyclone Michaung Storm Surge,2023-12-03T19:00,4.3,1002.7,32.1,58.3,0.436,0.439,0.439
chennai_adyar,Chennai,Tamil Nadu,East Coast (Bay of Bengal),13.0827,80.2707,6.0,2023 Cyclone Michaung Storm Surge,2023-12-03T20:00,2.6,1001.5,35.5,61.6,0.432,0.438,0.439
chennai_adyar,Chennai,Tamil Nadu,East Coast (Bay of Bengal),13.0827,80.2707,6.0,2023 Cyclone Michaung Storm Surge,2023-12-03T21:00,3.4,1000.4,34.9,65.9,0.432,0.438,0.438
chennai_adyar,Chennai,Tamil Nadu,East Coast (Bay of Bengal),13.0827,80.2707,6.0,2023 Cyclone Michaung Storm Surge,2023-12-03T22:00,2.6,999.2,35.6,61.9,0.437,0.434,0.438
chennai_adyar,Chennai,Tamil Nadu,East Coast (Bay of Bengal),13.0827,80.2707,6.0,2023 Cyclone Michaung Storm Surge,2023-12-03T23:00,2.2,999.3,38.3,68.4,0.438,0.438,0.437
chennai_adyar,Chennai,Tamil Nadu,East Coast (Bay of Bengal),13.0827,80.2707,6.0,2023 Cyclone Michaung Storm Surge,2023-12-04T00:00,5.0,999.3,34.2,66.6,0.435,0.439,0.439
chennai_adyar,Chennai,Tamil Nadu,East Coast (Bay of Bengal),13.0827,80.2707,6.0,2023 Cyclone Michaung Storm Surge,2023-12-04T01:00,18.2,996.8,44.7,85.3,0.434,0.439,0.439
chennai_adyar,Chennai,Tamil Nadu,East Coast (Bay of Bengal),13.0827,80.2707,6.0,2023 Cyclone Michaung Storm Surge,2023-12-04T02:00,26.1,997.1,46.1,85.0,0.439,0.437,0.439
chennai_adyar,Chennai,Tamil Nadu,East Coast (Bay of Bengal),13.0827,80.2707,6.0,2023 Cyclone Michaung Storm Surge,2023-12-04T03:00,21.5,997.3,50.1,89.6,0.439,0.439,0.438
chennai_adyar,Chennai,Tamil Nadu,East Coast (Bay of Bengal),13.0827,80.2707,6.0,2023 Cyclone Michaung Storm Surge,2023-12-04T04:00,12.9,997.1,41.3,86.8,0.439,0.437,0.439
chennai_adyar,Chennai,Tamil Nadu,East Coast (Bay of Bengal),13.0827,80.2707,6.0,2023 Cyclone Michaung Storm Surge,2023-12-04T05:00,8.7,996.7,40.1,71.3,0.434,0.439,0.438
chennai_adyar,Chennai,Tamil Nadu,East Coast (Bay of Bengal),13.0827,80.2707,6.0,2023 Cyclone Michaung Storm Surge,2023-12-04T06:00,6.7,995.6,48.5,88.9,0.435,0.439,0.439
chennai_adyar,Chennai,Tamil Nadu,East Coast (Bay of Bengal),13.0827,80.2707,6.0,2023 Cyclone Michaung Storm Surge,2023-12-04T07:00,13.8,994.9,44.9,84.6,0.435,0.439,0.439
chennai_adyar,Chennai,Tamil Nadu,East Coast (Bay of Bengal),13.0827,80.2707,6.0,2023 Cyclone Michaung Storm Surge,2023-12-04T08:00,6.9,994.0,42.6,79.9,0.439,0.439,0.438
chennai_adyar,Chennai,Tamil Nadu,East Coast (Bay of Bengal),13.0827,80.2707,6.0,2023 Cyclone Michaung Storm Surge,2023-12-04T09:00,8.7,993.5,41.7,76.0,0.436,0.439,0.438
chennai_adyar,Chennai,Tamil Nadu,East Coast (Bay of Bengal),13.0827,80.2707,6.0,2023 Cyclone Michaung Storm Surge,2023-12-04T10:00,16.3,993.8,42.1,76.0,0.439,0.437,0.439
chennai_adyar,Chennai,Tamil Nadu,East Coast (Bay of Bengal),13.0827,80.2707,6.0,2023 Cyclone Michaung Storm Surge,2023-12-04T11:00,14.4,994.5,42.2,79.2,0.434,0.439,0.439
chennai_adyar,Chennai,Tamil Nadu,East Coast (Bay of Bengal),13.0827,80.2707,6.0,2023 Cyclone Michaung Storm Surge,2023-12-04T12:00,7.5,996.1,41.6,77.4,0.439,0.439,0.438
chennai_adyar,Chennai,Tamil Nadu,East Coast (Bay of Bengal),13.0827,80.2707,6.0,2023 Cyclone Michaung Storm Surge,2023-12-04T13:00,19.2,1000.0,38.8,67.0,0.434,0.439,0.438
chennai_adyar,Chennai,Tamil Nadu,East Coast (Bay of Bengal),13.0827,80.2707,6.0,2023 Cyclone Michaung Storm Surge,2023-12-04T14:00,18.0,1001.1,38.7,70.9,0.439,0.439,0.438
chennai_adyar,Chennai,Tamil Nadu,East Coast (Bay of Bengal),13.0827,80.2707,6.0,2023 Cyclone Michaung Storm Surge,2023-12-04T15:00,16.6,1001.9,38.7,73.1,0.439,0.439,0.438
chennai_adyar,Chennai,Tamil Nadu,East Coast (Bay of Bengal),13.0827,80.2707,6.0,2023 Cyclone Michaung Storm Surge,2023-12-04T16:00,8.0,1002.2,37.7,68.0,0.439,0.437,0.439
chennai_adyar,Chennai,Tamil Nadu,East Coast (Bay of Bengal),13.0827,80.2707,6.0,2023 Cyclone Michaung Storm Surge,2023-12-04T17:00,7.1,1003.1,35.2,66.2,0.435,0.438,0.439
chennai_adyar,Chennai,Tamil Nadu,East Coast (Bay of Bengal),13.0827,80.2707,6.0,2023 Cyclone Michaung Storm Surge,2023-12-04T18:00,5.1,1003.1,32.0,61.9,0.436,0.439,0.438
chennai_adyar,Chennai,Tamil Nadu,East Coast (Bay of Bengal),13.0827,80.2707,6.0,2023 Cyclone Michaung Storm Surge,2023-12-04T19:00,5.8,1003.0,26.0,55.4,0.439,0.439,0.438
chennai_adyar,Chennai,Tamil Nadu,East Coast (Bay of Bengal),13.0827,80.2707,6.0,2023 Cyclone Michaung Storm Surge,2023-12-04T20:00,3.9,1002.8,23.1,48.2,0.439,0.437,0.438
chennai_adyar,Chennai,Tamil Nadu,East Coast (Bay of Bengal),13.0827,80.2707,6.0,2023 Cyclone Michaung Storm Surge,2023-12-04T21:00,4.2,1002.7,19.5,41.8,0.437,0.436,0.438
chennai_adyar,Chennai,Tamil Nadu,East Coast (Bay of Bengal),13.0827,80.2707,6.0,2023 Cyclone Michaung Storm Surge,2023-12-04T22:00,0.3,1002.2,20.1,34.2,0.432,0.435,0.438
chennai_adyar,Chennai,Tamil Nadu,East Coast (Bay of Bengal),13.0827,80.2707,6.0,2023 Cyclone Michaung Storm Surge,2023-12-04T23:00,0.0,1002.3,20.7,36.0,0.427,0.433,0.437
chennai_adyar,Chennai,Tamil Nadu,East Coast (Bay of Bengal),13.0827,80.2707,6.0,2023 Cyclone Michaung Storm Surge,2023-12-05T00:00,0.0,1003.1,19.8,35.6,0.423,0.431,0.436
chennai_adyar,Chennai,Tamil Nadu,East Coast (Bay of Bengal),13.0827,80.2707,6.0,2023 Cyclone Michaung Storm Surge,2023-12-05T01:00,0.0,1003.4,21.3,38.2,0.42,0.432,0.435
chennai_adyar,Chennai,Tamil Nadu,East Coast (Bay of Bengal),13.0827,80.2707,6.0,2023 Cyclone Michaung Storm Surge,2023-12-05T02:00,0.0,1004.4,20.8,37.1,0.418,0.431,0.435
chennai_adyar,Chennai,Tamil Nadu,East Coast (Bay of Bengal),13.0827,80.2707,6.0,2023 Cyclone Michaung Storm Surge,2023-12-05T03:00,0.0,1005.4,19.9,36.4,0.415,0.429,0.435
chennai_adyar,Chennai,Tamil Nadu,East Coast (Bay of Bengal),13.0827,80.2707,6.0,2023 Cyclone Michaung Storm Surge,2023-12-05T04:00,0.0,1005.6,17.1,34.6,0.413,0.427,0.434
chennai_adyar,Chennai,Tamil Nadu,East Coast (Bay of Bengal),13.0827,80.2707,6.0,2023 Cyclone Michaung Storm Surge,2023-12-05T05:00,0.0,1005.8,15.2,29.9,0.41,0.425,0.434
chennai_adyar,Chennai,Tamil Nadu,East Coast (Bay of Bengal),13.0827,80.2707,6.0,2023 Cyclone Michaung Storm Surge,2023-12-05T06:00,0.0,1004.9,17.4,33.5,0.407,0.423,0.433
chennai_adyar,Chennai,Tamil Nadu,East Coast (Bay of Bengal),13.0827,80.2707,6.0,2023 Cyclone Michaung Storm Surge,2023-12-05T07:00,0.0,1003.7,16.1,33.5,0.403,0.42,0.433
chennai_adyar,Chennai,Tamil Nadu,East Coast (Bay of Bengal),13.0827,80.2707,6.0,2023 Cyclone Michaung Storm Surge,2023-12-05T08:00,0.0,1003.2,11.6,31.0,0.401,0.418,0.432
chennai_adyar,Chennai,Tamil Nadu,East Coast (Bay of Bengal),13.0827,80.2707,6.0,2023 Cyclone Michaung Storm Surge,2023-12-05T09:00,0.0,1002.6,10.9,23.0,0.398,0.416,0.432
chennai_adyar,Chennai,Tamil Nadu,East Coast (Bay of Bengal),13.0827,80.2707,6.0,2023 Cyclone Michaung Storm Surge,2023-12-05T10:00,0.0,1002.5,7.6,21.2,0.396,0.414,0.431
chennai_adyar,Chennai,Tamil Nadu,East Coast (Bay of Bengal),13.0827,80.2707,6.0,2023 Cyclone Michaung Storm Surge,2023-12-05T11:00,0.1,1003.0,15.4,27.7,0.395,0.413,0.431
chennai_adyar,Chennai,Tamil Nadu,East Coast (Bay of Bengal),13.0827,80.2707,6.0,2023 Cyclone Michaung Storm Surge,2023-12-05T12:00,0.0,1003.9,15.6,28.4,0.395,0.412,0.431
chennai_adyar,Chennai,Tamil Nadu,East Coast (Bay of Bengal),13.0827,80.2707,6.0,2023 Cyclone Michaung Storm Surge,2023-12-05T13:00,0.0,1005.4,13.5,33.1,0.399,0.412,0.43
chennai_adyar,Chennai,Tamil Nadu,East Coast (Bay of Bengal),13.0827,80.2707,6.0,2023 Cyclone Michaung Storm Surge,2023-12-05T14:00,0.0,1006.8,11.2,22.0,0.399,0.411,0.43
chennai_adyar,Chennai,Tamil Nadu,East Coast (Bay of Bengal),13.0827,80.2707,6.0,2023 Cyclone Michaung Storm Surge,2023-12-05T15:00,0.0,1007.3,10.5,19.4,0.398,0.41,0.43
chennai_adyar,Chennai,Tamil Nadu,East Coast (Bay of Bengal),13.0827,80.2707,6.0,2023 Cyclone Michaung Storm Surge,2023-12-05T16:00,0.0,1007.9,4.7,18.0,0.398,0.409,0.429
chennai_adyar,Chennai,Tamil Nadu,East Coast (Bay of Bengal),13.0827,80.2707,6.0,2023 Cyclone Michaung Storm Surge,2023-12-05T17:00,0.0,1008.2,11.2,18.0,0.397,0.408,0.429
chennai_adyar,Chennai,Tamil Nadu,East Coast (Bay of Bengal),13.0827,80.2707,6.0,2023 Cyclone Michaung Storm Surge,2023-12-05T18:00,0.0,1008.1,9.8,19.8,0.397,0.408,0.429
chennai_adyar,Chennai,Tamil Nadu,East Coast (Bay of Bengal),13.0827,80.2707,6.0,2023 Cyclone Michaung Storm Surge,2023-12-05T19:00,0.0,1007.7,10.4,18.0,0.396,0.407,0.428
chennai_adyar,Chennai,Tamil Nadu,East Coast (Bay of Bengal),13.0827,80.2707,6.0,2023 Cyclone Michaung Storm Surge,2023-12-05T20:00,0.0,1007.0,15.6,23.8,0.396,0.406,0.428
chennai_adyar,Chennai,Tamil Nadu,East Coast (Bay of Bengal),13.0827,80.2707,6.0,2023 Cyclone Michaung Storm Surge,2023-12-05T21:00,0.0,1006.6,14.2,28.1,0.395,0.405,0.428
chennai_adyar,Chennai,Tamil Nadu,East Coast (Bay of Bengal),13.0827,80.2707,6.0,2023 Cyclone Michaung Storm Surge,2023-12-05T22:00,0.0,1006.4,10.5,28.1,0.395,0.405,0.428
chennai_adyar,Chennai,Tamil Nadu,East Coast (Bay of Bengal),13.0827,80.2707,6.0,2023 Cyclone Michaung Storm Surge,2023-12-05T23:00,0.0,1006.5,11.8,19.8,0.394,0.404,0.427
chennai_adyar,Chennai,Tamil Nadu,East Coast (Bay of Bengal),13.0827,80.2707,6.0,2023 Cyclone Michaung Storm Surge,2023-12-06T00:00,0.0,1007.2,9.7,19.4,0.394,0.403,0.427
chennai_adyar,Chennai,Tamil Nadu,East Coast (Bay of Bengal),13.0827,80.2707,6.0,2023 Cyclone Michaung Storm Surge,2023-12-06T01:00,0.3,1007.8,6.0,12.6,0.42,0.431,0.434
chennai_adyar,Chennai,Tamil Nadu,East Coast (Bay of Bengal),13.0827,80.2707,6.0,2023 Cyclone Michaung Storm Surge,2023-12-06T02:00,0.6,1008.9,3.8,9.7,0.425,0.43,0.434
chennai_adyar,Chennai,Tamil Nadu,East Coast (Bay of Bengal),13.0827,80.2707,6.0,2023 Cyclone Michaung Storm Surge,2023-12-06T03:00,0.2,1009.4,7.0,16.2,0.423,0.429,0.434
chennai_adyar,Chennai,Tamil Nadu,East Coast (Bay of Bengal),13.0827,80.2707,6.0,2023 Cyclone Michaung Storm Surge,2023-12-06T04:00,0.1,1009.6,5.4,18.0,0.421,0.428,0.433
chennai_adyar,Chennai,Tamil Nadu,East Coast (Bay of Bengal),13.0827,80.2707,6.0,2023 Cyclone Michaung Storm Surge,2023-12-06T05:00,0.1,1009.2,1.8,15.8,0.418,0.427,0.433
chennai_adyar,Chennai,Tamil Nadu,East Coast (Bay of Bengal),13.0827,80.2707,6.0,2023 Cyclone Michaung Storm Surge,2023-12-06T06:00,0.1,1008.3,4.1,14.8,0.415,0.425,0.432
chennai_adyar,Chennai,Tamil Nadu,East Coast (Bay of Bengal),13.0827,80.2707,6.0,2023 Cyclone Michaung Storm Surge,2023-12-06T07:00,0.0,1007.0,4.5,16.9,0.411,0.423,0.432
chennai_adyar,Chennai,Tamil Nadu,East Coast (Bay of Bengal),13.0827,80.2707,6.0,2023 Cyclone Michaung Storm Surge,2023-12-06T08:00,0.0,1006.0,5.9,18.4,0.407,0.421,0.432
chennai_adyar,Chennai,Tamil Nadu,East Coast (Bay of Bengal),13.0827,80.2707,6.0,2023 Cyclone Michaung Storm Surge,2023-12-06T09:00,3.5,1005.5,9.2,23.4,0.439,0.42,0.431
chennai_adyar,Chennai,Tamil Nadu,East Coast (Bay of Bengal),13.0827,80.2707,6.0,2023 Cyclone Michaung Storm Surge,2023-12-06T10:00,7.1,1005.9,7.6,25.2,0.435,0.437,0.431
chennai_adyar,Chennai,Tamil Nadu,East Coast (Bay of Bengal),13.0827,80.2707,6.0,2023 Cyclone Michaung Storm Surge,2023-12-06T11:00,0.2,1006.2,6.1,16.9,0.429,0.436,0.431
chennai_adyar,Chennai,Tamil Nadu,East Coast (Bay of Bengal),13.0827,80.2707,6.0,2023 Cyclone Michaung Storm Surge,2023-12-06T12:00,0.1,1006.9,2.4,12.6,0.425,0.435,0.432
chennai_adyar,Chennai,Tamil Nadu,East Coast (Bay of Bengal),13.0827,80.2707,6.0,2023 Cyclone Michaung Storm Surge,2023-12-06T13:00,0.0,1007.5,1.9,7.6,0.414,0.415,0.43
chennai_adyar,Chennai,Tamil Nadu,East Coast (Bay of Bengal),13.0827,80.2707,6.0,2023 Cyclone Michaung Storm Surge,2023-12-06T14:00,4.5,1009.6,9.9,28.8,0.433,0.422,0.43
chennai_adyar,Chennai,Tamil Nadu,East Coast (Bay of Bengal),13.0827,80.2707,6.0,2023 Cyclone Michaung Storm Surge,2023-12-06T15:00,0.3,1009.9,1.8,14.4,0.429,0.423,0.43
chennai_adyar,Chennai,Tamil Nadu,East Coast (Bay of Bengal),13.0827,80.2707,6.0,2023 Cyclone Michaung Storm Surge,2023-12-06T16:00,0.0,1010.2,6.4,10.1,0.425,0.423,0.429
chennai_adyar,Chennai,Tamil Nadu,East Coast (Bay of Bengal),13.0827,80.2707,6.0,2023 Cyclone Michaung Storm Surge,2023-12-06T17:00,0.0,1010.0,8.6,14.8,0.422,0.423,0.429
chennai_adyar,Chennai,Tamil Nadu,East Coast (Bay of Bengal),13.0827,80.2707,6.0,2023 Cyclone Michaung Storm Surge,2023-12-06T18:00,0.0,1009.6,7.9,14.8,0.42,0.422,0.429
chennai_adyar,Chennai,Tamil Nadu,East Coast (Bay of Bengal),13.0827,80.2707,6.0,2023 Cyclone Michaung Storm Surge,2023-12-06T19:00,0.0,1008.8,6.9,13.3,0.417,0.422,0.429
chennai_adyar,Chennai,Tamil Nadu,East Coast (Bay of Bengal),13.0827,80.2707,6.0,2023 Cyclone Michaung Storm Surge,2023-12-06T20:00,0.0,1008.2,7.6,11.5,0.415,0.421,0.429
chennai_adyar,Chennai,Tamil Nadu,East Coast (Bay of Bengal),13.0827,80.2707,6.0,2023 Cyclone Michaung Storm Surge,2023-12-06T21:00,0.0,1007.7,5.1,10.1,0.414,0.421,0.428
chennai_adyar,Chennai,Tamil Nadu,East Coast (Bay of Bengal),13.0827,80.2707,6.0,2023 Cyclone Michaung Storm Surge,2023-12-06T22:00,0.8,1007.7,12.3,21.2,0.422,0.42,0.428
chennai_adyar,Chennai,Tamil Nadu,East Coast (Bay of Bengal),13.0827,80.2707,6.0,2023 Cyclone Michaung Storm Surge,2023-12-06T23:00,0.1,1007.8,8.6,20.9,0.42,0.42,0.428
chennai_adyar,Chennai,Tamil Nadu,East Coast (Bay of Bengal),13.0827,80.2707,6.0,2023 Cyclone Michaung Storm Surge,2023-12-07T00:00,0.0,1008.3,5.4,14.8,0.418,0.42,0.428
chennai_adyar,Chennai,Tamil Nadu,East Coast (Bay of Bengal),13.0827,80.2707,6.0,2023 Cyclone Michaung Storm Surge,2023-12-07T01:00,1.1,1009.7,9.8,19.4,0.421,0.414,0.43
chennai_adyar,Chennai,Tamil Nadu,East Coast (Bay of Bengal),13.0827,80.2707,6.0,2023 Cyclone Michaung Storm Surge,2023-12-07T02:00,1.6,1010.5,7.3,25.2,0.432,0.416,0.43
chennai_adyar,Chennai,Tamil Nadu,East Coast (Bay of Bengal),13.0827,80.2707,6.0,2023 Cyclone Michaung Storm Surge,2023-12-07T03:00,0.3,1011.0,1.3,14.4,0.427,0.418,0.429
chennai_adyar,Chennai,Tamil Nadu,East Coast (Bay of Bengal),13.0827,80.2707,6.0,2023 Cyclone Michaung Storm Surge,2023-12-07T04:00,0.0,1011.1,0.7,9.4,0.423,0.418,0.429
chennai_adyar,Chennai,Tamil Nadu,East Coast (Bay of Bengal),13.0827,80.2707,6.0,2023 Cyclone Michaung Storm Surge,2023-12-07T05:00,0.0,1010.7,2.1,12.2,0.418,0.417,0.429
chennai_adyar,Chennai,Tamil Nadu,East Coast (Bay of Bengal),13.0827,80.2707,6.0,2023 Cyclone Michaung Storm Surge,2023-12-07T06:00,0.0,1009.9,4.3,17.3,0.414,0.416,0.428
chennai_adyar,Chennai,Tamil Nadu,East Coast (Bay of Bengal),13.0827,80.2707,6.0,2023 Cyclone Michaung Storm Surge,2023-12-07T07:00,0.0,1008.9,8.3,22.0,0.41,0.415,0.428
chennai_adyar,Chennai,Tamil Nadu,East Coast (Bay of Bengal),13.0827,80.2707,6.0,2023 Cyclone Michaung Storm Surge,2023-12-07T08:00,0.2,1007.8,10.3,25.2,0.408,0.413,0.428
chennai_adyar,Chennai,Tamil Nadu,East Coast (Bay of Bengal),13.0827,80.2707,6.0,2023 Cyclone Michaung Storm Surge,2023-12-07T09:00,0.2,1007.2,10.2,25.9,0.406,0.412,0.427
chennai_adyar,Chennai,Tamil Nadu,East Coast (Bay of Bengal),13.0827,80.2707,6.0,2023 Cyclone Michaung Storm Surge,2023-12-07T10:00,0.0,1007.2,11.9,24.5,0.404,0.411,0.427
chennai_adyar,Chennai,Tamil Nadu,East Coast (Bay of Bengal),13.0827,80.2707,6.0,2023 Cyclone Michaung Storm Surge,2023-12-07T11:00,0.0,1007.5,11.8,24.1,0.402,0.41,0.427
chennai_adyar,Chennai,Tamil Nadu,East Coast (Bay of Bengal),13.0827,80.2707,6.0,2023 Cyclone Michaung Storm Surge,2023-12-07T12:00,0.0,1008.3,8.9,22.3,0.401,0.409,0.427
chennai_adyar,Chennai,Tamil Nadu,East Coast (Bay of Bengal),13.0827,80.2707,6.0,2023 Cyclone Michaung Storm Surge,2023-12-07T13:00,0.9,1009.1,6.7,10.8,0.41,0.403,0.426
chennai_adyar,Chennai,Tamil Nadu,East Coast (Bay of Bengal),13.0827,80.2707,6.0,2023 Cyclone Michaung Storm Surge,2023-12-07T14:00,0.2,1010.0,13.4,24.5,0.41,0.403,0.426
chennai_adyar,Chennai,Tamil Nadu,East Coast (Bay of Bengal),13.0827,80.2707,6.0,2023 Cyclone Michaung Storm Surge,2023-12-07T15:00,0.0,1010.9,5.6,23.8,0.408,0.403,0.425
chennai_adyar,Chennai,Tamil Nadu,East Coast (Bay of Bengal),13.0827,80.2707,6.0,2023 Cyclone Michaung Storm Surge,2023-12-07T16:00,0.2,1010.7,7.3,14.4,0.409,0.403,0.425
chennai_adyar,Chennai,Tamil Nadu,East Coast (Bay of Bengal),13.0827,80.2707,6.0,2023 Cyclone Michaung Storm Surge,2023-12-07T17:00,0.0,1010.6,4.3,12.6,0.407,0.403,0.425
chennai_adyar,Chennai,Tamil Nadu,East Coast (Bay of Bengal),13.0827,80.2707,6.0,2023 Cyclone Michaung Storm Surge,2023-12-07T18:00,0.0,1010.6,6.1,11.2,0.406,0.402,0.425
chennai_adyar,Chennai,Tamil Nadu,East Coast (Bay of Bengal),13.0827,80.2707,6.0,2023 Cyclone Michaung Storm Surge,2023-12-07T19:00,0.0,1009.9,3.5,10.8,0.404,0.402,0.425
chennai_adyar,Chennai,Tamil Nadu,East Coast (Bay of Bengal),13.0827,80.2707,6.0,2023 Cyclone Michaung Storm Surge,2023-12-07T20:00,0.4,1009.5,6.4,9.7,0.408,0.402,0.424
chennai_adyar,Chennai,Tamil Nadu,East Coast (Bay of Bengal),13.0827,80.2707,6.0,2023 Cyclone Michaung Storm Surge,2023-12-07T21:00,0.1,1008.9,3.4,11.2,0.407,0.402,0.424
chennai_adyar,Chennai,Tamil Nadu,East Coast (Bay of Bengal),13.0827,80.2707,6.0,2023 Cyclone Michaung Storm Surge,2023-12-07T22:00,0.0,1008.6,4.4,7.6,0.405,0.402,0.424
chennai_adyar,Chennai,Tamil Nadu,East Coast (Bay of Bengal),13.0827,80.2707,6.0,2023 Cyclone Michaung Storm Surge,2023-12-07T23:00,0.0,1009.0,6.4,10.8,0.404,0.401,0.424
chennai_adyar,Chennai,Tamil Nadu,East Coast (Bay of Bengal),13.0827,80.2707,6.0,2023 Cyclone Michaung Storm Surge,2023-12-08T00:00,0.0,1009.5,6.8,12.2,0.403,0.401,0.424
chennai_adyar,Chennai,Tamil Nadu,East Coast (Bay of Bengal),13.0827,80.2707,6.0,2023 Cyclone Michaung Storm Surge,2023-12-08T01:00,0.0,1010.1,9.7,16.9,0.39,0.397,0.423
chennai_adyar,Chennai,Tamil Nadu,East Coast (Bay of Bengal),13.0827,80.2707,6.0,2023 Cyclone Michaung Storm Surge,2023-12-08T02:00,0.0,1011.2,10.1,18.4,0.39,0.397,0.423
chennai_adyar,Chennai,Tamil Nadu,East Coast (Bay of Bengal),13.0827,80.2707,6.0,2023 Cyclone Michaung Storm Surge,2023-12-08T03:00,0.0,1011.8,10.5,21.2,0.389,0.396,0.423
chennai_adyar,Chennai,Tamil Nadu,East Coast (Bay of Bengal),13.0827,80.2707,6.0,2023 Cyclone Michaung Storm Surge,2023-12-08T04:00,0.0,1012.2,9.8,22.3,0.387,0.396,0.423
chennai_adyar,Chennai,Tamil Nadu,East Coast (Bay of Bengal),13.0827,80.2707,6.0,2023 Cyclone Michaung Storm Surge,2023-12-08T05:00,0.0,1011.9,10.5,24.5,0.385,0.394,0.422
chennai_adyar,Chennai,Tamil Nadu,East Coast (Bay of Bengal),13.0827,80.2707,6.0,2023 Cyclone Michaung Storm Surge,2023-12-08T06:00,0.1,1011.2,11.1,25.2,0.383,0.393,0.422
chennai_adyar,Chennai,Tamil Nadu,East Coast (Bay of Bengal),13.0827,80.2707,6.0,2023 Cyclone Michaung Storm Surge,2023-12-08T07:00,0.0,1009.9,12.1,25.9,0.381,0.392,0.422
chennai_adyar,Chennai,Tamil Nadu,East Coast (Bay of Bengal),13.0827,80.2707,6.0,2023 Cyclone Michaung Storm Surge,2023-12-08T08:00,0.0,1008.9,14.4,29.5,0.378,0.391,0.421
chennai_adyar,Chennai,Tamil Nadu,East Coast (Bay of Bengal),13.0827,80.2707,6.0,2023 Cyclone Michaung Storm Surge,2023-12-08T09:00,0.6,1008.3,13.3,29.9,0.381,0.39,0.421
chennai_adyar,Chennai,Tamil Nadu,East Coast (Bay of Bengal),13.0827,80.2707,6.0,2023 Cyclone Michaung Storm Surge,2023-12-08T10:00,0.1,1008.2,12.7,26.6,0.38,0.389,0.421
chennai_adyar,Chennai,Tamil Nadu,East Coast (Bay of Bengal),13.0827,80.2707,6.0,2023 Cyclone Michaung Storm Surge,2023-12-08T11:00,0.1,1008.5,12.7,26.3,0.38,0.389,0.42
chennai_adyar,Chennai,Tamil Nadu,East Coast (Bay of Bengal),13.0827,80.2707,6.0,2023 Cyclone Michaung Storm Surge,2023-12-08T12:00,0.0,1009.4,9.9,23.8,0.379,0.388,0.42
chennai_adyar,Chennai,Tamil Nadu,East Coast (Bay of Bengal),13.0827,80.2707,6.0,2023 Cyclone Michaung Storm Surge,2023-12-08T13:00,0.0,1009.8,11.5,22.0,0.378,0.389,0.42
chennai_adyar,Chennai,Tamil Nadu,East Coast (Bay of Bengal),13.0827,80.2707,6.0,2023 Cyclone Michaung Storm Surge,2023-12-08T14:00,0.0,1010.9,10.7,19.1,0.378,0.388,0.42
chennai_adyar,Chennai,Tamil Nadu,East Coast (Bay of Bengal),13.0827,80.2707,6.0,2023 Cyclone Michaung Storm Surge,2023-12-08T15:00,0.0,1011.4,9.2,18.0,0.378,0.388,0.42
chennai_adyar,Chennai,Tamil Nadu,East Coast (Bay of Bengal),13.0827,80.2707,6.0,2023 Cyclone Michaung Storm Surge,2023-12-08T16:00,0.0,1011.5,8.0,15.1,0.378,0.387,0.419
chennai_adyar,Chennai,Tamil Nadu,East Coast (Bay of Bengal),13.0827,80.2707,6.0,2023 Cyclone Michaung Storm Surge,2023-12-08T17:00,0.0,1011.7,7.9,13.7,0.378,0.387,0.419
chennai_adyar,Chennai,Tamil Nadu,East Coast (Bay of Bengal),13.0827,80.2707,6.0,2023 Cyclone Michaung Storm Surge,2023-12-08T18:00,0.1,1011.6,6.0,13.0,0.378,0.387,0.419
chennai_adyar,Chennai,Tamil Nadu,East Coast (Bay of Bengal),13.0827,80.2707,6.0,2023 Cyclone Michaung Storm Surge,2023-12-08T19:00,0.0,1011.2,6.8,11.2,0.378,0.386,0.419
chennai_adyar,Chennai,Tamil Nadu,East Coast (Bay of Bengal),13.0827,80.2707,6.0,2023 Cyclone Michaung Storm Surge,2023-12-08T20:00,0.0,1010.6,5.6,11.5,0.378,0.386,0.419
chennai_adyar,Chennai,Tamil Nadu,East Coast (Bay of Bengal),13.0827,80.2707,6.0,2023 Cyclone Michaung Storm Surge,2023-12-08T21:00,0.0,1010.2,6.5,10.4,0.378,0.386,0.419
chennai_adyar,Chennai,Tamil Nadu,East Coast (Bay of Bengal),13.0827,80.2707,6.0,2023 Cyclone Michaung Storm Surge,2023-12-08T22:00,0.1,1010.2,5.2,11.5,0.379,0.385,0.418
chennai_adyar,Chennai,Tamil Nadu,East Coast (Bay of Bengal),13.0827,80.2707,6.0,2023 Cyclone Michaung Storm Surge,2023-12-08T23:00,0.0,1010.6,6.0,9.4,0.379,0.385,0.418
chennai_adyar,Chennai,Tamil Nadu,East Coast (Bay of Bengal),13.0827,80.2707,6.0,2023 Cyclone Michaung Storm Surge,2023-12-09T00:00,0.1,1010.9,9.2,15.8,0.379,0.385,0.418
chennai_adyar,Chennai,Tamil Nadu,East Coast (Bay of Bengal),13.0827,80.2707,6.0,2023 Cyclone Michaung Storm Surge,2023-12-09T01:00,0.0,1011.6,7.6,16.6,0.375,0.384,0.418
chennai_adyar,Chennai,Tamil Nadu,East Coast (Bay of Bengal),13.0827,80.2707,6.0,2023 Cyclone Michaung Storm Surge,2023-12-09T02:00,0.0,1012.5,7.8,14.8,0.375,0.384,0.418
chennai_adyar,Chennai,Tamil Nadu,East Coast (Bay of Bengal),13.0827,80.2707,6.0,2023 Cyclone Michaung Storm Surge,2023-12-09T03:00,0.0,1013.4,9.6,19.8,0.375,0.384,0.418
chennai_adyar,Chennai,Tamil Nadu,East Coast (Bay of Bengal),13.0827,80.2707,6.0,2023 Cyclone Michaung Storm Surge,2023-12-09T04:00,0.0,1013.4,12.2,25.2,0.373,0.383,0.417
chennai_adyar,Chennai,Tamil Nadu,East Coast (Bay of Bengal),13.0827,80.2707,6.0,2023 Cyclone Michaung Storm Surge,2023-12-09T05:00,0.1,1013.3,14.4,29.9,0.371,0.382,0.417
chennai_adyar,Chennai,Tamil Nadu,East Coast (Bay of Bengal),13.0827,80.2707,6.0,2023 Cyclone Michaung Storm Surge,2023-12-09T06:00,0.0,1012.7,14.8,31.3,0.369,0.381,0.417
chennai_adyar,Chennai,Tamil Nadu,East Coast (Bay of Bengal),13.0827,80.2707,6.0,2023 Cyclone Michaung Storm Surge,2023-12-09T07:00,0.0,1011.3,15.8,32.0,0.366,0.38,0.416
chennai_adyar,Chennai,Tamil Nadu,East Coast (Bay of Bengal),13.0827,80.2707,6.0,2023 Cyclone Michaung Storm Surge,2023-12-09T08:00,0.0,1010.1,17.3,34.9,0.363,0.379,0.416
chennai_adyar,Chennai,Tamil Nadu,East Coast (Bay of Bengal),13.0827,80.2707,6.0,2023 Cyclone Michaung Storm Surge,2023-12-09T09:00,0.0,1009.5,17.1,34.2,0.36,0.377,0.416
chennai_adyar,Chennai,Tamil Nadu,East Coast (Bay of Bengal),13.0827,80.2707,6.0,2023 Cyclone Michaung Storm Surge,2023-12-09T10:00,0.0,1009.2,17.1,33.5,0.358,0.377,0.415
chennai_adyar,Chennai,Tamil Nadu,East Coast (Bay of Bengal),13.0827,80.2707,6.0,2023 Cyclone Michaung Storm Surge,2023-12-09T11:00,0.0,1009.2,15.8,32.8,0.357,0.376,0.415
chennai_adyar,Chennai,Tamil Nadu,East Coast (Bay of Bengal),13.0827,80.2707,6.0,2023 Cyclone Michaung Storm Surge,2023-12-09T12:00,0.0,1009.8,12.5,29.2,0.357,0.375,0.415
chennai_adyar,Chennai,Tamil Nadu,East Coast (Bay of Bengal),13.0827,80.2707,6.0,2023 Cyclone Michaung Storm Surge,2023-12-09T13:00,0.0,1010.4,13.9,23.8,0.356,0.375,0.415
chennai_adyar,Chennai,Tamil Nadu,East Coast (Bay of Bengal),13.0827,80.2707,6.0,2023 Cyclone Michaung Storm Surge,2023-12-09T14:00,0.0,1011.0,13.7,23.8,0.356,0.375,0.415
chennai_adyar,Chennai,Tamil Nadu,East Coast (Bay of Bengal),13.0827,80.2707,6.0,2023 Cyclone Michaung Storm Surge,2023-12-09T15:00,0.0,1011.2,13.1,23.0,0.356,0.374,0.415
chennai_adyar,Chennai,Tamil Nadu,East Coast (Bay of Bengal),13.0827,80.2707,6.0,2023 Cyclone Michaung Storm Surge,2023-12-09T16:00,0.0,1011.4,12.5,22.0,0.356,0.374,0.414
chennai_adyar,Chennai,Tamil Nadu,East Coast (Bay of Bengal),13.0827,80.2707,6.0,2023 Cyclone Michaung Storm Surge,2023-12-09T17:00,0.0,1011.4,11.6,21.2,0.356,0.374,0.414
chennai_adyar,Chennai,Tamil Nadu,East Coast (Bay of Bengal),13.0827,80.2707,6.0,2023 Cyclone Michaung Storm Surge,2023-12-09T18:00,0.0,1011.2,11.1,19.1,0.356,0.373,0.414
chennai_adyar,Chennai,Tamil Nadu,East Coast (Bay of Bengal),13.0827,80.2707,6.0,2023 Cyclone Michaung Storm Surge,2023-12-09T19:00,0.0,1010.8,11.6,19.1,0.356,0.373,0.414
chennai_adyar,Chennai,Tamil Nadu,East Coast (Bay of Bengal),13.0827,80.2707,6.0,2023 Cyclone Michaung Storm Surge,2023-12-09T20:00,0.0,1010.2,9.8,19.4,0.356,0.373,0.414
chennai_adyar,Chennai,Tamil Nadu,East Coast (Bay of Bengal),13.0827,80.2707,6.0,2023 Cyclone Michaung Storm Surge,2023-12-09T21:00,0.0,1009.7,8.6,16.2,0.357,0.373,0.414
chennai_adyar,Chennai,Tamil Nadu,East Coast (Bay of Bengal),13.0827,80.2707,6.0,2023 Cyclone Michaung Storm Surge,2023-12-09T22:00,0.0,1009.3,9.7,15.8,0.357,0.372,0.414
chennai_adyar,Chennai,Tamil Nadu,East Coast (Bay of Bengal),13.0827,80.2707,6.0,2023 Cyclone Michaung Storm Surge,2023-12-09T23:00,0.0,1009.7,8.7,15.8,0.357,0.372,0.413
chennai_adyar,Chennai,Tamil Nadu,East Coast (Bay of Bengal),13.0827,80.2707,6.0,2023 Cyclone Michaung Storm Surge,2023-12-10T00:00,0.0,1009.9,8.0,14.8,0.357,0.372,0.413
chennai_adyar,Chennai,Tamil Nadu,East Coast (Bay of Bengal),13.0827,80.2707,6.0,2023 Cyclone Michaung Storm Surge,2023-12-10T01:00,0.0,1010.5,8.5,13.7,0.36,0.373,0.413
chennai_adyar,Chennai,Tamil Nadu,East Coast (Bay of Bengal),13.0827,80.2707,6.0,2023 Cyclone Michaung Storm Surge,2023-12-10T02:00,0.0,1011.5,9.9,17.6,0.36,0.373,0.413
chennai_adyar,Chennai,Tamil Nadu,East Coast (Bay of Bengal),13.0827,80.2707,6.0,2023 Cyclone Michaung Storm Surge,2023-12-10T03:00,0.0,1012.0,13.7,25.6,0.359,0.372,0.413
chennai_adyar,Chennai,Tamil Nadu,East Coast (Bay of Bengal),13.0827,80.2707,6.0,2023 Cyclone Michaung Storm Surge,2023-12-10T04:00,0.0,1012.2,16.3,31.3,0.357,0.372,0.412
chennai_adyar,Chennai,Tamil Nadu,East Coast (Bay of Bengal),13.0827,80.2707,6.0,2023 Cyclone Michaung Storm Surge,2023-12-10T05:00,0.0,1011.9,17.6,34.2,0.355,0.371,0.412
chennai_adyar,Chennai,Tamil Nadu,East Coast (Bay of Bengal),13.0827,80.2707,6.0,2023 Cyclone Michaung Storm Surge,2023-12-10T06:00,0.0,1011.2,18.6,36.7,0.352,0.369,0.412
chennai_adyar,Chennai,Tamil Nadu,East Coast (Bay of Bengal),13.0827,80.2707,6.0,2023 Cyclone Michaung Storm Surge,2023-12-10T07:00,0.0,1010.3,18.6,36.7,0.349,0.368,0.411
chennai_adyar,Chennai,Tamil Nadu,East Coast (Bay of Bengal),13.0827,80.2707,6.0,2023 Cyclone Michaung Storm Surge,2023-12-10T08:00,0.0,1009.4,18.9,37.1,0.346,0.367,0.411
chennai_adyar,Chennai,Tamil Nadu,East Coast (Bay of Bengal),13.0827,80.2707,6.0,2023 Cyclone Michaung Storm Surge,2023-12-10T09:00,0.0,1008.9,18.8,37.1,0.343,0.366,0.411
chennai_adyar,Chennai,Tamil Nadu,East Coast (Bay of Bengal),13.0827,80.2707,6.0,2023 Cyclone Michaung Storm Surge,2023-12-10T10:00,0.0,1008.7,18.3,36.0,0.341,0.365,0.41
chennai_adyar,Chennai,Tamil Nadu,East Coast (Bay of Bengal),13.0827,80.2707,6.0,2023 Cyclone Michaung Storm Surge,2023-12-10T11:00,0.0,1008.7,17.3,34.6,0.34,0.365,0.41
chennai_adyar,Chennai,Tamil Nadu,East Coast (Bay of Bengal),13.0827,80.2707,6.0,2023 Cyclone Michaung Storm Surge,2023-12-10T12:00,0.0,1009.5,14.4,31.7,0.34,0.364,0.41
chennai_adyar,Chennai,Tamil Nadu,East Coast (Bay of Bengal),13.0827,80.2707,6.0,2023 Cyclone Michaung Storm Surge,2023-12-10T13:00,0.0,1010.2,10.5,20.9,0.342,0.364,0.41
chennai_adyar,Chennai,Tamil Nadu,East Coast (Bay of Bengal),13.0827,80.2707,6.0,2023 Cyclone Michaung Storm Surge,2023-12-10T14:00,0.0,1011.1,11.1,18.4,0.342,0.364,0.41
chennai_adyar,Chennai,Tamil Nadu,East Coast (Bay of Bengal),13.0827,80.2707,6.0,2023 Cyclone Michaung Storm Surge,2023-12-10T15:00,0.0,1011.8,11.5,19.4,0.342,0.364,0.41
chennai_adyar,Chennai,Tamil Nadu,East Coast (Bay of Bengal),13.0827,80.2707,6.0,2023 Cyclone Michaung Storm Surge,2023-12-10T16:00,0.0,1012.2,10.5,19.4,0.342,0.364,0.409
chennai_adyar,Chennai,Tamil Nadu,East Coast (Bay of Bengal),13.0827,80.2707,6.0,2023 Cyclone Michaung Storm Surge,2023-12-10T17:00,0.0,1012.2,10.6,17.6,0.342,0.363,0.409
chennai_adyar,Chennai,Tamil Nadu,East Coast (Bay of Bengal),13.0827,80.2707,6.0,2023 Cyclone Michaung Storm Surge,2023-12-10T18:00,0.0,1011.9,10.9,18.4,0.342,0.363,0.409
chennai_adyar,Chennai,Tamil Nadu,East Coast (Bay of Bengal),13.0827,80.2707,6.0,2023 Cyclone Michaung Storm Surge,2023-12-10T19:00,0.0,1011.6,10.0,18.4,0.342,0.363,0.409
chennai_adyar,Chennai,Tamil Nadu,East Coast (Bay of Bengal),13.0827,80.2707,6.0,2023 Cyclone Michaung Storm Surge,2023-12-10T20:00,0.0,1010.7,10.3,16.9,0.342,0.363,0.409
chennai_adyar,Chennai,Tamil Nadu,East Coast (Bay of Bengal),13.0827,80.2707,6.0,2023 Cyclone Michaung Storm Surge,2023-12-10T21:00,0.0,1010.1,9.5,17.3,0.343,0.362,0.409
chennai_adyar,Chennai,Tamil Nadu,East Coast (Bay of Bengal),13.0827,80.2707,6.0,2023 Cyclone Michaung Storm Surge,2023-12-10T22:00,0.0,1009.9,9.2,16.2,0.343,0.362,0.409
chennai_adyar,Chennai,Tamil Nadu,East Coast (Bay of Bengal),13.0827,80.2707,6.0,2023 Cyclone Michaung Storm Surge,2023-12-10T23:00,0.0,1009.7,9.6,15.8,0.343,0.362,0.408
chennai_adyar,Chennai,Tamil Nadu,East Coast (Bay of Bengal),13.0827,80.2707,6.0,2023 Cyclone Michaung Storm Surge,2023-12-11T00:00,0.0,1010.1,9.2,15.8,0.344,0.362,0.408
chennai_adyar,Chennai,Tamil Nadu,East Coast (Bay of Bengal),13.0827,80.2707,6.0,2023 Cyclone Michaung Storm Surge,2023-12-11T01:00,0.0,1011.1,11.5,19.1,0.342,0.361,0.408
chennai_adyar,Chennai,Tamil Nadu,East Coast (Bay of Bengal),13.0827,80.2707,6.0,2023 Cyclone Michaung Storm Surge,2023-12-11T02:00,0.0,1012.1,12.2,20.5,0.342,0.361,0.408
chennai_adyar,Chennai,Tamil Nadu,East Coast (Bay of Bengal),13.0827,80.2707,6.0,2023 Cyclone Michaung Storm Surge,2023-12-11T03:00,0.0,1012.9,16.5,31.7,0.341,0.361,0.408
chennai_adyar,Chennai,Tamil Nadu,East Coast (Bay of Bengal),13.0827,80.2707,6.0,2023 Cyclone Michaung Storm Surge,2023-12-11T04:00,0.0,1013.3,16.6,33.1,0.34,0.36,0.408
chennai_adyar,Chennai,Tamil Nadu,East Coast (Bay of Bengal),13.0827,80.2707,6.0,2023 Cyclone Michaung Storm Surge,2023-12-11T05:00,0.1,1013.3,15.4,32.0,0.339,0.359,0.407
chennai_adyar,Chennai,Tamil Nadu,East Coast (Bay of Bengal),13.0827,80.2707,6.0,2023 Cyclone Michaung Storm Surge,2023-12-11T06:00,0.1,1012.6,16.3,32.8,0.338,0.358,0.407
chennai_adyar,Chennai,Tamil Nadu,East Coast (Bay of Bengal),13.0827,80.2707,6.0,2023 Cyclone Michaung Storm Surge,2023-12-11T07:00,0.1,1011.5,16.1,33.1,0.337,0.357,0.407
chennai_adyar,Chennai,Tamil Nadu,East Coast (Bay of Bengal),13.0827,80.2707,6.0,2023 Cyclone Michaung Storm Surge,2023-12-11T08:00,0.1,1010.4,17.1,34.2,0.335,0.357,0.406
chennai_adyar,Chennai,Tamil Nadu,East Coast (Bay of Bengal),13.0827,80.2707,6.0,2023 Cyclone Michaung Storm Surge,2023-12-11T09:00,0.1,1009.7,16.6,34.2,0.334,0.356,0.406
chennai_adyar,Chennai,Tamil Nadu,East Coast (Bay of Bengal),13.0827,80.2707,6.0,2023 Cyclone Michaung Storm Surge,2023-12-11T10:00,0.1,1009.2,16.8,32.8,0.332,0.355,0.406
chennai_adyar,Chennai,Tamil Nadu,East Coast (Bay of Bengal),13.0827,80.2707,6.0,2023 Cyclone Michaung Storm Surge,2023-12-11T11:00,0.0,1009.3,16.8,32.8,0.332,0.354,0.406
chennai_adyar,Chennai,Tamil Nadu,East Coast (Bay of Bengal),13.0827,80.2707,6.0,2023 Cyclone Michaung Storm Surge,2023-12-11T12:00,0.0,1009.8,13.8,30.2,0.331,0.354,0.406
chennai_adyar,Chennai,Tamil Nadu,East Coast (Bay of Bengal),13.0827,80.2707,6.0,2023 Cyclone Michaung Storm Surge,2023-12-11T13:00,0.0,1010.5,12.5,25.2,0.327,0.353,0.405
chennai_adyar,Chennai,Tamil Nadu,East Coast (Bay of Bengal),13.0827,80.2707,6.0,2023 Cyclone Michaung Storm Surge,2023-12-11T14:00,0.0,1011.4,12.8,21.6,0.327,0.353,0.405
chennai_adyar,Chennai,Tamil Nadu,East Coast (Bay of Bengal),13.0827,80.2707,6.0,2023 Cyclone Michaung Storm Surge,2023-12-11T15:00,0.0,1012.0,12.8,22.3,0.328,0.353,0.405
chennai_adyar,Chennai,Tamil Nadu,East Coast (Bay of Bengal),13.0827,80.2707,6.0,2023 Cyclone Michaung Storm Surge,2023-12-11T16:00,0.0,1012.4,12.5,22.0,0.328,0.353,0.405
chennai_adyar,Chennai,Tamil Nadu,East Coast (Bay of Bengal),13.0827,80.2707,6.0,2023 Cyclone Michaung Storm Surge,2023-12-11T17:00,0.0,1012.3,12.7,21.2,0.328,0.353,0.405
chennai_adyar,Chennai,Tamil Nadu,East Coast (Bay of Bengal),13.0827,80.2707,6.0,2023 Cyclone Michaung Storm Surge,2023-12-11T18:00,0.0,1011.9,12.2,21.2,0.328,0.352,0.405
chennai_adyar,Chennai,Tamil Nadu,East Coast (Bay of Bengal),13.0827,80.2707,6.0,2023 Cyclone Michaung Storm Surge,2023-12-11T19:00,0.0,1011.4,11.8,20.2,0.328,0.352,0.405
chennai_adyar,Chennai,Tamil Nadu,East Coast (Bay of Bengal),13.0827,80.2707,6.0,2023 Cyclone Michaung Storm Surge,2023-12-11T20:00,0.0,1010.4,12.4,20.5,0.328,0.352,0.405
chennai_adyar,Chennai,Tamil Nadu,East Coast (Bay of Bengal),13.0827,80.2707,6.0,2023 Cyclone Michaung Storm Surge,2023-12-11T21:00,0.0,1009.7,12.0,20.5,0.328,0.352,0.404
chennai_adyar,Chennai,Tamil Nadu,East Coast (Bay of Bengal),13.0827,80.2707,6.0,2023 Cyclone Michaung Storm Surge,2023-12-11T22:00,0.0,1009.4,10.9,20.2,0.329,0.352,0.404
chennai_adyar,Chennai,Tamil Nadu,East Coast (Bay of Bengal),13.0827,80.2707,6.0,2023 Cyclone Michaung Storm Surge,2023-12-11T23:00,0.0,1009.5,10.0,18.0,0.329,0.352,0.404
chennai_adyar,Chennai,Tamil Nadu,East Coast (Bay of Bengal),13.0827,80.2707,6.0,2023 Cyclone Michaung Storm Surge,2023-12-12T00:00,0.0,1009.8,9.2,16.9,0.329,0.351,0.404
chennai_adyar,Chennai,Tamil Nadu,East Coast (Bay of Bengal),13.0827,80.2707,6.0,2023 Cyclone Michaung Storm Surge,2023-12-12T01:00,0.0,1010.5,6.5,11.2,0.33,0.352,0.404
chennai_adyar,Chennai,Tamil Nadu,East Coast (Bay of Bengal),13.0827,80.2707,6.0,2023 Cyclone Michaung Storm Surge,2023-12-12T02:00,0.1,1011.3,7.6,14.4,0.331,0.352,0.404
chennai_adyar,Chennai,Tamil Nadu,East Coast (Bay of Bengal),13.0827,80.2707,6.0,2023 Cyclone Michaung Storm Surge,2023-12-12T03:00,0.2,1012.1,8.0,17.3,0.332,0.352,0.403
chennai_adyar,Chennai,Tamil Nadu,East Coast (Bay of Bengal),13.0827,80.2707,6.0,2023 Cyclone Michaung Storm Surge,2023-12-12T04:00,0.8,1012.2,12.9,24.8,0.338,0.351,0.403
chennai_adyar,Chennai,Tamil Nadu,East Coast (Bay of Bengal),13.0827,80.2707,6.0,2023 Cyclone Michaung Storm Surge,2023-12-12T05:00,0.2,1012.1,15.6,31.7,0.338,0.351,0.403
chennai_adyar,Chennai,Tamil Nadu,East Coast (Bay of Bengal),13.0827,80.2707,6.0,2023 Cyclone Michaung Storm Surge,2023-12-12T06:00,0.1,1011.3,16.8,33.5,0.336,0.35,0.403
chennai_adyar,Chennai,Tamil Nadu,East Coast (Bay of Bengal),13.0827,80.2707,6.0,2023 Cyclone Michaung Storm Surge,2023-12-12T07:00,0.0,1010.5,18.2,35.6,0.334,0.349,0.402
chennai_adyar,Chennai,Tamil Nadu,East Coast (Bay of Bengal),13.0827,80.2707,6.0,2023 Cyclone Michaung Storm Surge,2023-12-12T08:00,0.0,1009.5,17.6,36.0,0.331,0.348,0.402
chennai_adyar,Chennai,Tamil Nadu,East Coast (Bay of Bengal),13.0827,80.2707,6.0,2023 Cyclone Michaung Storm Surge,2023-12-12T09:00,0.0,1009.0,16.9,35.3,0.329,0.348,0.402
chennai_adyar,Chennai,Tamil Nadu,East Coast (Bay of Bengal),13.0827,80.2707,6.0,2023 Cyclone Michaung Storm Surge,2023-12-12T10:00,0.0,1008.7,15.8,34.2,0.327,0.347,0.402
chennai_adyar,Chennai,Tamil Nadu,East Coast (Bay of Bengal),13.0827,80.2707,6.0,2023 Cyclone Michaung Storm Surge,2023-12-12T11:00,0.0,1008.9,14.9,30.2,0.325,0.346,0.401
chennai_adyar,Chennai,Tamil Nadu,East Coast (Bay of Bengal),13.0827,80.2707,6.0,2023 Cyclone Michaung Storm Surge,2023-12-12T12:00,0.0,1009.3,11.3,26.3,0.325,0.346,0.401
chennai_adyar,Chennai,Tamil Nadu,East Coast (Bay of Bengal),13.0827,80.2707,6.0,2023 Cyclone Michaung Storm Surge,2023-12-12T13:00,0.0,1010.2,8.3,18.4,0.317,0.345,0.401
chennai_adyar,Chennai,Tamil Nadu,East Coast (Bay of Bengal),13.0827,80.2707,6.0,2023 Cyclone Michaung Storm Surge,2023-12-12T14:00,0.0,1011.0,7.6,13.7,0.317,0.345,0.401
chennai_adyar,Chennai,Tamil Nadu,East Coast (Bay of Bengal),13.0827,80.2707,6.0,2023 Cyclone Michaung Storm Surge,2023-12-12T15:00,0.0,1011.7,5.9,9.4,0.318,0.345,0.401
chennai_adyar,Chennai,Tamil Nadu,East Coast (Bay of Bengal),13.0827,80.2707,6.0,2023 Cyclone Michaung Storm Surge,2023-12-12T16:00,0.0,1012.2,6.2,9.0,0.318,0.344,0.401
chennai_adyar,Chennai,Tamil Nadu,East Coast (Bay of Bengal),13.0827,80.2707,6.0,2023 Cyclone Michaung Storm Surge,2023-12-12T17:00,0.0,1011.9,6.3,10.1,0.318,0.344,0.401
chennai_adyar,Chennai,Tamil Nadu,East Coast (Bay of Bengal),13.0827,80.2707,6.0,2023 Cyclone Michaung Storm Surge,2023-12-12T18:00,0.0,1011.5,6.1,10.1,0.318,0.344,0.401
chennai_adyar,Chennai,Tamil Nadu,East Coast (Bay of Bengal),13.0827,80.2707,6.0,2023 Cyclone Michaung Storm Surge,2023-12-12T19:00,0.0,1010.8,8.5,10.1,0.319,0.344,0.401
chennai_adyar,Chennai,Tamil Nadu,East Coast (Bay of Bengal),13.0827,80.2707,6.0,2023 Cyclone Michaung Storm Surge,2023-12-12T20:00,0.0,1009.9,7.9,10.1,0.319,0.344,0.401
chennai_adyar,Chennai,Tamil Nadu,East Coast (Bay of Bengal),13.0827,80.2707,6.0,2023 Cyclone Michaung Storm Surge,2023-12-12T21:00,0.0,1009.2,5.6,9.4,0.319,0.344,0.4
chennai_adyar,Chennai,Tamil Nadu,East Coast (Bay of Bengal),13.0827,80.2707,6.0,2023 Cyclone Michaung Storm Surge,2023-12-12T22:00,0.0,1009.0,7.0,11.2,0.319,0.344,0.4
chennai_adyar,Chennai,Tamil Nadu,East Coast (Bay of Bengal),13.0827,80.2707,6.0,2023 Cyclone Michaung Storm Surge,2023-12-12T23:00,0.0,1009.1,8.4,13.7,0.32,0.344,0.4
chennai_adyar,Chennai,Tamil Nadu,East Coast (Bay of Bengal),13.0827,80.2707,6.0,2023 Cyclone Michaung Storm Surge,2023-12-13T00:00,0.0,1009.5,8.7,14.4,0.32,0.344,0.4
chennai_adyar,Chennai,Tamil Nadu,East Coast (Bay of Bengal),13.0827,80.2707,6.0,2023 Cyclone Michaung Storm Surge,2023-12-13T01:00,0.0,1011.2,6.0,13.7,0.32,0.344,0.4
chennai_adyar,Chennai,Tamil Nadu,East Coast (Bay of Bengal),13.0827,80.2707,6.0,2023 Cyclone Michaung Storm Surge,2023-12-13T02:00,0.0,1012.3,8.1,14.4,0.32,0.344,0.4
chennai_adyar,Chennai,Tamil Nadu,East Coast (Bay of Bengal),13.0827,80.2707,6.0,2023 Cyclone Michaung Storm Surge,2023-12-13T03:00,0.1,1013.5,10.8,20.9,0.321,0.343,0.4
chennai_adyar,Chennai,Tamil Nadu,East Coast (Bay of Bengal),13.0827,80.2707,6.0,2023 Cyclone Michaung Storm Surge,2023-12-13T04:00,0.1,1014.0,16.1,30.6,0.32,0.343,0.4
chennai_adyar,Chennai,Tamil Nadu,East Coast (Bay of Bengal),13.0827,80.2707,6.0,2023 Cyclone Michaung Storm Surge,2023-12-13T05:00,0.1,1013.7,17.7,34.2,0.319,0.342,0.4
chennai_adyar,Chennai,Tamil Nadu,East Coast (Bay of Bengal),13.0827,80.2707,6.0,2023 Cyclone Michaung Storm Surge,2023-12-13T06:00,0.1,1012.8,18.8,36.4,0.318,0.341,0.399
chennai_adyar,Chennai,Tamil Nadu,East Coast (Bay of Bengal),13.0827,80.2707,6.0,2023 Cyclone Michaung Storm Surge,2023-12-13T07:00,0.0,1011.6,20.0,38.2,0.315,0.34,0.399
chennai_adyar,Chennai,Tamil Nadu,East Coast (Bay of Bengal),13.0827,80.2707,6.0,2023 Cyclone Michaung Storm Surge,2023-12-13T08:00,0.0,1010.7,19.9,38.5,0.313,0.34,0.399
chennai_adyar,Chennai,Tamil Nadu,East Coast (Bay of Bengal),13.0827,80.2707,6.0,2023 Cyclone Michaung Storm Surge,2023-12-13T09:00,0.0,1009.9,19.7,38.5,0.311,0.339,0.398
chennai_adyar,Chennai,Tamil Nadu,East Coast (Bay of Bengal),13.0827,80.2707,6.0,2023 Cyclone Michaung Storm Surge,2023-12-13T10:00,0.0,1009.6,19.8,38.5,0.31,0.338,0.398
chennai_adyar,Chennai,Tamil Nadu,East Coast (Bay of Bengal),13.0827,80.2707,6.0,2023 Cyclone Michaung Storm Surge,2023-12-13T11:00,0.0,1009.9,17.9,38.2,0.309,0.338,0.398
chennai_adyar,Chennai,Tamil Nadu,East Coast (Bay of Bengal),13.0827,80.2707,6.0,2023 Cyclone Michaung Storm Surge,2023-12-13T12:00,0.0,1010.7,15.7,31.3,0.308,0.337,0.398
chennai_adyar,Chennai,Tamil Nadu,East Coast (Bay of Bengal),13.0827,80.2707,6.0,2023 Cyclone Michaung Storm Surge,2023-12-13T13:00,0.0,1010.8,15.5,27.0,0.309,0.338,0.397
chennai_adyar,Chennai,Tamil Nadu,East Coast (Bay of Bengal),13.0827,80.2707,6.0,2023 Cyclone Michaung Storm Surge,2023-12-13T14:00,0.0,1011.8,15.8,27.0,0.309,0.338,0.397
chennai_adyar,Chennai,Tamil Nadu,East Coast (Bay of Bengal),13.0827,80.2707,6.0,2023 Cyclone Michaung Storm Surge,2023-12-13T15:00,0.0,1012.5,15.1,27.0,0.309,0.338,0.397
chennai_adyar,Chennai,Tamil Nadu,East Coast (Bay of Bengal),13.0827,80.2707,6.0,2023 Cyclone Michaung Storm Surge,2023-12-13T16:00,0.0,1013.1,13.9,25.6,0.309,0.338,0.397
chennai_adyar,Chennai,Tamil Nadu,East Coast (Bay of Bengal),13.0827,80.2707,6.0,2023 Cyclone Michaung Storm Surge,2023-12-13T17:00,0.0,1013.3,13.4,23.0,0.309,0.338,0.397
chennai_adyar,Chennai,Tamil Nadu,East Coast (Bay of Bengal),13.0827,80.2707,6.0,2023 Cyclone Michaung Storm Surge,2023-12-13T18:00,0.0,1013.0,12.9,22.3,0.309,0.338,0.397
chennai_adyar,Chennai,Tamil Nadu,East Coast (Bay of Bengal),13.0827,80.2707,6.0,2023 Cyclone Michaung Storm Surge,2023-12-13T19:00,0.0,1012.6,13.3,22.3,0.309,0.338,0.397
chennai_adyar,Chennai,Tamil Nadu,East Coast (Bay of Bengal),13.0827,80.2707,6.0,2023 Cyclone Michaung Storm Surge,2023-12-13T20:00,0.0,1011.7,13.3,22.3,0.309,0.338,0.397
chennai_adyar,Chennai,Tamil Nadu,East Coast (Bay of Bengal),13.0827,80.2707,6.0,2023 Cyclone Michaung Storm Surge,2023-12-13T21:00,0.0,1010.9,12.6,22.3,0.309,0.337,0.397
chennai_adyar,Chennai,Tamil Nadu,East Coast (Bay of Bengal),13.0827,80.2707,6.0,2023 Cyclone Michaung Storm Surge,2023-12-13T22:00,0.0,1010.7,11.0,20.5,0.31,0.337,0.396
chennai_adyar,Chennai,Tamil Nadu,East Coast (Bay of Bengal),13.0827,80.2707,6.0,2023 Cyclone Michaung Storm Surge,2023-12-13T23:00,0.0,1010.8,9.1,17.6,0.31,0.337,0.396
chennai_adyar,Chennai,Tamil Nadu,East Coast (Bay of Bengal),13.0827,80.2707,6.0,2023 Cyclone Michaung Storm Surge,2023-12-14T00:00,0.0,1011.4,9.9,16.6,0.31,0.337,0.396
chennai_adyar,Chennai,Tamil Nadu,East Coast (Bay of Bengal),13.0827,80.2707,6.0,2023 Cyclone Michaung Storm Surge,2023-12-14T01:00,0.0,1012.4,14.8,25.6,0.312,0.338,0.396
chennai_adyar,Chennai,Tamil Nadu,East Coast (Bay of Bengal),13.0827,80.2707,6.0,2023 Cyclone Michaung Storm Surge,2023-12-14T02:00,0.0,1013.2,14.5,24.8,0.312,0.338,0.396
chennai_adyar,Chennai,Tamil Nadu,East Coast (Bay of Bengal),13.0827,80.2707,6.0,2023 Cyclone Michaung Storm Surge,2023-12-14T03:00,0.0,1014.0,18.2,32.4,0.311,0.337,0.395
chennai_adyar,Chennai,Tamil Nadu,East Coast (Bay of Bengal),13.0827,80.2707,6.0,2023 Cyclone Michaung Storm Surge,2023-12-14T04:00,0.0,1014.1,22.2,42.8,0.309,0.337,0.395
chennai_adyar,Chennai,Tamil Nadu,East Coast (Bay of Bengal),13.0827,80.2707,6.0,2023 Cyclone Michaung Storm Surge,2023-12-14T05:00,0.0,1013.8,22.1,43.6,0.307,0.336,0.395
chennai_adyar,Chennai,Tamil Nadu,East Coast (Bay of Bengal),13.0827,80.2707,6.0,2023 Cyclone Michaung Storm Surge,2023-12-14T06:00,0.0,1013.2,20.5,41.8,0.304,0.335,0.395
chennai_adyar,Chennai,Tamil Nadu,East Coast (Bay of Bengal),13.0827,80.2707,6.0,2023 Cyclone Michaung Storm Surge,2023-12-14T07:00,0.0,1012.2,17.4,39.2,0.301,0.334,0.394
chennai_adyar,Chennai,Tamil Nadu,East Coast (Bay of Bengal),13.0827,80.2707,6.0,2023 Cyclone Michaung Storm Surge,2023-12-14T08:00,0.0,1011.2,18.7,36.0,0.299,0.333,0.394
chennai_adyar,Chennai,Tamil Nadu,East Coast (Bay of Bengal),13.0827,80.2707,6.0,2023 Cyclone Michaung Storm Surge,2023-12-14T09:00,0.0,1010.5,20.5,40.0,0.296,0.332,0.394
chennai_adyar,Chennai,Tamil Nadu,East Coast (Bay of Bengal),13.0827,80.2707,6.0,2023 Cyclone Michaung Storm Surge,2023-12-14T10:00,0.0,1010.3,15.3,38.5,0.295,0.331,0.393
chennai_adyar,Chennai,Tamil Nadu,East Coast (Bay of Bengal),13.0827,80.2707,6.0,2023 Cyclone Michaung Storm Surge,2023-12-14T11:00,0.0,1010.6,14.5,29.2,0.294,0.331,0.393
chennai_adyar,Chennai,Tamil Nadu,East Coast (Bay of Bengal),13.0827,80.2707,6.0,2023 Cyclone Michaung Storm Surge,2023-12-14T12:00,0.0,1011.2,15.6,26.3,0.294,0.33,0.393
chennai_adyar,Chennai,Tamil Nadu,East Coast (Bay of Bengal),13.0827,80.2707,6.0,2023 Cyclone Michaung Storm Surge,2023-12-14T13:00,0.0,1012.2,16.5,30.2,0.295,0.33,0.393
chennai_adyar,Chennai,Tamil Nadu,East Coast (Bay of Bengal),13.0827,80.2707,6.0,2023 Cyclone Michaung Storm Surge,2023-12-14T14:00,0.3,1013.4,14.8,29.9,0.298,0.33,0.393
chennai_adyar,Chennai,Tamil Nadu,East Coast (Bay of Bengal),13.0827,80.2707,6.0,2023 Cyclone Michaung Storm Surge,2023-12-14T15:00,0.1,1014.0,13.4,25.2,0.299,0.33,0.393
chennai_adyar,Chennai,Tamil Nadu,East Coast (Bay of Bengal),13.0827,80.2707,6.0,2023 Cyclone Michaung Storm Surge,2023-12-14T16:00,0.0,1014.0,12.1,22.7,0.299,0.33,0.393
chennai_adyar,Chennai,Tamil Nadu,East Coast (Bay of Bengal),13.0827,80.2707,6.0,2023 Cyclone Michaung Storm Surge,2023-12-14T17:00,0.0,1014.2,11.8,19.8,0.299,0.33,0.393
chennai_adyar,Chennai,Tamil Nadu,East Coast (Bay of Bengal),13.0827,80.2707,6.0,2023 Cyclone Michaung Storm Surge,2023-12-14T18:00,0.0,1013.9,12.6,20.5,0.3,0.33,0.393
chennai_adyar,Chennai,Tamil Nadu,East Coast (Bay of Bengal),13.0827,80.2707,6.0,2023 Cyclone Michaung Storm Surge,2023-12-14T19:00,0.0,1013.0,13.4,22.7,0.3,0.33,0.393
chennai_adyar,Chennai,Tamil Nadu,East Coast (Bay of Bengal),13.0827,80.2707,6.0,2023 Cyclone Michaung Storm Surge,2023-12-14T20:00,0.0,1012.2,13.0,22.7,0.3,0.33,0.393
chennai_adyar,Chennai,Tamil Nadu,East Coast (Bay of Bengal),13.0827,80.2707,6.0,2023 Cyclone Michaung Storm Surge,2023-12-14T21:00,0.0,1011.3,12.2,21.6,0.3,0.33,0.393
chennai_adyar,Chennai,Tamil Nadu,East Coast (Bay of Bengal),13.0827,80.2707,6.0,2023 Cyclone Michaung Storm Surge,2023-12-14T22:00,0.1,1011.4,11.9,20.9,0.301,0.33,0.392
chennai_adyar,Chennai,Tamil Nadu,East Coast (Bay of Bengal),13.0827,80.2707,6.0,2023 Cyclone Michaung Storm Surge,2023-12-14T23:00,0.2,1011.5,10.1,20.2,0.302,0.329,0.392
chennai_adyar,Chennai,Tamil Nadu,East Coast (Bay of Bengal),13.0827,80.2707,6.0,2023 Cyclone Michaung Storm Surge,2023-12-15T00:00,0.1,1011.7,10.8,18.0,0.303,0.329,0.392
chennai_adyar,Chennai,Tamil Nadu,East Coast (Bay of Bengal),13.0827,80.2707,6.0,2023 Cyclone Michaung Storm Surge,2023-12-15T01:00,0.1,1012.4,13.0,22.7,0.296,0.328,0.392
chennai_adyar,Chennai,Tamil Nadu,East Coast (Bay of Bengal),13.0827,80.2707,6.0,2023 Cyclone Michaung Storm Surge,2023-12-15T02:00,0.3,1013.3,13.9,23.4,0.299,0.328,0.392
chennai_adyar,Chennai,Tamil Nadu,East Coast (Bay of Bengal),13.0827,80.2707,6.0,2023 Cyclone Michaung Storm Surge,2023-12-15T03:00,0.1,1014.2,15.1,25.6,0.3,0.328,0.392
chennai_adyar,Chennai,Tamil Nadu,East Coast (Bay of Bengal),13.0827,80.2707,6.0,2023 Cyclone Michaung Storm Surge,2023-12-15T04:00,0.5,1014.3,21.4,37.4,0.304,0.328,0.392
chennai_adyar,Chennai,Tamil Nadu,East Coast (Bay of Bengal),13.0827,80.2707,6.0,2023 Cyclone Michaung Storm Surge,2023-12-15T05:00,0.4,1014.2,22.1,38.5,0.307,0.328,0.392
chennai_adyar,Chennai,Tamil Nadu,East Coast (Bay of Bengal),13.0827,80.2707,6.0,2023 Cyclone Michaung Storm Surge,2023-12-15T06:00,0.6,1013.4,21.9,38.2,0.312,0.328,0.392
chennai_adyar,Chennai,Tamil Nadu,East Coast (Bay of Bengal),13.0827,80.2707,6.0,2023 Cyclone Michaung Storm Surge,2023-12-15T07:00,0.3,1012.3,22.9,41.0,0.315,0.328,0.392
chennai_adyar,Chennai,Tamil Nadu,East Coast (Bay of Bengal),13.0827,80.2707,6.0,2023 Cyclone Michaung Storm Surge,2023-12-15T08:00,0.4,1011.4,23.4,43.9,0.318,0.328,0.392
chennai_adyar,Chennai,Tamil Nadu,East Coast (Bay of Bengal),13.0827,80.2707,6.0,2023 Cyclone Michaung Storm Surge,2023-12-15T09:00,1.5,1010.7,20.0,42.5,0.333,0.328,0.391
chennai_adyar,Chennai,Tamil Nadu,East Coast (Bay of Bengal),13.0827,80.2707,6.0,2023 Cyclone Michaung Storm Surge,2023-12-15T10:00,0.8,1010.4,21.4,37.4,0.342,0.328,0.391
chennai_adyar,Chennai,Tamil Nadu,East Coast (Bay of Bengal),13.0827,80.2707,6.0,2023 Cyclone Michaung Storm Surge,2023-12-15T11:00,0.1,1010.4,21.3,38.5,0.342,0.328,0.391
chennai_adyar,Chennai,Tamil Nadu,East Coast (Bay of Bengal),13.0827,80.2707,6.0,2023 Cyclone Michaung Storm Surge,2023-12-15T12:00,0.3,1011.0,19.5,36.7,0.344,0.328,0.391
chennai_adyar,Chennai,Tamil Nadu,East Coast (Bay of Bengal),13.0827,80.2707,6.0,2023 Cyclone Michaung Storm Surge,2023-12-15T13:00,0.1,1012.0,18.3,30.6,0.348,0.325,0.391
chennai_adyar,Chennai,Tamil Nadu,East Coast (Bay of Bengal),13.0827,80.2707,6.0,2023 Cyclone Michaung Storm Surge,2023-12-15T14:00,0.0,1012.7,17.9,32.4,0.348,0.325,0.391
chennai_adyar,Chennai,Tamil Nadu,East Coast (Bay of Bengal),13.0827,80.2707,6.0,2023 Cyclone Michaung Storm Surge,2023-12-15T15:00,0.0,1013.3,16.8,30.6,0.348,0.325,0.391
chennai_adyar,Chennai,Tamil Nadu,East Coast (Bay of Bengal),13.0827,80.2707,6.0,2023 Cyclone Michaung Storm Surge,2023-12-15T16:00,0.2,1013.6,19.1,32.0,0.348,0.326,0.391
chennai_adyar,Chennai,Tamil Nadu,East Coast (Bay of Bengal),13.0827,80.2707,6.0,2023 Cyclone Michaung Storm Surge,2023-12-15T17:00,0.0,1013.4,16.6,32.8,0.348,0.326,0.391
chennai_adyar,Chennai,Tamil Nadu,East Coast (Bay of Bengal),13.0827,80.2707,6.0,2023 Cyclone Michaung Storm Surge,2023-12-15T18:00,0.0,1013.2,13.8,28.4,0.347,0.326,0.391
chennai_adyar,Chennai,Tamil Nadu,East Coast (Bay of Bengal),13.0827,80.2707,6.0,2023 Cyclone Michaung Storm Surge,2023-12-15T19:00,0.2,1012.7,12.3,22.7,0.348,0.326,0.39
chennai_adyar,Chennai,Tamil Nadu,East Coast (Bay of Bengal),13.0827,80.2707,6.0,2023 Cyclone Michaung Storm Surge,2023-12-15T20:00,0.3,1011.8,14.0,22.7,0.35,0.327,0.39
chennai_adyar,Chennai,Tamil Nadu,East Coast (Bay of Bengal),13.0827,80.2707,6.0,2023 Cyclone Michaung Storm Surge,2023-12-15T21:00,0.3,1010.9,12.0,23.8,0.352,0.327,0.39
chennai_adyar,Chennai,Tamil Nadu,East Coast (Bay of Bengal),13.0827,80.2707,6.0,2023 Cyclone Michaung Storm Surge,2023-12-15T22:00,0.1,1010.4,10.4,20.9,0.353,0.327,0.39
chennai_adyar,Chennai,Tamil Nadu,East Coast (Bay of Bengal),13.0827,80.2707,6.0,2023 Cyclone Michaung Storm Surge,2023-12-15T23:00,0.3,1010.5,10.9,18.4,0.356,0.327,0.39
kochi_vembanad,Kochi,Kerala,West Coast (Arabian Sea),9.9312,76.2673,1.5,2018 Great Kerala Monsoon Flood,2018-07-15T00:00,0.0,1005.7,18.7,29.9,0.433,0.436,0.433
kochi_vembanad,Kochi,Kerala,West Coast (Arabian Sea),9.9312,76.2673,1.5,2018 Great Kerala Monsoon Flood,2018-07-15T01:00,2.3,1005.8,18.1,52.2,0.438,0.439,0.434
kochi_vembanad,Kochi,Kerala,West Coast (Arabian Sea),9.9312,76.2673,1.5,2018 Great Kerala Monsoon Flood,2018-07-15T02:00,3.8,1006.9,18.1,51.8,0.436,0.438,0.438
kochi_vembanad,Kochi,Kerala,West Coast (Arabian Sea),9.9312,76.2673,1.5,2018 Great Kerala Monsoon Flood,2018-07-15T03:00,2.4,1007.8,20.0,52.2,0.438,0.431,0.439
kochi_vembanad,Kochi,Kerala,West Coast (Arabian Sea),9.9312,76.2673,1.5,2018 Great Kerala Monsoon Flood,2018-07-15T04:00,0.8,1008.5,20.3,52.2,0.433,0.422,0.438
kochi_vembanad,Kochi,Kerala,West Coast (Arabian Sea),9.9312,76.2673,1.5,2018 Great Kerala Monsoon Flood,2018-07-15T05:00,1.4,1008.8,20.6,53.3,0.436,0.424,0.438
kochi_vembanad,Kochi,Kerala,West Coast (Arabian Sea),9.9312,76.2673,1.5,2018 Great Kerala Monsoon Flood,2018-07-15T06:00,0.7,1008.4,20.6,52.9,0.433,0.424,0.438
kochi_vembanad,Kochi,Kerala,West Coast (Arabian Sea),9.9312,76.2673,1.5,2018 Great Kerala Monsoon Flood,2018-07-15T07:00,3.0,1008.1,24.6,56.9,0.439,0.426,0.437
kochi_vembanad,Kochi,Kerala,West Coast (Arabian Sea),9.9312,76.2673,1.5,2018 Great Kerala Monsoon Flood,2018-07-15T08:00,1.8,1007.2,26.1,62.6,0.433,0.43,0.437
kochi_vembanad,Kochi,Kerala,West Coast (Arabian Sea),9.9312,76.2673,1.5,2018 Great Kerala Monsoon Flood,2018-07-15T09:00,1.1,1007.2,25.3,62.6,0.438,0.429,0.437
kochi_vembanad,Kochi,Kerala,West Coast (Arabian Sea),9.9312,76.2673,1.5,2018 Great Kerala Monsoon Flood,2018-07-15T10:00,1.3,1006.4,24.7,60.8,0.438,0.431,0.437
kochi_vembanad,Kochi,Kerala,West Coast (Arabian Sea),9.9312,76.2673,1.5,2018 Great Kerala Monsoon Flood,2018-07-15T11:00,0.3,1006.2,17.5,60.5,0.432,0.431,0.437
kochi_vembanad,Kochi,Kerala,West Coast (Arabian Sea),9.9312,76.2673,1.5,2018 Great Kerala Monsoon Flood,2018-07-15T12:00,0.9,1005.4,12.4,51.8,0.431,0.425,0.434
kochi_vembanad,Kochi,Kerala,West Coast (Arabian Sea),9.9312,76.2673,1.5,2018 Great Kerala Monsoon Flood,2018-07-15T13:00,1.7,1006.2,10.8,37.8,0.439,0.427,0.433
kochi_vembanad,Kochi,Kerala,West Coast (Arabian Sea),9.9312,76.2673,1.5,2018 Great Kerala Monsoon Flood,2018-07-15T14:00,4.0,1006.8,8.9,33.1,0.439,0.439,0.432
kochi_vembanad,Kochi,Kerala,West Coast (Arabian Sea),9.9312,76.2673,1.5,2018 Great Kerala Monsoon Flood,2018-07-15T15:00,6.3,1007.9,4.0,32.0,0.439,0.439,0.437
kochi_vembanad,Kochi,Kerala,West Coast (Arabian Sea),9.9312,76.2673,1.5,2018 Great Kerala Monsoon Flood,2018-07-15T16:00,8.4,1008.8,11.3,31.0,0.438,0.437,0.439
kochi_vembanad,Kochi,Kerala,West Coast (Arabian Sea),9.9312,76.2673,1.5,2018 Great Kerala Monsoon Flood,2018-07-15T17:00,2.5,1009.2,20.3,45.7,0.437,0.428,0.439
kochi_vembanad,Kochi,Kerala,West Coast (Arabian Sea),9.9312,76.2673,1.5,2018 Great Kerala Monsoon Flood,2018-07-15T18:00,1.5,1009.3,18.6,48.6,0.437,0.43,0.434
kochi_vembanad,Kochi,Kerala,West Coast (Arabian Sea),9.9312,76.2673,1.5,2018 Great Kerala Monsoon Flood,2018-07-15T19:00,1.9,1008.8,18.8,47.5,0.438,0.436,0.429
kochi_vembanad,Kochi,Kerala,West Coast (Arabian Sea),9.9312,76.2673,1.5,2018 Great Kerala Monsoon Flood,2018-07-15T20:00,1.1,1008.1,23.5,54.4,0.438,0.437,0.426
kochi_vembanad,Kochi,Kerala,West Coast (Arabian Sea),9.9312,76.2673,1.5,2018 Great Kerala Monsoon Flood,2018-07-15T21:00,0.5,1007.7,17.7,51.5,0.434,0.436,0.426
kochi_vembanad,Kochi,Kerala,West Coast (Arabian Sea),9.9312,76.2673,1.5,2018 Great Kerala Monsoon Flood,2018-07-15T22:00,0.2,1007.1,14.6,47.2,0.43,0.435,0.425
kochi_vembanad,Kochi,Kerala,West Coast (Arabian Sea),9.9312,76.2673,1.5,2018 Great Kerala Monsoon Flood,2018-07-15T23:00,0.6,1006.7,18.0,51.1,0.431,0.435,0.425
kochi_vembanad,Kochi,Kerala,West Coast (Arabian Sea),9.9312,76.2673,1.5,2018 Great Kerala Monsoon Flood,2018-07-16T00:00,0.5,1006.3,19.7,46.4,0.437,0.437,0.433
kochi_vembanad,Kochi,Kerala,West Coast (Arabian Sea),9.9312,76.2673,1.5,2018 Great Kerala Monsoon Flood,2018-07-16T01:00,1.4,1006.8,20.3,55.8,0.431,0.439,0.433
kochi_vembanad,Kochi,Kerala,West Coast (Arabian Sea),9.9312,76.2673,1.5,2018 Great Kerala Monsoon Flood,2018-07-16T02:00,0.1,1007.3,15.5,36.0,0.423,0.436,0.434
kochi_vembanad,Kochi,Kerala,West Coast (Arabian Sea),9.9312,76.2673,1.5,2018 Great Kerala Monsoon Flood,2018-07-16T03:00,0.2,1008.2,13.7,50.4,0.422,0.434,0.433
kochi_vembanad,Kochi,Kerala,West Coast (Arabian Sea),9.9312,76.2673,1.5,2018 Great Kerala Monsoon Flood,2018-07-16T04:00,0.3,1008.6,13.1,44.3,0.422,0.433,0.432
kochi_vembanad,Kochi,Kerala,West Coast (Arabian Sea),9.9312,76.2673,1.5,2018 Great Kerala Monsoon Flood,2018-07-16T05:00,2.5,1008.6,18.1,51.5,0.434,0.435,0.432
kochi_vembanad,Kochi,Kerala,West Coast (Arabian Sea),9.9312,76.2673,1.5,2018 Great Kerala Monsoon Flood,2018-07-16T06:00,0.3,1008.2,16.4,49.7,0.431,0.435,0.431
kochi_vembanad,Kochi,Kerala,West Coast (Arabian Sea),9.9312,76.2673,1.5,2018 Great Kerala Monsoon Flood,2018-07-16T07:00,1.8,1008.3,21.0,50.0,0.439,0.434,0.431
kochi_vembanad,Kochi,Kerala,West Coast (Arabian Sea),9.9312,76.2673,1.5,2018 Great Kerala Monsoon Flood,2018-07-16T08:00,4.3,1007.8,21.8,57.6,0.437,0.438,0.433
kochi_vembanad,Kochi,Kerala,West Coast (Arabian Sea),9.9312,76.2673,1.5,2018 Great Kerala Monsoon Flood,2018-07-16T09:00,0.8,1007.3,15.1,56.2,0.434,0.438,0.433
kochi_vembanad,Kochi,Kerala,West Coast (Arabian Sea),9.9312,76.2673,1.5,2018 Great Kerala Monsoon Flood,2018-07-16T10:00,0.5,1006.6,15.1,48.6,0.431,0.436,0.433
kochi_vembanad,Kochi,Kerala,West Coast (Arabian Sea),9.9312,76.2673,1.5,2018 Great Kerala Monsoon Flood,2018-07-16T11:00,2.5,1006.7,23.3,52.2,0.439,0.438,0.432
kochi_vembanad,Kochi,Kerala,West Coast (Arabian Sea),9.9312,76.2673,1.5,2018 Great Kerala Monsoon Flood,2018-07-16T12:00,3.8,1006.4,10.8,59.4,0.439,0.433,0.427
kochi_vembanad,Kochi,Kerala,West Coast (Arabian Sea),9.9312,76.2673,1.5,2018 Great Kerala Monsoon Flood,2018-07-16T13:00,0.9,1006.8,6.2,39.2,0.428,0.436,0.427
kochi_vembanad,Kochi,Kerala,West Coast (Arabian Sea),9.9312,76.2673,1.5,2018 Great Kerala Monsoon Flood,2018-07-16T14:00,0.8,1007.1,8.2,23.4,0.434,0.435,0.427
kochi_vembanad,Kochi,Kerala,West Coast (Arabian Sea),9.9312,76.2673,1.5,2018 Great Kerala Monsoon Flood,2018-07-16T15:00,0.7,1008.2,12.5,38.5,0.437,0.435,0.427
kochi_vembanad,Kochi,Kerala,West Coast (Arabian Sea),9.9312,76.2673,1.5,2018 Great Kerala Monsoon Flood,2018-07-16T16:00,2.7,1009.3,14.9,40.0,0.432,0.438,0.428
kochi_vembanad,Kochi,Kerala,West Coast (Arabian Sea),9.9312,76.2673,1.5,2018 Great Kerala Monsoon Flood,2018-07-16T17:00,2.3,1010.0,18.2,41.8,0.439,0.438,0.429
kochi_vembanad,Kochi,Kerala,West Coast (Arabian Sea),9.9312,76.2673,1.5,2018 Great Kerala Monsoon Flood,2018-07-16T18:00,3.5,1009.9,19.2,48.2,0.436,0.439,0.432
kochi_vembanad,Kochi,Kerala,West Coast (Arabian Sea),9.9312,76.2673,1.5,2018 Great Kerala Monsoon Flood,2018-07-16T19:00,1.3,1009.4,18.4,48.6,0.436,0.438,0.433
kochi_vembanad,Kochi,Kerala,West Coast (Arabian Sea),9.9312,76.2673,1.5,2018 Great Kerala Monsoon Flood,2018-07-16T20:00,0.3,1008.4,13.2,32.4,0.431,0.437,0.433
kochi_vembanad,Kochi,Kerala,West Coast (Arabian Sea),9.9312,76.2673,1.5,2018 Great Kerala Monsoon Flood,2018-07-16T21:00,0.0,1007.7,9.0,23.0,0.426,0.435,0.432
kochi_vembanad,Kochi,Kerala,West Coast (Arabian Sea),9.9312,76.2673,1.5,2018 Great Kerala Monsoon Flood,2018-07-16T22:00,0.6,1007.7,17.1,45.4,0.429,0.434,0.432
kochi_vembanad,Kochi,Kerala,West Coast (Arabian Sea),9.9312,76.2673,1.5,2018 Great Kerala Monsoon Flood,2018-07-16T23:00,1.3,1007.6,14.3,50.4,0.432,0.436,0.432
kochi_vembanad,Kochi,Kerala,West Coast (Arabian Sea),9.9312,76.2673,1.5,2018 Great Kerala Monsoon Flood,2018-07-17T00:00,0.0,1007.6,5.5,30.2,0.425,0.435,0.429
kochi_vembanad,Kochi,Kerala,West Coast (Arabian Sea),9.9312,76.2673,1.5,2018 Great Kerala Monsoon Flood,2018-07-17T01:00,0.7,1008.0,11.3,43.2,0.429,0.434,0.428
kochi_vembanad,Kochi,Kerala,West Coast (Arabian Sea),9.9312,76.2673,1.5,2018 Great Kerala Monsoon Flood,2018-07-17T02:00,0.1,1008.3,3.7,19.4,0.426,0.433,0.428
kochi_vembanad,Kochi,Kerala,West Coast (Arabian Sea),9.9312,76.2673,1.5,2018 Great Kerala Monsoon Flood,2018-07-17T03:00,0.9,1008.8,13.2,43.9,0.432,0.433,0.427
kochi_vembanad,Kochi,Kerala,West Coast (Arabian Sea),9.9312,76.2673,1.5,2018 Great Kerala Monsoon Flood,2018-07-17T04:00,1.4,1009.2,11.5,43.9,0.434,0.435,0.427
kochi_vembanad,Kochi,Kerala,West Coast (Arabian Sea),9.9312,76.2673,1.5,2018 Great Kerala Monsoon Flood,2018-07-17T05:00,0.6,1009.2,22.5,57.6,0.432,0.434,0.427
kochi_vembanad,Kochi,Kerala,West Coast (Arabian Sea),9.9312,76.2673,1.5,2018 Great Kerala Monsoon Flood,2018-07-17T06:00,0.1,1008.8,19.0,59.4,0.427,0.434,0.426
kochi_vembanad,Kochi,Kerala,West Coast (Arabian Sea),9.9312,76.2673,1.5,2018 Great Kerala Monsoon Flood,2018-07-17T07:00,0.1,1008.3,20.7,58.7,0.422,0.432,0.426
kochi_vembanad,Kochi,Kerala,West Coast (Arabian Sea),9.9312,76.2673,1.5,2018 Great Kerala Monsoon Flood,2018-07-17T08:00,0.1,1007.6,20.9,58.0,0.419,0.431,0.425
kochi_vembanad,Kochi,Kerala,West Coast (Arabian Sea),9.9312,76.2673,1.5,2018 Great Kerala Monsoon Flood,2018-07-17T09:00,0.0,1007.2,19.4,55.4,0.414,0.429,0.425
kochi_vembanad,Kochi,Kerala,West Coast (Arabian Sea),9.9312,76.2673,1.5,2018 Great Kerala Monsoon Flood,2018-07-17T10:00,0.5,1006.7,22.6,59.4,0.416,0.428,0.424
kochi_vembanad,Kochi,Kerala,West Coast (Arabian Sea),9.9312,76.2673,1.5,2018 Great Kerala Monsoon Flood,2018-07-17T11:00,0.1,1006.2,17.2,58.7,0.414,0.427,0.423
kochi_vembanad,Kochi,Kerala,West Coast (Arabian Sea),9.9312,76.2673,1.5,2018 Great Kerala Monsoon Flood,2018-07-17T12:00,1.6,1006.3,22.8,54.0,0.436,0.427,0.424
kochi_vembanad,Kochi,Kerala,West Coast (Arabian Sea),9.9312,76.2673,1.5,2018 Great Kerala Monsoon Flood,2018-07-17T13:00,1.6,1006.9,19.1,58.3,0.434,0.431,0.424
kochi_vembanad,Kochi,Kerala,West Coast (Arabian Sea),9.9312,76.2673,1.5,2018 Great Kerala Monsoon Flood,2018-07-17T14:00,0.1,1007.6,15.2,33.5,0.429,0.431,0.423
kochi_vembanad,Kochi,Kerala,West Coast (Arabian Sea),9.9312,76.2673,1.5,2018 Great Kerala Monsoon Flood,2018-07-17T15:00,0.3,1008.3,12.6,43.2,0.428,0.431,0.423
kochi_vembanad,Kochi,Kerala,West Coast (Arabian Sea),9.9312,76.2673,1.5,2018 Great Kerala Monsoon Flood,2018-07-17T16:00,2.0,1009.2,11.4,35.3,0.439,0.432,0.423
kochi_vembanad,Kochi,Kerala,West Coast (Arabian Sea),9.9312,76.2673,1.5,2018 Great Kerala Monsoon Flood,2018-07-17T17:00,4.3,1009.8,12.3,44.6,0.437,0.438,0.424
kochi_vembanad,Kochi,Kerala,West Coast (Arabian Sea),9.9312,76.2673,1.5,2018 Great Kerala Monsoon Flood,2018-07-17T18:00,1.3,1009.9,11.4,39.2,0.434,0.437,0.425
kochi_vembanad,Kochi,Kerala,West Coast (Arabian Sea),9.9312,76.2673,1.5,2018 Great Kerala Monsoon Flood,2018-07-17T19:00,1.5,1009.8,17.7,44.6,0.43,0.438,0.426
kochi_vembanad,Kochi,Kerala,West Coast (Arabian Sea),9.9312,76.2673,1.5,2018 Great Kerala Monsoon Flood,2018-07-17T20:00,1.9,1008.8,15.1,46.1,0.433,0.438,0.427
kochi_vembanad,Kochi,Kerala,West Coast (Arabian Sea),9.9312,76.2673,1.5,2018 Great Kerala Monsoon Flood,2018-07-17T21:00,0.4,1008.2,15.1,27.0,0.43,0.436,0.428
kochi_vembanad,Kochi,Kerala,West Coast (Arabian Sea),9.9312,76.2673,1.5,2018 Great Kerala Monsoon Flood,2018-07-17T22:00,0.5,1008.0,14.7,46.1,0.43,0.435,0.428
kochi_vembanad,Kochi,Kerala,West Coast (Arabian Sea),9.9312,76.2673,1.5,2018 Great Kerala Monsoon Flood,2018-07-17T23:00,1.6,1008.3,10.3,41.0,0.438,0.437,0.428
kochi_vembanad,Kochi,Kerala,West Coast (Arabian Sea),9.9312,76.2673,1.5,2018 Great Kerala Monsoon Flood,2018-07-18T00:00,0.9,1008.0,16.5,34.9,0.437,0.439,0.43
kochi_vembanad,Kochi,Kerala,West Coast (Arabian Sea),9.9312,76.2673,1.5,2018 Great Kerala Monsoon Flood,2018-07-18T01:00,1.4,1008.5,12.7,47.2,0.434,0.437,0.431
kochi_vembanad,Kochi,Kerala,West Coast (Arabian Sea),9.9312,76.2673,1.5,2018 Great Kerala Monsoon Flood,2018-07-18T02:00,0.7,1009.0,14.2,39.6,0.435,0.436,0.431
kochi_vembanad,Kochi,Kerala,West Coast (Arabian Sea),9.9312,76.2673,1.5,2018 Great Kerala Monsoon Flood,2018-07-18T03:00,3.2,1009.5,17.2,39.6,0.438,0.439,0.433
kochi_vembanad,Kochi,Kerala,West Coast (Arabian Sea),9.9312,76.2673,1.5,2018 Great Kerala Monsoon Flood,2018-07-18T04:00,1.5,1009.8,13.3,41.8,0.436,0.438,0.434
kochi_vembanad,Kochi,Kerala,West Coast (Arabian Sea),9.9312,76.2673,1.5,2018 Great Kerala Monsoon Flood,2018-07-18T05:00,0.5,1009.6,14.6,45.0,0.432,0.437,0.435
kochi_vembanad,Kochi,Kerala,West Coast (Arabian Sea),9.9312,76.2673,1.5,2018 Great Kerala Monsoon Flood,2018-07-18T06:00,0.2,1009.3,14.5,44.6,0.428,0.436,0.435
kochi_vembanad,Kochi,Kerala,West Coast (Arabian Sea),9.9312,76.2673,1.5,2018 Great Kerala Monsoon Flood,2018-07-18T07:00,0.5,1008.7,16.1,55.1,0.427,0.435,0.434
kochi_vembanad,Kochi,Kerala,West Coast (Arabian Sea),9.9312,76.2673,1.5,2018 Great Kerala Monsoon Flood,2018-07-18T08:00,1.8,1008.0,23.3,57.2,0.439,0.434,0.434
kochi_vembanad,Kochi,Kerala,West Coast (Arabian Sea),9.9312,76.2673,1.5,2018 Great Kerala Monsoon Flood,2018-07-18T09:00,0.9,1007.6,18.0,59.8,0.434,0.436,0.434
kochi_vembanad,Kochi,Kerala,West Coast (Arabian Sea),9.9312,76.2673,1.5,2018 Great Kerala Monsoon Flood,2018-07-18T10:00,0.8,1006.8,15.1,49.7,0.434,0.436,0.434
kochi_vembanad,Kochi,Kerala,West Coast (Arabian Sea),9.9312,76.2673,1.5,2018 Great Kerala Monsoon Flood,2018-07-18T11:00,0.1,1006.6,14.5,45.0,0.428,0.435,0.434
kochi_vembanad,Kochi,Kerala,West Coast (Arabian Sea),9.9312,76.2673,1.5,2018 Great Kerala Monsoon Flood,2018-07-18T12:00,0.5,1007.1,12.7,49.7,0.431,0.429,0.427
kochi_vembanad,Kochi,Kerala,West Coast (Arabian Sea),9.9312,76.2673,1.5,2018 Great Kerala Monsoon Flood,2018-07-18T13:00,0.8,1007.4,16.7,43.2,0.434,0.429,0.427
kochi_vembanad,Kochi,Kerala,West Coast (Arabian Sea),9.9312,76.2673,1.5,2018 Great Kerala Monsoon Flood,2018-07-18T14:00,0.5,1007.8,10.5,43.6,0.433,0.43,0.426
kochi_vembanad,Kochi,Kerala,West Coast (Arabian Sea),9.9312,76.2673,1.5,2018 Great Kerala Monsoon Flood,2018-07-18T15:00,0.4,1008.5,13.5,38.5,0.432,0.431,0.426
kochi_vembanad,Kochi,Kerala,West Coast (Arabian Sea),9.9312,76.2673,1.5,2018 Great Kerala Monsoon Flood,2018-07-18T16:00,0.8,1009.4,11.2,36.7,0.436,0.432,0.425
kochi_vembanad,Kochi,Kerala,West Coast (Arabian Sea),9.9312,76.2673,1.5,2018 Great Kerala Monsoon Flood,2018-07-18T17:00,0.6,1009.8,12.5,36.7,0.436,0.432,0.425
kochi_vembanad,Kochi,Kerala,West Coast (Arabian Sea),9.9312,76.2673,1.5,2018 Great Kerala Monsoon Flood,2018-07-18T18:00,1.0,1010.1,12.6,40.3,0.437,0.434,0.425
kochi_vembanad,Kochi,Kerala,West Coast (Arabian Sea),9.9312,76.2673,1.5,2018 Great Kerala Monsoon Flood,2018-07-18T19:00,0.8,1009.6,17.0,41.0,0.438,0.435,0.425
kochi_vembanad,Kochi,Kerala,West Coast (Arabian Sea),9.9312,76.2673,1.5,2018 Great Kerala Monsoon Flood,2018-07-18T20:00,2.1,1009.1,13.2,42.5,0.431,0.438,0.426
kochi_vembanad,Kochi,Kerala,West Coast (Arabian Sea),9.9312,76.2673,1.5,2018 Great Kerala Monsoon Flood,2018-07-18T21:00,2.2,1008.5,14.2,34.6,0.431,0.438,0.428
kochi_vembanad,Kochi,Kerala,West Coast (Arabian Sea),9.9312,76.2673,1.5,2018 Great Kerala Monsoon Flood,2018-07-18T22:00,1.5,1008.6,12.3,38.5,0.438,0.438,0.428
kochi_vembanad,Kochi,Kerala,West Coast (Arabian Sea),9.9312,76.2673,1.5,2018 Great Kerala Monsoon Flood,2018-07-18T23:00,2.1,1008.8,16.4,42.5,0.438,0.438,0.43
kochi_vembanad,Kochi,Kerala,West Coast (Arabian Sea),9.9312,76.2673,1.5,2018 Great Kerala Monsoon Flood,2018-07-19T00:00,2.1,1008.4,10.7,42.1,0.436,0.438,0.434
kochi_vembanad,Kochi,Kerala,West Coast (Arabian Sea),9.9312,76.2673,1.5,2018 Great Kerala Monsoon Flood,2018-07-19T01:00,1.4,1008.3,16.7,38.9,0.426,0.438,0.435
kochi_vembanad,Kochi,Kerala,West Coast (Arabian Sea),9.9312,76.2673,1.5,2018 Great Kerala Monsoon Flood,2018-07-19T02:00,0.9,1008.8,14.7,39.6,0.431,0.437,0.436
kochi_vembanad,Kochi,Kerala,West Coast (Arabian Sea),9.9312,76.2673,1.5,2018 Great Kerala Monsoon Flood,2018-07-19T03:00,0.4,1009.4,12.9,33.5,0.429,0.436,0.436
kochi_vembanad,Kochi,Kerala,West Coast (Arabian Sea),9.9312,76.2673,1.5,2018 Great Kerala Monsoon Flood,2018-07-19T04:00,1.1,1009.7,14.9,35.6,0.436,0.435,0.435
kochi_vembanad,Kochi,Kerala,West Coast (Arabian Sea),9.9312,76.2673,1.5,2018 Great Kerala Monsoon Flood,2018-07-19T05:00,0.2,1009.7,17.3,37.8,0.431,0.435,0.435
kochi_vembanad,Kochi,Kerala,West Coast (Arabian Sea),9.9312,76.2673,1.5,2018 Great Kerala Monsoon Flood,2018-07-19T06:00,0.2,1009.5,17.9,41.0,0.428,0.434,0.435
kochi_vembanad,Kochi,Kerala,West Coast (Arabian Sea),9.9312,76.2673,1.5,2018 Great Kerala Monsoon Flood,2018-07-19T07:00,0.7,1009.0,21.4,48.2,0.43,0.433,0.435
kochi_vembanad,Kochi,Kerala,West Coast (Arabian Sea),9.9312,76.2673,1.5,2018 Great Kerala Monsoon Flood,2018-07-19T08:00,0.5,1008.6,19.7,46.1,0.43,0.433,0.435
kochi_vembanad,Kochi,Kerala,West Coast (Arabian Sea),9.9312,76.2673,1.5,2018 Great Kerala Monsoon Flood,2018-07-19T09:00,0.4,1008.2,15.2,45.4,0.429,0.432,0.434
kochi_vembanad,Kochi,Kerala,West Coast (Arabian Sea),9.9312,76.2673,1.5,2018 Great Kerala Monsoon Flood,2018-07-19T10:00,0.2,1007.9,13.8,36.7,0.427,0.431,0.434
kochi_vembanad,Kochi,Kerala,West Coast (Arabian Sea),9.9312,76.2673,1.5,2018 Great Kerala Monsoon Flood,2018-07-19T11:00,1.1,1008.0,13.6,39.6,0.433,0.431,0.434
kochi_vembanad,Kochi,Kerala,West Coast (Arabian Sea),9.9312,76.2673,1.5,2018 Great Kerala Monsoon Flood,2018-07-19T12:00,2.0,1007.9,12.0,36.0,0.439,0.438,0.438
kochi_vembanad,Kochi,Kerala,West Coast (Arabian Sea),9.9312,76.2673,1.5,2018 Great Kerala Monsoon Flood,2018-07-19T13:00,2.2,1008.2,16.5,29.9,0.437,0.43,0.439
kochi_vembanad,Kochi,Kerala,West Coast (Arabian Sea),9.9312,76.2673,1.5,2018 Great Kerala Monsoon Flood,2018-07-19T14:00,3.4,1008.9,15.7,33.1,0.436,0.439,0.434
kochi_vembanad,Kochi,Kerala,West Coast (Arabian Sea),9.9312,76.2673,1.5,2018 Great Kerala Monsoon Flood,2018-07-19T15:00,2.1,1009.7,12.2,30.6,0.431,0.439,0.431
kochi_vembanad,Kochi,Kerala,West Coast (Arabian Sea),9.9312,76.2673,1.5,2018 Great Kerala Monsoon Flood,2018-07-19T16:00,1.2,1010.1,16.6,28.8,0.437,0.437,0.427
kochi_vembanad,Kochi,Kerala,West Coast (Arabian Sea),9.9312,76.2673,1.5,2018 Great Kerala Monsoon Flood,2018-07-19T17:00,1.8,1010.5,17.9,33.1,0.437,0.438,0.425
kochi_vembanad,Kochi,Kerala,West Coast (Arabian Sea),9.9312,76.2673,1.5,2018 Great Kerala Monsoon Flood,2018-07-19T18:00,1.3,1010.5,16.9,37.1,0.433,0.437,0.426
kochi_vembanad,Kochi,Kerala,West Coast (Arabian Sea),9.9312,76.2673,1.5,2018 Great Kerala Monsoon Flood,2018-07-19T19:00,1.5,1010.4,16.2,38.5,0.431,0.438,0.426
kochi_vembanad,Kochi,Kerala,West Coast (Arabian Sea),9.9312,76.2673,1.5,2018 Great Kerala Monsoon Flood,2018-07-19T20:00,1.4,1009.7,17.1,30.2,0.438,0.437,0.426
kochi_vembanad,Kochi,Kerala,West Coast (Arabian Sea),9.9312,76.2673,1.5,2018 Great Kerala Monsoon Flood,2018-07-19T21:00,1.6,1008.9,14.4,30.2,0.438,0.437,0.427
kochi_vembanad,Kochi,Kerala,West Coast (Arabian Sea),9.9312,76.2673,1.5,2018 Great Kerala Monsoon Flood,2018-07-19T22:00,1.7,1008.6,13.7,25.2,0.438,0.438,0.427
kochi_vembanad,Kochi,Kerala,West Coast (Arabian Sea),9.9312,76.2673,1.5,2018 Great Kerala Monsoon Flood,2018-07-19T23:00,1.5,1008.4,15.8,34.2,0.435,0.438,0.428
kochi_vembanad,Kochi,Kerala,West Coast (Arabian Sea),9.9312,76.2673,1.5,2018 Great Kerala Monsoon Flood,2018-07-20T00:00,2.0,1008.4,7.3,31.3,0.431,0.421,0.43
kochi_vembanad,Kochi,Kerala,West Coast (Arabian Sea),9.9312,76.2673,1.5,2018 Great Kerala Monsoon Flood,2018-07-20T01:00,0.2,1008.5,4.1,20.5,0.427,0.422,0.429
kochi_vembanad,Kochi,Kerala,West Coast (Arabian Sea),9.9312,76.2673,1.5,2018 Great Kerala Monsoon Flood,2018-07-20T02:00,0.5,1009.0,10.1,31.0,0.429,0.422,0.428
kochi_vembanad,Kochi,Kerala,West Coast (Arabian Sea),9.9312,76.2673,1.5,2018 Great Kerala Monsoon Flood,2018-07-20T03:00,2.0,1009.5,9.3,37.1,0.432,0.426,0.427
kochi_vembanad,Kochi,Kerala,West Coast (Arabian Sea),9.9312,76.2673,1.5,2018 Great Kerala Monsoon Flood,2018-07-20T04:00,1.0,1010.0,9.2,33.1,0.434,0.428,0.426
kochi_vembanad,Kochi,Kerala,West Coast (Arabian Sea),9.9312,76.2673,1.5,2018 Great Kerala Monsoon Flood,2018-07-20T05:00,1.3,1010.2,13.4,38.9,0.438,0.43,0.426
kochi_vembanad,Kochi,Kerala,West Coast (Arabian Sea),9.9312,76.2673,1.5,2018 Great Kerala Monsoon Flood,2018-07-20T06:00,0.7,1010.0,12.2,38.9,0.435,0.432,0.425
kochi_vembanad,Kochi,Kerala,West Coast (Arabian Sea),9.9312,76.2673,1.5,2018 Great Kerala Monsoon Flood,2018-07-20T07:00,0.8,1009.5,13.7,41.4,0.434,0.433,0.424
kochi_vembanad,Kochi,Kerala,West Coast (Arabian Sea),9.9312,76.2673,1.5,2018 Great Kerala Monsoon Flood,2018-07-20T08:00,0.1,1009.0,12.6,36.7,0.429,0.433,0.424
kochi_vembanad,Kochi,Kerala,West Coast (Arabian Sea),9.9312,76.2673,1.5,2018 Great Kerala Monsoon Flood,2018-07-20T09:00,0.5,1008.4,16.4,42.8,0.429,0.432,0.423
kochi_vembanad,Kochi,Kerala,West Coast (Arabian Sea),9.9312,76.2673,1.5,2018 Great Kerala Monsoon Flood,2018-07-20T10:00,0.5,1008.0,18.2,42.5,0.43,0.432,0.423
kochi_vembanad,Kochi,Kerala,West Coast (Arabian Sea),9.9312,76.2673,1.5,2018 Great Kerala Monsoon Flood,2018-07-20T11:00,0.5,1008.0,15.9,42.8,0.43,0.431,0.422
kochi_vembanad,Kochi,Kerala,West Coast (Arabian Sea),9.9312,76.2673,1.5,2018 Great Kerala Monsoon Flood,2018-07-20T12:00,0.7,1007.8,13.6,41.8,0.433,0.43,0.421
kochi_vembanad,Kochi,Kerala,West Coast (Arabian Sea),9.9312,76.2673,1.5,2018 Great Kerala Monsoon Flood,2018-07-20T13:00,0.6,1008.4,14.9,38.5,0.434,0.43,0.42
kochi_vembanad,Kochi,Kerala,West Coast (Arabian Sea),9.9312,76.2673,1.5,2018 Great Kerala Monsoon Flood,2018-07-20T14:00,0.4,1009.0,7.8,38.2,0.432,0.431,0.42
kochi_vembanad,Kochi,Kerala,West Coast (Arabian Sea),9.9312,76.2673,1.5,2018 Great Kerala Monsoon Flood,2018-07-20T15:00,0.2,1009.9,10.1,33.5,0.43,0.431,0.42
kochi_vembanad,Kochi,Kerala,West Coast (Arabian Sea),9.9312,76.2673,1.5,2018 Great Kerala Monsoon Flood,2018-07-20T16:00,0.6,1010.5,13.9,38.2,0.433,0.43,0.419
kochi_vembanad,Kochi,Kerala,West Coast (Arabian Sea),9.9312,76.2673,1.5,2018 Great Kerala Monsoon Flood,2018-07-20T17:00,0.1,1010.7,9.2,36.7,0.429,0.43,0.419
kochi_vembanad,Kochi,Kerala,West Coast (Arabian Sea),9.9312,76.2673,1.5,2018 Great Kerala Monsoon Flood,2018-07-20T18:00,0.9,1010.8,12.3,34.9,0.436,0.43,0.418
kochi_vembanad,Kochi,Kerala,West Coast (Arabian Sea),9.9312,76.2673,1.5,2018 Great Kerala Monsoon Flood,2018-07-20T19:00,0.9,1010.1,12.4,41.0,0.435,0.433,0.418
kochi_vembanad,Kochi,Kerala,West Coast (Arabian Sea),9.9312,76.2673,1.5,2018 Great Kerala Monsoon Flood,2018-07-20T20:00,0.4,1009.6,17.2,44.3,0.434,0.433,0.418
kochi_vembanad,Kochi,Kerala,West Coast (Arabian Sea),9.9312,76.2673,1.5,2018 Great Kerala Monsoon Flood,2018-07-20T21:00,0.3,1008.9,9.9,47.2,0.431,0.433,0.417
kochi_vembanad,Kochi,Kerala,West Coast (Arabian Sea),9.9312,76.2673,1.5,2018 Great Kerala Monsoon Flood,2018-07-20T22:00,0.2,1008.4,7.6,28.1,0.429,0.432,0.417
kochi_vembanad,Kochi,Kerala,West Coast (Arabian Sea),9.9312,76.2673,1.5,2018 Great Kerala Monsoon Flood,2018-07-20T23:00,0.7,1008.9,17.1,43.2,0.434,0.432,0.417
kochi_vembanad,Kochi,Kerala,West Coast (Arabian Sea),9.9312,76.2673,1.5,2018 Great Kerala Monsoon Flood,2018-07-21T00:00,0.3,1008.4,9.5,47.2,0.433,0.432,0.416
kochi_vembanad,Kochi,Kerala,West Coast (Arabian Sea),9.9312,76.2673,1.5,2018 Great Kerala Monsoon Flood,2018-07-21T01:00,0.5,1008.5,13.6,36.7,0.433,0.432,0.416
kochi_vembanad,Kochi,Kerala,West Coast (Arabian Sea),9.9312,76.2673,1.5,2018 Great Kerala Monsoon Flood,2018-07-21T02:00,0.4,1009.0,10.2,38.2,0.431,0.432,0.416
kochi_vembanad,Kochi,Kerala,West Coast (Arabian Sea),9.9312,76.2673,1.5,2018 Great Kerala Monsoon Flood,2018-07-21T03:00,0.5,1010.1,15.1,43.2,0.431,0.431,0.415
kochi_vembanad,Kochi,Kerala,West Coast (Arabian Sea),9.9312,76.2673,1.5,2018 Great Kerala Monsoon Flood,2018-07-21T04:00,0.2,1010.6,12.7,42.8,0.428,0.431,0.415
kochi_vembanad,Kochi,Kerala,West Coast (Arabian Sea),9.9312,76.2673,1.5,2018 Great Kerala Monsoon Flood,2018-07-21T05:00,0.5,1011.0,20.6,48.6,0.428,0.43,0.415
kochi_vembanad,Kochi,Kerala,West Coast (Arabian Sea),9.9312,76.2673,1.5,2018 Great Kerala Monsoon Flood,2018-07-21T06:00,0.2,1010.7,17.1,52.6,0.424,0.429,0.414
kochi_vembanad,Kochi,Kerala,West Coast (Arabian Sea),9.9312,76.2673,1.5,2018 Great Kerala Monsoon Flood,2018-07-21T07:00,0.0,1010.4,18.8,50.0,0.419,0.428,0.414
kochi_vembanad,Kochi,Kerala,West Coast (Arabian Sea),9.9312,76.2673,1.5,2018 Great Kerala Monsoon Flood,2018-07-21T08:00,0.3,1010.0,19.9,56.9,0.417,0.427,0.414
kochi_vembanad,Kochi,Kerala,West Coast (Arabian Sea),9.9312,76.2673,1.5,2018 Great Kerala Monsoon Flood,2018-07-21T09:00,0.0,1009.6,17.6,54.7,0.413,0.426,0.413
kochi_vembanad,Kochi,Kerala,West Coast (Arabian Sea),9.9312,76.2673,1.5,2018 Great Kerala Monsoon Flood,2018-07-21T10:00,1.5,1009.1,17.2,52.6,0.425,0.425,0.413
kochi_vembanad,Kochi,Kerala,West Coast (Arabian Sea),9.9312,76.2673,1.5,2018 Great Kerala Monsoon Flood,2018-07-21T11:00,0.0,1008.9,18.2,51.1,0.422,0.425,0.412
kochi_vembanad,Kochi,Kerala,West Coast (Arabian Sea),9.9312,76.2673,1.5,2018 Great Kerala Monsoon Flood,2018-07-21T12:00,0.4,1008.5,13.7,42.5,0.405,0.423,0.412
kochi_vembanad,Kochi,Kerala,West Coast (Arabian Sea),9.9312,76.2673,1.5,2018 Great Kerala Monsoon Flood,2018-07-21T13:00,0.0,1008.9,12.9,24.5,0.404,0.422,0.411
kochi_vembanad,Kochi,Kerala,West Coast (Arabian Sea),9.9312,76.2673,1.5,2018 Great Kerala Monsoon Flood,2018-07-21T14:00,0.2,1009.5,15.3,39.6,0.405,0.421,0.411
kochi_vembanad,Kochi,Kerala,West Coast (Arabian Sea),9.9312,76.2673,1.5,2018 Great Kerala Monsoon Flood,2018-07-21T15:00,0.1,1010.3,14.0,43.2,0.406,0.42,0.41
kochi_vembanad,Kochi,Kerala,West Coast (Arabian Sea),9.9312,76.2673,1.5,2018 Great Kerala Monsoon Flood,2018-07-21T16:00,0.0,1011.0,11.8,24.5,0.405,0.42,0.41
kochi_vembanad,Kochi,Kerala,West Coast (Arabian Sea),9.9312,76.2673,1.5,2018 Great Kerala Monsoon Flood,2018-07-21T17:00,0.2,1011.4,10.7,40.7,0.406,0.419,0.409
kochi_vembanad,Kochi,Kerala,West Coast (Arabian Sea),9.9312,76.2673,1.5,2018 Great Kerala Monsoon Flood,2018-07-21T18:00,0.0,1011.1,11.7,19.8,0.405,0.418,0.409
kochi_vembanad,Kochi,Kerala,West Coast (Arabian Sea),9.9312,76.2673,1.5,2018 Great Kerala Monsoon Flood,2018-07-21T19:00,0.3,1010.4,16.4,38.5,0.407,0.418,0.408
kochi_vembanad,Kochi,Kerala,West Coast (Arabian Sea),9.9312,76.2673,1.5,2018 Great Kerala Monsoon Flood,2018-07-21T20:00,0.2,1009.4,14.0,44.3,0.407,0.417,0.408
kochi_vembanad,Kochi,Kerala,West Coast (Arabian Sea),9.9312,76.2673,1.5,2018 Great Kerala Monsoon Flood,2018-07-21T21:00,0.0,1009.1,11.5,24.5,0.407,0.417,0.407
kochi_vembanad,Kochi,Kerala,West Coast (Arabian Sea),9.9312,76.2673,1.5,2018 Great Kerala Monsoon Flood,2018-07-21T22:00,0.0,1008.6,7.0,19.8,0.406,0.417,0.407
kochi_vembanad,Kochi,Kerala,West Coast (Arabian Sea),9.9312,76.2673,1.5,2018 Great Kerala Monsoon Flood,2018-07-21T23:00,0.2,1008.6,8.8,14.8,0.406,0.416,0.406
kochi_vembanad,Kochi,Kerala,West Coast (Arabian Sea),9.9312,76.2673,1.5,2018 Great Kerala Monsoon Flood,2018-07-22T00:00,0.7,1008.7,8.0,36.7,0.413,0.417,0.406
kochi_vembanad,Kochi,Kerala,West Coast (Arabian Sea),9.9312,76.2673,1.5,2018 Great Kerala Monsoon Flood,2018-07-22T01:00,0.2,1009.0,9.5,33.8,0.414,0.416,0.406
kochi_vembanad,Kochi,Kerala,West Coast (Arabian Sea),9.9312,76.2673,1.5,2018 Great Kerala Monsoon Flood,2018-07-22T02:00,0.8,1010.0,10.5,39.6,0.422,0.417,0.405
kochi_vembanad,Kochi,Kerala,West Coast (Arabian Sea),9.9312,76.2673,1.5,2018 Great Kerala Monsoon Flood,2018-07-22T03:00,2.3,1010.8,16.6,49.7,0.434,0.421,0.405
kochi_vembanad,Kochi,Kerala,West Coast (Arabian Sea),9.9312,76.2673,1.5,2018 Great Kerala Monsoon Flood,2018-07-22T04:00,0.2,1011.0,12.4,39.6,0.428,0.422,0.404
kochi_vembanad,Kochi,Kerala,West Coast (Arabian Sea),9.9312,76.2673,1.5,2018 Great Kerala Monsoon Flood,2018-07-22T05:00,0.1,1010.8,15.8,49.7,0.424,0.422,0.404
kochi_vembanad,Kochi,Kerala,West Coast (Arabian Sea),9.9312,76.2673,1.5,2018 Great Kerala Monsoon Flood,2018-07-22T06:00,0.4,1010.2,22.8,60.8,0.422,0.422,0.403
kochi_vembanad,Kochi,Kerala,West Coast (Arabian Sea),9.9312,76.2673,1.5,2018 Great Kerala Monsoon Flood,2018-07-22T07:00,0.0,1010.1,19.6,63.7,0.418,0.421,0.403
kochi_vembanad,Kochi,Kerala,West Coast (Arabian Sea),9.9312,76.2673,1.5,2018 Great Kerala Monsoon Flood,2018-07-22T08:00,0.0,1009.2,18.8,55.1,0.413,0.42,0.403
kochi_vembanad,Kochi,Kerala,West Coast (Arabian Sea),9.9312,76.2673,1.5,2018 Great Kerala Monsoon Flood,2018-07-22T09:00,0.1,1008.1,20.0,57.2,0.409,0.419,0.402
kochi_vembanad,Kochi,Kerala,West Coast (Arabian Sea),9.9312,76.2673,1.5,2018 Great Kerala Monsoon Flood,2018-07-22T10:00,0.0,1007.5,20.0,55.8,0.406,0.419,0.402
kochi_vembanad,Kochi,Kerala,West Coast (Arabian Sea),9.9312,76.2673,1.5,2018 Great Kerala Monsoon Flood,2018-07-22T11:00,0.0,1007.5,20.0,52.6,0.403,0.418,0.401
kochi_vembanad,Kochi,Kerala,West Coast (Arabian Sea),9.9312,76.2673,1.5,2018 Great Kerala Monsoon Flood,2018-07-22T12:00,0.1,1007.3,17.8,52.2,0.405,0.418,0.401
kochi_vembanad,Kochi,Kerala,West Coast (Arabian Sea),9.9312,76.2673,1.5,2018 Great Kerala Monsoon Flood,2018-07-22T13:00,0.2,1007.8,15.0,46.8,0.406,0.417,0.401
kochi_vembanad,Kochi,Kerala,West Coast (Arabian Sea),9.9312,76.2673,1.5,2018 Great Kerala Monsoon Flood,2018-07-22T14:00,0.0,1008.6,10.9,38.9,0.405,0.417,0.4
kochi_vembanad,Kochi,Kerala,West Coast (Arabian Sea),9.9312,76.2673,1.5,2018 Great Kerala Monsoon Flood,2018-07-22T15:00,0.2,1009.3,11.5,41.8,0.407,0.416,0.4
kochi_vembanad,Kochi,Kerala,West Coast (Arabian Sea),9.9312,76.2673,1.5,2018 Great Kerala Monsoon Flood,2018-07-22T16:00,0.0,1009.9,9.1,34.6,0.406,0.416,0.399
kochi_vembanad,Kochi,Kerala,West Coast (Arabian Sea),9.9312,76.2673,1.5,2018 Great Kerala Monsoon Flood,2018-07-22T17:00,0.2,1010.3,13.5,36.7,0.407,0.415,0.399
kochi_vembanad,Kochi,Kerala,West Coast (Arabian Sea),9.9312,76.2673,1.5,2018 Great Kerala Monsoon Flood,2018-07-22T18:00,0.6,1010.2,16.3,41.8,0.411,0.415,0.399
kochi_vembanad,Kochi,Kerala,West Coast (Arabian Sea),9.9312,76.2673,1.5,2018 Great Kerala Monsoon Flood,2018-07-22T19:00,0.1,1009.2,11.9,41.0,0.41,0.415,0.398
kochi_vembanad,Kochi,Kerala,West Coast (Arabian Sea),9.9312,76.2673,1.5,2018 Great Kerala Monsoon Flood,2018-07-22T20:00,0.1,1008.5,10.5,40.7,0.41,0.414,0.398
kochi_vembanad,Kochi,Kerala,West Coast (Arabian Sea),9.9312,76.2673,1.5,2018 Great Kerala Monsoon Flood,2018-07-22T21:00,0.2,1007.9,8.2,40.3,0.411,0.414,0.398
kochi_vembanad,Kochi,Kerala,West Coast (Arabian Sea),9.9312,76.2673,1.5,2018 Great Kerala Monsoon Flood,2018-07-22T22:00,0.6,1008.1,9.5,35.3,0.417,0.414,0.397
kochi_vembanad,Kochi,Kerala,West Coast (Arabian Sea),9.9312,76.2673,1.5,2018 Great Kerala Monsoon Flood,2018-07-22T23:00,0.8,1008.0,10.9,39.6,0.424,0.414,0.397
kochi_vembanad,Kochi,Kerala,West Coast (Arabian Sea),9.9312,76.2673,1.5,2018 Great Kerala Monsoon Flood,2018-07-23T00:00,1.1,1007.7,18.4,41.4,0.433,0.428,0.397
kochi_vembanad,Kochi,Kerala,West Coast (Arabian Sea),9.9312,76.2673,1.5,2018 Great Kerala Monsoon Flood,2018-07-23T01:00,0.1,1008.2,9.5,32.4,0.428,0.428,0.397
kochi_vembanad,Kochi,Kerala,West Coast (Arabian Sea),9.9312,76.2673,1.5,2018 Great Kerala Monsoon Flood,2018-07-23T02:00,0.6,1009.2,12.0,41.4,0.431,0.428,0.397
kochi_vembanad,Kochi,Kerala,West Coast (Arabian Sea),9.9312,76.2673,1.5,2018 Great Kerala Monsoon Flood,2018-07-23T03:00,3.7,1009.9,15.6,45.0,0.432,0.437,0.398
kochi_vembanad,Kochi,Kerala,West Coast (Arabian Sea),9.9312,76.2673,1.5,2018 Great Kerala Monsoon Flood,2018-07-23T04:00,0.6,1010.5,16.0,42.8,0.431,0.435,0.398
kochi_vembanad,Kochi,Kerala,West Coast (Arabian Sea),9.9312,76.2673,1.5,2018 Great Kerala Monsoon Flood,2018-07-23T05:00,2.4,1010.2,18.2,48.6,0.435,0.436,0.399
kochi_vembanad,Kochi,Kerala,West Coast (Arabian Sea),9.9312,76.2673,1.5,2018 Great Kerala Monsoon Flood,2018-07-23T06:00,0.2,1009.4,18.2,51.1,0.429,0.434,0.4
kochi_vembanad,Kochi,Kerala,West Coast (Arabian Sea),9.9312,76.2673,1.5,2018 Great Kerala Monsoon Flood,2018-07-23T07:00,0.0,1009.0,16.9,46.8,0.423,0.432,0.4
kochi_vembanad,Kochi,Kerala,West Coast (Arabian Sea),9.9312,76.2673,1.5,2018 Great Kerala Monsoon Flood,2018-07-23T08:00,0.0,1008.1,16.0,47.5,0.418,0.43,0.4
kochi_vembanad,Kochi,Kerala,West Coast (Arabian Sea),9.9312,76.2673,1.5,2018 Great Kerala Monsoon Flood,2018-07-23T09:00,0.3,1007.6,22.0,53.6,0.416,0.428,0.4
kochi_vembanad,Kochi,Kerala,West Coast (Arabian Sea),9.9312,76.2673,1.5,2018 Great Kerala Monsoon Flood,2018-07-23T10:00,0.1,1007.0,18.1,54.7,0.414,0.427,0.4
kochi_vembanad,Kochi,Kerala,West Coast (Arabian Sea),9.9312,76.2673,1.5,2018 Great Kerala Monsoon Flood,2018-07-23T11:00,0.2,1006.9,21.1,49.7,0.413,0.426,0.4
kochi_vembanad,Kochi,Kerala,West Coast (Arabian Sea),9.9312,76.2673,1.5,2018 Great Kerala Monsoon Flood,2018-07-23T12:00,0.2,1006.8,15.9,45.4,0.419,0.425,0.398
kochi_vembanad,Kochi,Kerala,West Coast (Arabian Sea),9.9312,76.2673,1.5,2018 Great Kerala Monsoon Flood,2018-07-23T13:00,0.7,1007.3,10.9,37.4,0.423,0.424,0.397
kochi_vembanad,Kochi,Kerala,West Coast (Arabian Sea),9.9312,76.2673,1.5,2018 Great Kerala Monsoon Flood,2018-07-23T14:00,0.6,1008.1,11.1,33.5,0.426,0.424,0.397
kochi_vembanad,Kochi,Kerala,West Coast (Arabian Sea),9.9312,76.2673,1.5,2018 Great Kerala Monsoon Flood,2018-07-23T15:00,0.9,1009.1,11.6,29.2,0.433,0.424,0.397
kochi_vembanad,Kochi,Kerala,West Coast (Arabian Sea),9.9312,76.2673,1.5,2018 Great Kerala Monsoon Flood,2018-07-23T16:00,0.3,1009.8,10.2,30.2,0.43,0.425,0.397
kochi_vembanad,Kochi,Kerala,West Coast (Arabian Sea),9.9312,76.2673,1.5,2018 Great Kerala Monsoon Flood,2018-07-23T17:00,0.9,1010.2,13.9,35.6,0.436,0.426,0.397
kochi_vembanad,Kochi,Kerala,West Coast (Arabian Sea),9.9312,76.2673,1.5,2018 Great Kerala Monsoon Flood,2018-07-23T18:00,0.6,1010.5,13.3,38.5,0.435,0.427,0.397
kochi_vembanad,Kochi,Kerala,West Coast (Arabian Sea),9.9312,76.2673,1.5,2018 Great Kerala Monsoon Flood,2018-07-23T19:00,0.7,1009.9,13.0,42.1,0.433,0.429,0.397
kochi_vembanad,Kochi,Kerala,West Coast (Arabian Sea),9.9312,76.2673,1.5,2018 Great Kerala Monsoon Flood,2018-07-23T20:00,0.4,1009.3,9.3,43.2,0.432,0.429,0.397
kochi_vembanad,Kochi,Kerala,West Coast (Arabian Sea),9.9312,76.2673,1.5,2018 Great Kerala Monsoon Flood,2018-07-23T21:00,0.4,1008.8,8.9,31.3,0.432,0.429,0.397
kochi_vembanad,Kochi,Kerala,West Coast (Arabian Sea),9.9312,76.2673,1.5,2018 Great Kerala Monsoon Flood,2018-07-23T22:00,1.8,1008.6,14.1,40.0,0.438,0.433,0.397
kochi_vembanad,Kochi,Kerala,West Coast (Arabian Sea),9.9312,76.2673,1.5,2018 Great Kerala Monsoon Flood,2018-07-23T23:00,1.1,1009.0,17.6,42.5,0.434,0.436,0.398
kochi_vembanad,Kochi,Kerala,West Coast (Arabian Sea),9.9312,76.2673,1.5,2018 Great Kerala Monsoon Flood,2018-07-24T00:00,0.5,1008.6,11.1,44.6,0.435,0.435,0.398
kochi_vembanad,Kochi,Kerala,West Coast (Arabian Sea),9.9312,76.2673,1.5,2018 Great Kerala Monsoon Flood,2018-07-24T01:00,0.0,1009.0,10.2,28.8,0.429,0.434,0.398
kochi_vembanad,Kochi,Kerala,West Coast (Arabian Sea),9.9312,76.2673,1.5,2018 Great Kerala Monsoon Flood,2018-07-24T02:00,0.7,1009.9,12.7,37.8,0.433,0.432,0.399
kochi_vembanad,Kochi,Kerala,West Coast (Arabian Sea),9.9312,76.2673,1.5,2018 Great Kerala Monsoon Flood,2018-07-24T03:00,0.4,1010.6,8.5,36.7,0.431,0.432,0.399
kochi_vembanad,Kochi,Kerala,West Coast (Arabian Sea),9.9312,76.2673,1.5,2018 Great Kerala Monsoon Flood,2018-07-24T04:00,1.4,1010.9,14.7,42.5,0.439,0.431,0.399
kochi_vembanad,Kochi,Kerala,West Coast (Arabian Sea),9.9312,76.2673,1.5,2018 Great Kerala Monsoon Flood,2018-07-24T05:00,0.9,1010.9,16.1,44.3,0.434,0.433,0.399
kochi_vembanad,Kochi,Kerala,West Coast (Arabian Sea),9.9312,76.2673,1.5,2018 Great Kerala Monsoon Flood,2018-07-24T06:00,1.3,1010.6,14.8,50.4,0.435,0.434,0.4
kochi_vembanad,Kochi,Kerala,West Coast (Arabian Sea),9.9312,76.2673,1.5,2018 Great Kerala Monsoon Flood,2018-07-24T07:00,0.2,1010.2,14.9,41.4,0.429,0.432,0.4
kochi_vembanad,Kochi,Kerala,West Coast (Arabian Sea),9.9312,76.2673,1.5,2018 Great Kerala Monsoon Flood,2018-07-24T08:00,0.1,1009.4,14.8,42.8,0.424,0.431,0.4
kochi_vembanad,Kochi,Kerala,West Coast (Arabian Sea),9.9312,76.2673,1.5,2018 Great Kerala Monsoon Flood,2018-07-24T09:00,0.2,1008.7,17.5,47.2,0.421,0.429,0.4
kochi_vembanad,Kochi,Kerala,West Coast (Arabian Sea),9.9312,76.2673,1.5,2018 Great Kerala Monsoon Flood,2018-07-24T10:00,0.2,1008.5,22.7,47.9,0.418,0.428,0.4
kochi_vembanad,Kochi,Kerala,West Coast (Arabian Sea),9.9312,76.2673,1.5,2018 Great Kerala Monsoon Flood,2018-07-24T11:00,0.3,1008.4,21.2,48.2,0.417,0.427,0.4
kochi_vembanad,Kochi,Kerala,West Coast (Arabian Sea),9.9312,76.2673,1.5,2018 Great Kerala Monsoon Flood,2018-07-24T12:00,0.1,1008.6,11.2,49.0,0.424,0.425,0.4
kochi_vembanad,Kochi,Kerala,West Coast (Arabian Sea),9.9312,76.2673,1.5,2018 Great Kerala Monsoon Flood,2018-07-24T13:00,1.7,1009.1,13.2,38.2,0.431,0.428,0.4
kochi_vembanad,Kochi,Kerala,West Coast (Arabian Sea),9.9312,76.2673,1.5,2018 Great Kerala Monsoon Flood,2018-07-24T14:00,0.4,1009.9,9.3,34.9,0.43,0.428,0.4
kochi_vembanad,Kochi,Kerala,West Coast (Arabian Sea),9.9312,76.2673,1.5,2018 Great Kerala Monsoon Flood,2018-07-24T15:00,0.7,1010.5,9.4,31.7,0.434,0.428,0.4
kochi_vembanad,Kochi,Kerala,West Coast (Arabian Sea),9.9312,76.2673,1.5,2018 Great Kerala Monsoon Flood,2018-07-24T16:00,0.7,1011.2,5.8,31.3,0.436,0.429,0.4
kochi_vembanad,Kochi,Kerala,West Coast (Arabian Sea),9.9312,76.2673,1.5,2018 Great Kerala Monsoon Flood,2018-07-24T17:00,1.5,1011.4,10.4,29.5,0.439,0.432,0.401
kochi_vembanad,Kochi,Kerala,West Coast (Arabian Sea),9.9312,76.2673,1.5,2018 Great Kerala Monsoon Flood,2018-07-24T18:00,0.5,1011.4,9.1,36.0,0.432,0.434,0.401
kochi_vembanad,Kochi,Kerala,West Coast (Arabian Sea),9.9312,76.2673,1.5,2018 Great Kerala Monsoon Flood,2018-07-24T19:00,0.5,1011.0,9.8,30.2,0.432,0.433,0.401
kochi_vembanad,Kochi,Kerala,West Coast (Arabian Sea),9.9312,76.2673,1.5,2018 Great Kerala Monsoon Flood,2018-07-24T20:00,0.8,1010.2,12.2,33.1,0.437,0.432,0.402
kochi_vembanad,Kochi,Kerala,West Coast (Arabian Sea),9.9312,76.2673,1.5,2018 Great Kerala Monsoon Flood,2018-07-24T21:00,0.9,1009.4,9.4,36.7,0.433,0.434,0.402
kochi_vembanad,Kochi,Kerala,West Coast (Arabian Sea),9.9312,76.2673,1.5,2018 Great Kerala Monsoon Flood,2018-07-24T22:00,2.0,1009.2,13.0,34.2,0.437,0.438,0.403
kochi_vembanad,Kochi,Kerala,West Coast (Arabian Sea),9.9312,76.2673,1.5,2018 Great Kerala Monsoon Flood,2018-07-24T23:00,1.6,1009.0,9.7,35.6,0.436,0.437,0.405
kochi_vembanad,Kochi,Kerala,West Coast (Arabian Sea),9.9312,76.2673,1.5,2018 Great Kerala Monsoon Flood,2018-07-25T00:00,0.5,1008.7,6.6,32.8,0.433,0.435,0.403
kochi_vembanad,Kochi,Kerala,West Coast (Arabian Sea),9.9312,76.2673,1.5,2018 Great Kerala Monsoon Flood,2018-07-25T01:00,1.1,1009.3,14.2,32.0,0.437,0.435,0.404
kochi_vembanad,Kochi,Kerala,West Coast (Arabian Sea),9.9312,76.2673,1.5,2018 Great Kerala Monsoon Flood,2018-07-25T02:00,0.8,1009.9,12.2,35.6,0.435,0.435,0.404
kochi_vembanad,Kochi,Kerala,West Coast (Arabian Sea),9.9312,76.2673,1.5,2018 Great Kerala Monsoon Flood,2018-07-25T03:00,0.2,1010.5,11.2,33.8,0.43,0.434,0.405
kochi_vembanad,Kochi,Kerala,West Coast (Arabian Sea),9.9312,76.2673,1.5,2018 Great Kerala Monsoon Flood,2018-07-25T04:00,0.2,1010.9,13.0,36.7,0.427,0.433,0.405
kochi_vembanad,Kochi,Kerala,West Coast (Arabian Sea),9.9312,76.2673,1.5,2018 Great Kerala Monsoon Flood,2018-07-25T05:00,1.1,1011.0,17.9,46.1,0.432,0.432,0.405
kochi_vembanad,Kochi,Kerala,West Coast (Arabian Sea),9.9312,76.2673,1.5,2018 Great Kerala Monsoon Flood,2018-07-25T06:00,0.3,1010.5,13.8,45.0,0.429,0.431,0.405
kochi_vembanad,Kochi,Kerala,West Coast (Arabian Sea),9.9312,76.2673,1.5,2018 Great Kerala Monsoon Flood,2018-07-25T07:00,0.2,1009.8,17.4,45.7,0.425,0.43,0.406
kochi_vembanad,Kochi,Kerala,West Coast (Arabian Sea),9.9312,76.2673,1.5,2018 Great Kerala Monsoon Flood,2018-07-25T08:00,0.1,1009.3,15.8,46.8,0.422,0.429,0.406
kochi_vembanad,Kochi,Kerala,West Coast (Arabian Sea),9.9312,76.2673,1.5,2018 Great Kerala Monsoon Flood,2018-07-25T09:00,0.0,1008.5,15.5,41.0,0.418,0.428,0.406
kochi_vembanad,Kochi,Kerala,West Coast (Arabian Sea),9.9312,76.2673,1.5,2018 Great Kerala Monsoon Flood,2018-07-25T10:00,0.1,1008.0,18.5,44.6,0.415,0.426,0.405
kochi_vembanad,Kochi,Kerala,West Coast (Arabian Sea),9.9312,76.2673,1.5,2018 Great Kerala Monsoon Flood,2018-07-25T11:00,0.2,1007.9,18.4,46.1,0.414,0.425,0.405
kochi_vembanad,Kochi,Kerala,West Coast (Arabian Sea),9.9312,76.2673,1.5,2018 Great Kerala Monsoon Flood,2018-07-25T12:00,0.3,1007.9,15.5,41.4,0.413,0.424,0.405
kochi_vembanad,Kochi,Kerala,West Coast (Arabian Sea),9.9312,76.2673,1.5,2018 Great Kerala Monsoon Flood,2018-07-25T13:00,0.0,1008.3,13.5,28.4,0.412,0.423,0.405
kochi_vembanad,Kochi,Kerala,West Coast (Arabian Sea),9.9312,76.2673,1.5,2018 Great Kerala Monsoon Flood,2018-07-25T14:00,0.0,1009.0,12.0,24.5,0.41,0.422,0.405
kochi_vembanad,Kochi,Kerala,West Coast (Arabian Sea),9.9312,76.2673,1.5,2018 Great Kerala Monsoon Flood,2018-07-25T15:00,0.0,1010.0,10.7,28.4,0.41,0.422,0.405
kochi_vembanad,Kochi,Kerala,West Coast (Arabian Sea),9.9312,76.2673,1.5,2018 Great Kerala Monsoon Flood,2018-07-25T16:00,0.0,1010.8,8.4,19.1,0.409,0.421,0.405
kochi_vembanad,Kochi,Kerala,West Coast (Arabian Sea),9.9312,76.2673,1.5,2018 Great Kerala Monsoon Flood,2018-07-25T17:00,1.0,1011.5,10.8,33.1,0.417,0.42,0.405
kochi_vembanad,Kochi,Kerala,West Coast (Arabian Sea),9.9312,76.2673,1.5,2018 Great Kerala Monsoon Flood,2018-07-25T18:00,0.3,1011.6,12.2,29.2,0.418,0.42,0.404
kochi_vembanad,Kochi,Kerala,West Coast (Arabian Sea),9.9312,76.2673,1.5,2018 Great Kerala Monsoon Flood,2018-07-25T19:00,0.6,1011.0,10.2,31.0,0.423,0.42,0.404
kochi_vembanad,Kochi,Kerala,West Coast (Arabian Sea),9.9312,76.2673,1.5,2018 Great Kerala Monsoon Flood,2018-07-25T20:00,1.7,1010.5,10.2,27.4,0.434,0.424,0.404
kochi_vembanad,Kochi,Kerala,West Coast (Arabian Sea),9.9312,76.2673,1.5,2018 Great Kerala Monsoon Flood,2018-07-25T21:00,3.5,1009.9,11.5,31.0,0.438,0.432,0.404
kochi_vembanad,Kochi,Kerala,West Coast (Arabian Sea),9.9312,76.2673,1.5,2018 Great Kerala Monsoon Flood,2018-07-25T22:00,1.2,1010.0,11.1,32.0,0.437,0.435,0.405
kochi_vembanad,Kochi,Kerala,West Coast (Arabian Sea),9.9312,76.2673,1.5,2018 Great Kerala Monsoon Flood,2018-07-25T23:00,0.2,1010.1,8.8,33.8,0.432,0.434,0.405
kochi_vembanad,Kochi,Kerala,West Coast (Arabian Sea),9.9312,76.2673,1.5,2018 Great Kerala Monsoon Flood,2018-07-26T00:00,0.5,1009.8,8.7,29.5,0.433,0.434,0.41
kochi_vembanad,Kochi,Kerala,West Coast (Arabian Sea),9.9312,76.2673,1.5,2018 Great Kerala Monsoon Flood,2018-07-26T01:00,1.6,1010.0,10.7,29.2,0.437,0.436,0.41
kochi_vembanad,Kochi,Kerala,West Coast (Arabian Sea),9.9312,76.2673,1.5,2018 Great Kerala Monsoon Flood,2018-07-26T02:00,0.9,1010.3,9.5,29.9,0.432,0.436,0.411
kochi_vembanad,Kochi,Kerala,West Coast (Arabian Sea),9.9312,76.2673,1.5,2018 Great Kerala Monsoon Flood,2018-07-26T03:00,0.7,1011.0,10.7,28.8,0.433,0.435,0.412
kochi_vembanad,Kochi,Kerala,West Coast (Arabian Sea),9.9312,76.2673,1.5,2018 Great Kerala Monsoon Flood,2018-07-26T04:00,0.3,1011.4,9.7,30.2,0.43,0.434,0.412
kochi_vembanad,Kochi,Kerala,West Coast (Arabian Sea),9.9312,76.2673,1.5,2018 Great Kerala Monsoon Flood,2018-07-26T05:00,0.1,1011.7,12.2,29.5,0.426,0.433,0.413
kochi_vembanad,Kochi,Kerala,West Coast (Arabian Sea),9.9312,76.2673,1.5,2018 Great Kerala Monsoon Flood,2018-07-26T06:00,0.3,1011.1,13.8,38.5,0.424,0.431,0.413
kochi_vembanad,Kochi,Kerala,West Coast (Arabian Sea),9.9312,76.2673,1.5,2018 Great Kerala Monsoon Flood,2018-07-26T07:00,0.4,1010.5,19.7,41.8,0.422,0.43,0.413
kochi_vembanad,Kochi,Kerala,West Coast (Arabian Sea),9.9312,76.2673,1.5,2018 Great Kerala Monsoon Flood,2018-07-26T08:00,0.0,1009.7,19.5,42.5,0.417,0.429,0.413
kochi_vembanad,Kochi,Kerala,West Coast (Arabian Sea),9.9312,76.2673,1.5,2018 Great Kerala Monsoon Flood,2018-07-26T09:00,0.1,1009.3,17.8,45.7,0.414,0.427,0.413
kochi_vembanad,Kochi,Kerala,West Coast (Arabian Sea),9.9312,76.2673,1.5,2018 Great Kerala Monsoon Flood,2018-07-26T10:00,0.1,1008.6,18.7,40.0,0.412,0.426,0.413
kochi_vembanad,Kochi,Kerala,West Coast (Arabian Sea),9.9312,76.2673,1.5,2018 Great Kerala Monsoon Flood,2018-07-26T11:00,0.2,1008.6,18.1,42.5,0.411,0.425,0.413
kochi_vembanad,Kochi,Kerala,West Coast (Arabian Sea),9.9312,76.2673,1.5,2018 Great Kerala Monsoon Flood,2018-07-26T12:00,0.2,1008.6,14.6,39.2,0.407,0.424,0.412
kochi_vembanad,Kochi,Kerala,West Coast (Arabian Sea),9.9312,76.2673,1.5,2018 Great Kerala Monsoon Flood,2018-07-26T13:00,0.3,1008.9,17.8,41.4,0.409,0.423,0.412
kochi_vembanad,Kochi,Kerala,West Coast (Arabian Sea),9.9312,76.2673,1.5,2018 Great Kerala Monsoon Flood,2018-07-26T14:00,0.0,1009.7,13.1,31.3,0.408,0.422,0.412
kochi_vembanad,Kochi,Kerala,West Coast (Arabian Sea),9.9312,76.2673,1.5,2018 Great Kerala Monsoon Flood,2018-07-26T15:00,0.5,1010.6,15.8,36.4,0.412,0.422,0.412
kochi_vembanad,Kochi,Kerala,West Coast (Arabian Sea),9.9312,76.2673,1.5,2018 Great Kerala Monsoon Flood,2018-07-26T16:00,0.0,1011.2,12.8,27.7,0.411,0.421,0.412
kochi_vembanad,Kochi,Kerala,West Coast (Arabian Sea),9.9312,76.2673,1.5,2018 Great Kerala Monsoon Flood,2018-07-26T17:00,0.7,1011.5,15.9,34.6,0.416,0.421,0.411
kochi_vembanad,Kochi,Kerala,West Coast (Arabian Sea),9.9312,76.2673,1.5,2018 Great Kerala Monsoon Flood,2018-07-26T18:00,1.2,1011.7,13.9,31.7,0.429,0.421,0.411
kochi_vembanad,Kochi,Kerala,West Coast (Arabian Sea),9.9312,76.2673,1.5,2018 Great Kerala Monsoon Flood,2018-07-26T19:00,1.0,1011.2,14.1,27.4,0.436,0.422,0.411
kochi_vembanad,Kochi,Kerala,West Coast (Arabian Sea),9.9312,76.2673,1.5,2018 Great Kerala Monsoon Flood,2018-07-26T20:00,1.4,1010.8,13.1,29.9,0.434,0.427,0.411
kochi_vembanad,Kochi,Kerala,West Coast (Arabian Sea),9.9312,76.2673,1.5,2018 Great Kerala Monsoon Flood,2018-07-26T21:00,1.9,1010.1,14.7,33.5,0.439,0.432,0.411
kochi_vembanad,Kochi,Kerala,West Coast (Arabian Sea),9.9312,76.2673,1.5,2018 Great Kerala Monsoon Flood,2018-07-26T22:00,0.5,1009.6,13.3,33.1,0.432,0.434,0.411
kochi_vembanad,Kochi,Kerala,West Coast (Arabian Sea),9.9312,76.2673,1.5,2018 Great Kerala Monsoon Flood,2018-07-26T23:00,0.1,1009.4,11.5,29.5,0.428,0.433,0.412
kochi_vembanad,Kochi,Kerala,West Coast (Arabian Sea),9.9312,76.2673,1.5,2018 Great Kerala Monsoon Flood,2018-07-27T00:00,0.3,1008.5,13.5,34.2,0.429,0.427,0.411
kochi_vembanad,Kochi,Kerala,West Coast (Arabian Sea),9.9312,76.2673,1.5,2018 Great Kerala Monsoon Flood,2018-07-27T01:00,0.1,1008.8,7.9,23.8,0.427,0.427,0.411
kochi_vembanad,Kochi,Kerala,West Coast (Arabian Sea),9.9312,76.2673,1.5,2018 Great Kerala Monsoon Flood,2018-07-27T02:00,0.2,1009.4,9.2,25.2,0.426,0.427,0.411
kochi_vembanad,Kochi,Kerala,West Coast (Arabian Sea),9.9312,76.2673,1.5,2018 Great Kerala Monsoon Flood,2018-07-27T03:00,0.3,1010.2,11.0,25.6,0.425,0.426,0.411
kochi_vembanad,Kochi,Kerala,West Coast (Arabian Sea),9.9312,76.2673,1.5,2018 Great Kerala Monsoon Flood,2018-07-27T04:00,0.3,1010.9,9.9,33.8,0.424,0.426,0.411
kochi_vembanad,Kochi,Kerala,West Coast (Arabian Sea),9.9312,76.2673,1.5,2018 Great Kerala Monsoon Flood,2018-07-27T05:00,0.2,1010.9,14.3,34.2,0.422,0.426,0.411
kochi_vembanad,Kochi,Kerala,West Coast (Arabian Sea),9.9312,76.2673,1.5,2018 Great Kerala Monsoon Flood,2018-07-27T06:00,0.1,1010.8,11.7,34.6,0.418,0.425,0.41
kochi_vembanad,Kochi,Kerala,West Coast (Arabian Sea),9.9312,76.2673,1.5,2018 Great Kerala Monsoon Flood,2018-07-27T07:00,0.0,1010.4,14.2,36.4,0.413,0.424,0.41
kochi_vembanad,Kochi,Kerala,West Coast (Arabian Sea),9.9312,76.2673,1.5,2018 Great Kerala Monsoon Flood,2018-07-27T08:00,0.2,1009.5,15.8,37.8,0.41,0.423,0.41
kochi_vembanad,Kochi,Kerala,West Coast (Arabian Sea),9.9312,76.2673,1.5,2018 Great Kerala Monsoon Flood,2018-07-27T09:00,0.4,1009.0,19.3,41.8,0.411,0.422,0.41
kochi_vembanad,Kochi,Kerala,West Coast (Arabian Sea),9.9312,76.2673,1.5,2018 Great Kerala Monsoon Flood,2018-07-27T10:00,0.0,1008.3,19.0,41.8,0.408,0.421,0.41
kochi_vembanad,Kochi,Kerala,West Coast (Arabian Sea),9.9312,76.2673,1.5,2018 Great Kerala Monsoon Flood,2018-07-27T11:00,0.1,1008.0,19.2,45.7,0.406,0.42,0.409
kochi_vembanad,Kochi,Kerala,West Coast (Arabian Sea),9.9312,76.2673,1.5,2018 Great Kerala Monsoon Flood,2018-07-27T12:00,0.0,1008.3,13.2,40.0,0.405,0.42,0.41
kochi_vembanad,Kochi,Kerala,West Coast (Arabian Sea),9.9312,76.2673,1.5,2018 Great Kerala Monsoon Flood,2018-07-27T13:00,0.0,1008.8,9.4,24.1,0.404,0.419,0.41
kochi_vembanad,Kochi,Kerala,West Coast (Arabian Sea),9.9312,76.2673,1.5,2018 Great Kerala Monsoon Flood,2018-07-27T14:00,0.0,1009.3,7.4,16.6,0.404,0.418,0.41
kochi_vembanad,Kochi,Kerala,West Coast (Arabian Sea),9.9312,76.2673,1.5,2018 Great Kerala Monsoon Flood,2018-07-27T15:00,0.0,1010.3,7.8,13.3,0.403,0.418,0.41
kochi_vembanad,Kochi,Kerala,West Coast (Arabian Sea),9.9312,76.2673,1.5,2018 Great Kerala Monsoon Flood,2018-07-27T16:00,0.0,1011.0,7.1,13.7,0.403,0.417,0.41
kochi_vembanad,Kochi,Kerala,West Coast (Arabian Sea),9.9312,76.2673,1.5,2018 Great Kerala Monsoon Flood,2018-07-27T17:00,0.0,1011.4,5.0,12.2,0.403,0.417,0.409
kochi_vembanad,Kochi,Kerala,West Coast (Arabian Sea),9.9312,76.2673,1.5,2018 Great Kerala Monsoon Flood,2018-07-27T18:00,0.2,1011.5,10.3,18.4,0.404,0.416,0.409
kochi_vembanad,Kochi,Kerala,West Coast (Arabian Sea),9.9312,76.2673,1.5,2018 Great Kerala Monsoon Flood,2018-07-27T19:00,0.3,1010.8,13.3,27.7,0.406,0.416,0.409
kochi_vembanad,Kochi,Kerala,West Coast (Arabian Sea),9.9312,76.2673,1.5,2018 Great Kerala Monsoon Flood,2018-07-27T20:00,0.1,1009.9,9.9,23.8,0.406,0.415,0.409
kochi_vembanad,Kochi,Kerala,West Coast (Arabian Sea),9.9312,76.2673,1.5,2018 Great Kerala Monsoon Flood,2018-07-27T21:00,1.1,1009.3,10.2,28.4,0.417,0.415,0.408
kochi_vembanad,Kochi,Kerala,West Coast (Arabian Sea),9.9312,76.2673,1.5,2018 Great Kerala Monsoon Flood,2018-07-27T22:00,1.0,1008.8,13.0,29.5,0.426,0.416,0.408
kochi_vembanad,Kochi,Kerala,West Coast (Arabian Sea),9.9312,76.2673,1.5,2018 Great Kerala Monsoon Flood,2018-07-27T23:00,0.3,1008.7,12.0,29.5,0.425,0.417,0.408
kochi_vembanad,Kochi,Kerala,West Coast (Arabian Sea),9.9312,76.2673,1.5,2018 Great Kerala Monsoon Flood,2018-07-28T00:00,0.3,1008.1,9.9,28.4,0.418,0.415,0.409
kochi_vembanad,Kochi,Kerala,West Coast (Arabian Sea),9.9312,76.2673,1.5,2018 Great Kerala Monsoon Flood,2018-07-28T01:00,0.5,1008.4,6.1,17.3,0.421,0.415,0.408
kochi_vembanad,Kochi,Kerala,West Coast (Arabian Sea),9.9312,76.2673,1.5,2018 Great Kerala Monsoon Flood,2018-07-28T02:00,0.5,1008.8,6.1,15.5,0.424,0.416,0.408
kochi_vembanad,Kochi,Kerala,West Coast (Arabian Sea),9.9312,76.2673,1.5,2018 Great Kerala Monsoon Flood,2018-07-28T03:00,0.1,1009.4,7.2,16.9,0.421,0.416,0.408
kochi_vembanad,Kochi,Kerala,West Coast (Arabian Sea),9.9312,76.2673,1.5,2018 Great Kerala Monsoon Flood,2018-07-28T04:00,0.5,1009.7,14.6,30.2,0.422,0.416,0.408
kochi_vembanad,Kochi,Kerala,West Coast (Arabian Sea),9.9312,76.2673,1.5,2018 Great Kerala Monsoon Flood,2018-07-28T05:00,0.4,1010.0,15.8,34.6,0.422,0.417,0.407
kochi_vembanad,Kochi,Kerala,West Coast (Arabian Sea),9.9312,76.2673,1.5,2018 Great Kerala Monsoon Flood,2018-07-28T06:00,0.1,1009.7,17.3,35.3,0.418,0.416,0.407
kochi_vembanad,Kochi,Kerala,West Coast (Arabian Sea),9.9312,76.2673,1.5,2018 Great Kerala Monsoon Flood,2018-07-28T07:00,0.1,1009.0,18.3,36.7,0.414,0.416,0.407
kochi_vembanad,Kochi,Kerala,West Coast (Arabian Sea),9.9312,76.2673,1.5,2018 Great Kerala Monsoon Flood,2018-07-28T08:00,0.1,1008.3,20.1,40.3,0.41,0.415,0.407
kochi_vembanad,Kochi,Kerala,West Coast (Arabian Sea),9.9312,76.2673,1.5,2018 Great Kerala Monsoon Flood,2018-07-28T09:00,0.2,1007.6,23.5,45.0,0.408,0.415,0.406
kochi_vembanad,Kochi,Kerala,West Coast (Arabian Sea),9.9312,76.2673,1.5,2018 Great Kerala Monsoon Flood,2018-07-28T10:00,0.2,1007.1,21.7,45.7,0.406,0.414,0.406
kochi_vembanad,Kochi,Kerala,West Coast (Arabian Sea),9.9312,76.2673,1.5,2018 Great Kerala Monsoon Flood,2018-07-28T11:00,0.1,1006.9,20.3,42.1,0.404,0.414,0.406
kochi_vembanad,Kochi,Kerala,West Coast (Arabian Sea),9.9312,76.2673,1.5,2018 Great Kerala Monsoon Flood,2018-07-28T12:00,0.0,1007.2,14.5,38.2,0.401,0.411,0.405
kochi_vembanad,Kochi,Kerala,West Coast (Arabian Sea),9.9312,76.2673,1.5,2018 Great Kerala Monsoon Flood,2018-07-28T13:00,0.0,1007.7,9.7,25.9,0.4,0.411,0.405
kochi_vembanad,Kochi,Kerala,West Coast (Arabian Sea),9.9312,76.2673,1.5,2018 Great Kerala Monsoon Flood,2018-07-28T14:00,0.0,1008.6,6.6,17.3,0.4,0.411,0.405
kochi_vembanad,Kochi,Kerala,West Coast (Arabian Sea),9.9312,76.2673,1.5,2018 Great Kerala Monsoon Flood,2018-07-28T15:00,0.1,1009.4,6.6,11.5,0.4,0.41,0.405
kochi_vembanad,Kochi,Kerala,West Coast (Arabian Sea),9.9312,76.2673,1.5,2018 Great Kerala Monsoon Flood,2018-07-28T16:00,0.2,1010.1,8.9,14.8,0.401,0.41,0.404
kochi_vembanad,Kochi,Kerala,West Coast (Arabian Sea),9.9312,76.2673,1.5,2018 Great Kerala Monsoon Flood,2018-07-28T17:00,1.8,1010.5,5.8,16.2,0.419,0.41,0.404
kochi_vembanad,Kochi,Kerala,West Coast (Arabian Sea),9.9312,76.2673,1.5,2018 Great Kerala Monsoon Flood,2018-07-28T18:00,0.8,1010.7,4.0,11.5,0.427,0.411,0.404
kochi_vembanad,Kochi,Kerala,West Coast (Arabian Sea),9.9312,76.2673,1.5,2018 Great Kerala Monsoon Flood,2018-07-28T19:00,1.6,1010.3,6.2,15.5,0.43,0.416,0.404
kochi_vembanad,Kochi,Kerala,West Coast (Arabian Sea),9.9312,76.2673,1.5,2018 Great Kerala Monsoon Flood,2018-07-28T20:00,1.1,1009.4,7.0,14.8,0.435,0.419,0.404
kochi_vembanad,Kochi,Kerala,West Coast (Arabian Sea),9.9312,76.2673,1.5,2018 Great Kerala Monsoon Flood,2018-07-28T21:00,1.2,1008.6,8.9,20.9,0.433,0.423,0.403
kochi_vembanad,Kochi,Kerala,West Coast (Arabian Sea),9.9312,76.2673,1.5,2018 Great Kerala Monsoon Flood,2018-07-28T22:00,1.0,1008.5,7.9,19.1,0.436,0.426,0.403
kochi_vembanad,Kochi,Kerala,West Coast (Arabian Sea),9.9312,76.2673,1.5,2018 Great Kerala Monsoon Flood,2018-07-28T23:00,0.7,1008.5,7.9,21.6,0.436,0.427,0.403
kochi_vembanad,Kochi,Kerala,West Coast (Arabian Sea),9.9312,76.2673,1.5,2018 Great Kerala Monsoon Flood,2018-07-29T00:00,0.2,1008.0,4.7,14.8,0.426,0.42,0.403
kochi_vembanad,Kochi,Kerala,West Coast (Arabian Sea),9.9312,76.2673,1.5,2018 Great Kerala Monsoon Flood,2018-07-29T01:00,0.4,1007.9,3.4,14.4,0.427,0.42,0.403
kochi_vembanad,Kochi,Kerala,West Coast (Arabian Sea),9.9312,76.2673,1.5,2018 Great Kerala Monsoon Flood,2018-07-29T02:00,0.2,1008.5,4.1,9.4,0.425,0.421,0.403
kochi_vembanad,Kochi,Kerala,West Coast (Arabian Sea),9.9312,76.2673,1.5,2018 Great Kerala Monsoon Flood,2018-07-29T03:00,0.1,1008.9,4.8,15.5,0.423,0.421,0.403
kochi_vembanad,Kochi,Kerala,West Coast (Arabian Sea),9.9312,76.2673,1.5,2018 Great Kerala Monsoon Flood,2018-07-29T04:00,0.1,1009.4,5.4,18.0,0.421,0.421,0.403
kochi_vembanad,Kochi,Kerala,West Coast (Arabian Sea),9.9312,76.2673,1.5,2018 Great Kerala Monsoon Flood,2018-07-29T05:00,0.2,1009.3,9.6,23.4,0.419,0.42,0.403
kochi_vembanad,Kochi,Kerala,West Coast (Arabian Sea),9.9312,76.2673,1.5,2018 Great Kerala Monsoon Flood,2018-07-29T06:00,0.1,1008.7,12.6,27.0,0.416,0.42,0.402
kochi_vembanad,Kochi,Kerala,West Coast (Arabian Sea),9.9312,76.2673,1.5,2018 Great Kerala Monsoon Flood,2018-07-29T07:00,0.0,1008.3,18.7,39.2,0.412,0.419,0.402
kochi_vembanad,Kochi,Kerala,West Coast (Arabian Sea),9.9312,76.2673,1.5,2018 Great Kerala Monsoon Flood,2018-07-29T08:00,0.2,1007.9,21.3,44.3,0.41,0.418,0.402
kochi_vembanad,Kochi,Kerala,West Coast (Arabian Sea),9.9312,76.2673,1.5,2018 Great Kerala Monsoon Flood,2018-07-29T09:00,0.2,1007.2,22.4,42.8,0.409,0.418,0.402
kochi_vembanad,Kochi,Kerala,West Coast (Arabian Sea),9.9312,76.2673,1.5,2018 Great Kerala Monsoon Flood,2018-07-29T10:00,0.2,1006.5,20.3,42.1,0.408,0.417,0.402
kochi_vembanad,Kochi,Kerala,West Coast (Arabian Sea),9.9312,76.2673,1.5,2018 Great Kerala Monsoon Flood,2018-07-29T11:00,0.2,1006.4,19.5,40.0,0.408,0.416,0.401
kochi_vembanad,Kochi,Kerala,West Coast (Arabian Sea),9.9312,76.2673,1.5,2018 Great Kerala Monsoon Flood,2018-07-29T12:00,0.2,1006.3,15.7,36.7,0.406,0.417,0.401
kochi_vembanad,Kochi,Kerala,West Coast (Arabian Sea),9.9312,76.2673,1.5,2018 Great Kerala Monsoon Flood,2018-07-29T13:00,0.1,1006.6,12.4,28.4,0.406,0.416,0.401
kochi_vembanad,Kochi,Kerala,West Coast (Arabian Sea),9.9312,76.2673,1.5,2018 Great Kerala Monsoon Flood,2018-07-29T14:00,0.0,1007.3,10.4,22.0,0.405,0.416,0.401
kochi_vembanad,Kochi,Kerala,West Coast (Arabian Sea),9.9312,76.2673,1.5,2018 Great Kerala Monsoon Flood,2018-07-29T15:00,0.0,1008.3,9.7,18.7,0.404,0.415,0.401
kochi_vembanad,Kochi,Kerala,West Coast (Arabian Sea),9.9312,76.2673,1.5,2018 Great Kerala Monsoon Flood,2018-07-29T16:00,0.0,1009.1,7.1,17.3,0.403,0.415,0.401
kochi_vembanad,Kochi,Kerala,West Coast (Arabian Sea),9.9312,76.2673,1.5,2018 Great Kerala Monsoon Flood,2018-07-29T17:00,0.1,1009.6,10.5,16.9,0.403,0.414,0.4
kochi_vembanad,Kochi,Kerala,West Coast (Arabian Sea),9.9312,76.2673,1.5,2018 Great Kerala Monsoon Flood,2018-07-29T18:00,0.2,1009.6,11.2,22.7,0.404,0.414,0.4
kochi_vembanad,Kochi,Kerala,West Coast (Arabian Sea),9.9312,76.2673,1.5,2018 Great Kerala Monsoon Flood,2018-07-29T19:00,0.1,1009.0,10.8,22.0,0.405,0.413,0.4
kochi_vembanad,Kochi,Kerala,West Coast (Arabian Sea),9.9312,76.2673,1.5,2018 Great Kerala Monsoon Flood,2018-07-29T20:00,0.1,1008.3,12.3,21.2,0.405,0.413,0.4
kochi_vembanad,Kochi,Kerala,West Coast (Arabian Sea),9.9312,76.2673,1.5,2018 Great Kerala Monsoon Flood,2018-07-29T21:00,0.7,1007.9,13.1,23.4,0.412,0.413,0.4
kochi_vembanad,Kochi,Kerala,West Coast (Arabian Sea),9.9312,76.2673,1.5,2018 Great Kerala Monsoon Flood,2018-07-29T22:00,1.2,1007.5,8.2,23.0,0.424,0.413,0.4
kochi_vembanad,Kochi,Kerala,West Coast (Arabian Sea),9.9312,76.2673,1.5,2018 Great Kerala Monsoon Flood,2018-07-29T23:00,2.4,1008.1,12.4,23.8,0.438,0.419,0.399
kochi_vembanad,Kochi,Kerala,West Coast (Arabian Sea),9.9312,76.2673,1.5,2018 Great Kerala Monsoon Flood,2018-07-30T00:00,2.4,1007.3,9.9,25.2,0.434,0.427,0.4
kochi_vembanad,Kochi,Kerala,West Coast (Arabian Sea),9.9312,76.2673,1.5,2018 Great Kerala Monsoon Flood,2018-07-30T01:00,0.0,1007.7,12.3,22.0,0.428,0.427,0.4
kochi_vembanad,Kochi,Kerala,West Coast (Arabian Sea),9.9312,76.2673,1.5,2018 Great Kerala Monsoon Flood,2018-07-30T02:00,0.0,1008.1,12.5,25.2,0.425,0.427,0.4
kochi_vembanad,Kochi,Kerala,West Coast (Arabian Sea),9.9312,76.2673,1.5,2018 Great Kerala Monsoon Flood,2018-07-30T03:00,0.1,1008.7,13.3,26.3,0.423,0.426,0.4
kochi_vembanad,Kochi,Kerala,West Coast (Arabian Sea),9.9312,76.2673,1.5,2018 Great Kerala Monsoon Flood,2018-07-30T04:00,0.1,1009.2,14.1,27.7,0.42,0.426,0.4
kochi_vembanad,Kochi,Kerala,West Coast (Arabian Sea),9.9312,76.2673,1.5,2018 Great Kerala Monsoon Flood,2018-07-30T05:00,0.1,1009.2,17.2,32.0,0.418,0.425,0.4
kochi_vembanad,Kochi,Kerala,West Coast (Arabian Sea),9.9312,76.2673,1.5,2018 Great Kerala Monsoon Flood,2018-07-30T06:00,0.5,1008.9,17.7,36.7,0.419,0.424,0.4
kochi_vembanad,Kochi,Kerala,West Coast (Arabian Sea),9.9312,76.2673,1.5,2018 Great Kerala Monsoon Flood,2018-07-30T07:00,1.4,1008.7,18.1,42.1,0.429,0.424,0.4
kochi_vembanad,Kochi,Kerala,West Coast (Arabian Sea),9.9312,76.2673,1.5,2018 Great Kerala Monsoon Flood,2018-07-30T08:00,1.0,1008.4,18.4,36.4,0.435,0.424,0.4
kochi_vembanad,Kochi,Kerala,West Coast (Arabian Sea),9.9312,76.2673,1.5,2018 Great Kerala Monsoon Flood,2018-07-30T09:00,0.8,1007.7,15.5,35.6,0.431,0.426,0.4
kochi_vembanad,Kochi,Kerala,West Coast (Arabian Sea),9.9312,76.2673,1.5,2018 Great Kerala Monsoon Flood,2018-07-30T10:00,0.3,1006.9,13.5,32.0,0.428,0.426,0.4
kochi_vembanad,Kochi,Kerala,West Coast (Arabian Sea),9.9312,76.2673,1.5,2018 Great Kerala Monsoon Flood,2018-07-30T11:00,0.9,1006.8,18.2,38.5,0.432,0.426,0.4
kochi_vembanad,Kochi,Kerala,West Coast (Arabian Sea),9.9312,76.2673,1.5,2018 Great Kerala Monsoon Flood,2018-07-30T12:00,0.8,1006.8,14.0,39.2,0.421,0.421,0.4
kochi_vembanad,Kochi,Kerala,West Coast (Arabian Sea),9.9312,76.2673,1.5,2018 Great Kerala Monsoon Flood,2018-07-30T13:00,0.4,1006.9,10.8,29.9,0.423,0.421,0.4
kochi_vembanad,Kochi,Kerala,West Coast (Arabian Sea),9.9312,76.2673,1.5,2018 Great Kerala Monsoon Flood,2018-07-30T14:00,0.3,1007.9,9.3,24.8,0.423,0.421,0.4
kochi_vembanad,Kochi,Kerala,West Coast (Arabian Sea),9.9312,76.2673,1.5,2018 Great Kerala Monsoon Flood,2018-07-30T15:00,0.7,1009.1,8.3,19.8,0.428,0.421,0.4
kochi_vembanad,Kochi,Kerala,West Coast (Arabian Sea),9.9312,76.2673,1.5,2018 Great Kerala Monsoon Flood,2018-07-30T16:00,0.9,1009.7,7.4,17.6,0.434,0.422,0.4
kochi_vembanad,Kochi,Kerala,West Coast (Arabian Sea),9.9312,76.2673,1.5,2018 Great Kerala Monsoon Flood,2018-07-30T17:00,1.0,1010.0,6.3,17.6,0.433,0.425,0.4
kochi_vembanad,Kochi,Kerala,West Coast (Arabian Sea),9.9312,76.2673,1.5,2018 Great Kerala Monsoon Flood,2018-07-30T18:00,0.8,1010.2,8.7,19.8,0.433,0.428,0.4
kochi_vembanad,Kochi,Kerala,West Coast (Arabian Sea),9.9312,76.2673,1.5,2018 Great Kerala Monsoon Flood,2018-07-30T19:00,1.0,1010.1,9.7,25.9,0.438,0.429,0.4
kochi_vembanad,Kochi,Kerala,West Coast (Arabian Sea),9.9312,76.2673,1.5,2018 Great Kerala Monsoon Flood,2018-07-30T20:00,2.7,1009.7,9.2,24.1,0.436,0.438,0.401
kochi_vembanad,Kochi,Kerala,West Coast (Arabian Sea),9.9312,76.2673,1.5,2018 Great Kerala Monsoon Flood,2018-07-30T21:00,2.5,1009.4,9.7,24.1,0.435,0.438,0.404
kochi_vembanad,Kochi,Kerala,West Coast (Arabian Sea),9.9312,76.2673,1.5,2018 Great Kerala Monsoon Flood,2018-07-30T22:00,0.7,1009.0,7.3,24.1,0.427,0.436,0.406
kochi_vembanad,Kochi,Kerala,West Coast (Arabian Sea),9.9312,76.2673,1.5,2018 Great Kerala Monsoon Flood,2018-07-30T23:00,0.7,1008.4,6.0,15.1,0.431,0.434,0.407
kochi_vembanad,Kochi,Kerala,West Coast (Arabian Sea),9.9312,76.2673,1.5,2018 Great Kerala Monsoon Flood,2018-07-31T00:00,0.5,1008.2,7.6,11.9,0.435,0.432,0.402
kochi_vembanad,Kochi,Kerala,West Coast (Arabian Sea),9.9312,76.2673,1.5,2018 Great Kerala Monsoon Flood,2018-07-31T01:00,2.4,1008.8,4.6,19.1,0.436,0.438,0.403
kochi_vembanad,Kochi,Kerala,West Coast (Arabian Sea),9.9312,76.2673,1.5,2018 Great Kerala Monsoon Flood,2018-07-31T02:00,1.5,1009.9,5.1,15.5,0.433,0.437,0.405
kochi_vembanad,Kochi,Kerala,West Coast (Arabian Sea),9.9312,76.2673,1.5,2018 Great Kerala Monsoon Flood,2018-07-31T03:00,0.3,1010.5,11.8,22.0,0.43,0.435,0.406
kochi_vembanad,Kochi,Kerala,West Coast (Arabian Sea),9.9312,76.2673,1.5,2018 Great Kerala Monsoon Flood,2018-07-31T04:00,0.4,1011.0,12.2,27.7,0.428,0.433,0.406
kochi_vembanad,Kochi,Kerala,West Coast (Arabian Sea),9.9312,76.2673,1.5,2018 Great Kerala Monsoon Flood,2018-07-31T05:00,0.8,1011.1,11.8,24.8,0.431,0.432,0.407
kochi_vembanad,Kochi,Kerala,West Coast (Arabian Sea),9.9312,76.2673,1.5,2018 Great Kerala Monsoon Flood,2018-07-31T06:00,0.6,1011.0,7.1,22.0,0.431,0.432,0.407
kochi_vembanad,Kochi,Kerala,West Coast (Arabian Sea),9.9312,76.2673,1.5,2018 Great Kerala Monsoon Flood,2018-07-31T07:00,0.2,1010.4,8.8,35.6,0.427,0.431,0.407
kochi_vembanad,Kochi,Kerala,West Coast (Arabian Sea),9.9312,76.2673,1.5,2018 Great Kerala Monsoon Flood,2018-07-31T08:00,0.1,1009.6,8.4,37.4,0.423,0.43,0.408
kochi_vembanad,Kochi,Kerala,West Coast (Arabian Sea),9.9312,76.2673,1.5,2018 Great Kerala Monsoon Flood,2018-07-31T09:00,0.2,1009.0,12.8,41.8,0.421,0.429,0.408
kochi_vembanad,Kochi,Kerala,West Coast (Arabian Sea),9.9312,76.2673,1.5,2018 Great Kerala Monsoon Flood,2018-07-31T10:00,0.5,1008.4,7.9,41.0,0.421,0.428,0.408
kochi_vembanad,Kochi,Kerala,West Coast (Arabian Sea),9.9312,76.2673,1.5,2018 Great Kerala Monsoon Flood,2018-07-31T11:00,0.8,1008.3,11.8,32.8,0.426,0.427,0.408
kochi_vembanad,Kochi,Kerala,West Coast (Arabian Sea),9.9312,76.2673,1.5,2018 Great Kerala Monsoon Flood,2018-07-31T12:00,1.0,1008.6,12.7,41.4,0.43,0.426,0.408
kochi_vembanad,Kochi,Kerala,West Coast (Arabian Sea),9.9312,76.2673,1.5,2018 Great Kerala Monsoon Flood,2018-07-31T13:00,0.1,1008.5,10.2,22.7,0.426,0.426,0.408
kochi_vembanad,Kochi,Kerala,West Coast (Arabian Sea),9.9312,76.2673,1.5,2018 Great Kerala Monsoon Flood,2018-07-31T14:00,0.0,1009.5,6.5,18.0,0.423,0.426,0.408
kochi_vembanad,Kochi,Kerala,West Coast (Arabian Sea),9.9312,76.2673,1.5,2018 Great Kerala Monsoon Flood,2018-07-31T15:00,0.1,1010.3,5.8,11.9,0.421,0.426,0.408
kochi_vembanad,Kochi,Kerala,West Coast (Arabian Sea),9.9312,76.2673,1.5,2018 Great Kerala Monsoon Flood,2018-07-31T16:00,0.0,1011.0,3.4,10.8,0.419,0.425,0.408
kochi_vembanad,Kochi,Kerala,West Coast (Arabian Sea),9.9312,76.2673,1.5,2018 Great Kerala Monsoon Flood,2018-07-31T17:00,0.2,1011.6,2.6,19.1,0.419,0.425,0.408
kochi_vembanad,Kochi,Kerala,West Coast (Arabian Sea),9.9312,76.2673,1.5,2018 Great Kerala Monsoon Flood,2018-07-31T18:00,0.3,1011.3,3.6,20.2,0.42,0.424,0.408
kochi_vembanad,Kochi,Kerala,West Coast (Arabian Sea),9.9312,76.2673,1.5,2018 Great Kerala Monsoon Flood,2018-07-31T19:00,0.1,1010.4,5.2,11.9,0.419,0.424,0.408
kochi_vembanad,Kochi,Kerala,West Coast (Arabian Sea),9.9312,76.2673,1.5,2018 Great Kerala Monsoon Flood,2018-07-31T20:00,0.2,1010.0,3.9,29.5,0.419,0.423,0.408
kochi_vembanad,Kochi,Kerala,West Coast (Arabian Sea),9.9312,76.2673,1.5,2018 Great Kerala Monsoon Flood,2018-07-31T21:00,0.1,1009.3,6.1,28.4,0.418,0.423,0.408
kochi_vembanad,Kochi,Kerala,West Coast (Arabian Sea),9.9312,76.2673,1.5,2018 Great Kerala Monsoon Flood,2018-07-31T22:00,0.1,1009.0,3.7,28.4,0.418,0.422,0.408
kochi_vembanad,Kochi,Kerala,West Coast (Arabian Sea),9.9312,76.2673,1.5,2018 Great Kerala Monsoon Flood,2018-07-31T23:00,0.2,1008.8,6.8,12.6,0.418,0.422,0.408
kochi_vembanad,Kochi,Kerala,West Coast (Arabian Sea),9.9312,76.2673,1.5,2018 Great Kerala Monsoon Flood,2018-08-01T00:00,0.1,1008.6,3.8,13.3,0.423,0.424,0.408
kochi_vembanad,Kochi,Kerala,West Coast (Arabian Sea),9.9312,76.2673,1.5,2018 Great Kerala Monsoon Flood,2018-08-01T01:00,0.0,1008.7,5.2,10.1,0.421,0.424,0.408
kochi_vembanad,Kochi,Kerala,West Coast (Arabian Sea),9.9312,76.2673,1.5,2018 Great Kerala Monsoon Flood,2018-08-01T02:00,0.7,1010.2,9.6,35.3,0.426,0.423,0.408
kochi_vembanad,Kochi,Kerala,West Coast (Arabian Sea),9.9312,76.2673,1.5,2018 Great Kerala Monsoon Flood,2018-08-01T03:00,0.3,1010.9,11.3,36.0,0.425,0.424,0.408
kochi_vembanad,Kochi,Kerala,West Coast (Arabian Sea),9.9312,76.2673,1.5,2018 Great Kerala Monsoon Flood,2018-08-01T04:00,0.1,1011.6,12.3,40.3,0.422,0.423,0.408
kochi_vembanad,Kochi,Kerala,West Coast (Arabian Sea),9.9312,76.2673,1.5,2018 Great Kerala Monsoon Flood,2018-08-01T05:00,0.3,1011.6,12.5,26.3,0.421,0.423,0.408
kochi_vembanad,Kochi,Kerala,West Coast (Arabian Sea),9.9312,76.2673,1.5,2018 Great Kerala Monsoon Flood,2018-08-01T06:00,0.8,1011.5,12.4,46.4,0.425,0.423,0.408
kochi_vembanad,Kochi,Kerala,West Coast (Arabian Sea),9.9312,76.2673,1.5,2018 Great Kerala Monsoon Flood,2018-08-01T07:00,0.4,1011.0,14.2,29.2,0.424,0.422,0.408
kochi_vembanad,Kochi,Kerala,West Coast (Arabian Sea),9.9312,76.2673,1.5,2018 Great Kerala Monsoon Flood,2018-08-01T08:00,0.3,1010.3,14.7,40.7,0.422,0.422,0.408
kochi_vembanad,Kochi,Kerala,West Coast (Arabian Sea),9.9312,76.2673,1.5,2018 Great Kerala Monsoon Flood,2018-08-01T09:00,0.4,1009.6,15.3,44.6,0.421,0.421,0.407
kochi_vembanad,Kochi,Kerala,West Coast (Arabian Sea),9.9312,76.2673,1.5,2018 Great Kerala Monsoon Flood,2018-08-01T10:00,0.0,1008.8,14.7,43.2,0.418,0.421,0.407
kochi_vembanad,Kochi,Kerala,West Coast (Arabian Sea),9.9312,76.2673,1.5,2018 Great Kerala Monsoon Flood,2018-08-01T11:00,0.0,1008.6,13.9,39.2,0.415,0.42,0.407
kochi_vembanad,Kochi,Kerala,West Coast (Arabian Sea),9.9312,76.2673,1.5,2018 Great Kerala Monsoon Flood,2018-08-01T12:00,0.1,1008.8,15.0,38.9,0.416,0.42,0.407
kochi_vembanad,Kochi,Kerala,West Coast (Arabian Sea),9.9312,76.2673,1.5,2018 Great Kerala Monsoon Flood,2018-08-01T13:00,0.1,1009.0,13.7,31.0,0.415,0.42,0.407
kochi_vembanad,Kochi,Kerala,West Coast (Arabian Sea),9.9312,76.2673,1.5,2018 Great Kerala Monsoon Flood,2018-08-01T14:00,0.0,1009.5,11.1,26.3,0.413,0.419,0.407
kochi_vembanad,Kochi,Kerala,West Coast (Arabian Sea),9.9312,76.2673,1.5,2018 Great Kerala Monsoon Flood,2018-08-01T15:00,0.0,1010.5,8.7,19.8,0.412,0.419,0.407
kochi_vembanad,Kochi,Kerala,West Coast (Arabian Sea),9.9312,76.2673,1.5,2018 Great Kerala Monsoon Flood,2018-08-01T16:00,0.0,1010.8,7.0,15.1,0.41,0.418,0.407
kochi_vembanad,Kochi,Kerala,West Coast (Arabian Sea),9.9312,76.2673,1.5,2018 Great Kerala Monsoon Flood,2018-08-01T17:00,0.0,1011.2,5.8,12.6,0.409,0.418,0.407
kochi_vembanad,Kochi,Kerala,West Coast (Arabian Sea),9.9312,76.2673,1.5,2018 Great Kerala Monsoon Flood,2018-08-01T18:00,0.2,1011.2,8.1,21.6,0.409,0.418,0.407
kochi_vembanad,Kochi,Kerala,West Coast (Arabian Sea),9.9312,76.2673,1.5,2018 Great Kerala Monsoon Flood,2018-08-01T19:00,0.7,1010.9,10.8,30.2,0.415,0.417,0.406
kochi_vembanad,Kochi,Kerala,West Coast (Arabian Sea),9.9312,76.2673,1.5,2018 Great Kerala Monsoon Flood,2018-08-01T20:00,1.0,1010.2,11.8,32.4,0.425,0.417,0.406
kochi_vembanad,Kochi,Kerala,West Coast (Arabian Sea),9.9312,76.2673,1.5,2018 Great Kerala Monsoon Flood,2018-08-01T21:00,0.1,1009.7,8.0,32.8,0.423,0.418,0.406
kochi_vembanad,Kochi,Kerala,West Coast (Arabian Sea),9.9312,76.2673,1.5,2018 Great Kerala Monsoon Flood,2018-08-01T22:00,0.4,1009.5,6.2,27.4,0.424,0.418,0.406
kochi_vembanad,Kochi,Kerala,West Coast (Arabian Sea),9.9312,76.2673,1.5,2018 Great Kerala Monsoon Flood,2018-08-01T23:00,0.2,1009.6,7.9,27.7,0.423,0.419,0.406
kochi_vembanad,Kochi,Kerala,West Coast (Arabian Sea),9.9312,76.2673,1.5,2018 Great Kerala Monsoon Flood,2018-08-02T00:00,0.2,1009.2,5.8,27.4,0.416,0.416,0.406
kochi_vembanad,Kochi,Kerala,West Coast (Arabian Sea),9.9312,76.2673,1.5,2018 Great Kerala Monsoon Flood,2018-08-02T01:00,0.3,1009.4,7.8,24.8,0.417,0.416,0.406
kochi_vembanad,Kochi,Kerala,West Coast (Arabian Sea),9.9312,76.2673,1.5,2018 Great Kerala Monsoon Flood,2018-08-02T02:00,0.1,1009.7,6.6,27.4,0.416,0.416,0.406
kochi_vembanad,Kochi,Kerala,West Coast (Arabian Sea),9.9312,76.2673,1.5,2018 Great Kerala Monsoon Flood,2018-08-02T03:00,0.1,1010.8,6.5,29.5,0.415,0.416,0.405
kochi_vembanad,Kochi,Kerala,West Coast (Arabian Sea),9.9312,76.2673,1.5,2018 Great Kerala Monsoon Flood,2018-08-02T04:00,0.1,1011.0,6.5,31.0,0.414,0.416,0.405
kochi_vembanad,Kochi,Kerala,West Coast (Arabian Sea),9.9312,76.2673,1.5,2018 Great Kerala Monsoon Flood,2018-08-02T05:00,0.2,1011.2,11.0,39.6,0.412,0.416,0.405
kochi_vembanad,Kochi,Kerala,West Coast (Arabian Sea),9.9312,76.2673,1.5,2018 Great Kerala Monsoon Flood,2018-08-02T06:00,0.0,1011.1,8.0,40.0,0.409,0.415,0.405
kochi_vembanad,Kochi,Kerala,West Coast (Arabian Sea),9.9312,76.2673,1.5,2018 Great Kerala Monsoon Flood,2018-08-02T07:00,0.1,1010.7,12.4,33.5,0.406,0.414,0.405
kochi_vembanad,Kochi,Kerala,West Coast (Arabian Sea),9.9312,76.2673,1.5,2018 Great Kerala Monsoon Flood,2018-08-02T08:00,0.0,1010.2,14.4,30.6,0.402,0.414,0.404
kochi_vembanad,Kochi,Kerala,West Coast (Arabian Sea),9.9312,76.2673,1.5,2018 Great Kerala Monsoon Flood,2018-08-02T09:00,0.0,1009.6,14.4,39.6,0.399,0.413,0.404
kochi_vembanad,Kochi,Kerala,West Coast (Arabian Sea),9.9312,76.2673,1.5,2018 Great Kerala Monsoon Flood,2018-08-02T10:00,0.1,1009.1,14.2,36.7,0.397,0.412,0.404
kochi_vembanad,Kochi,Kerala,West Coast (Arabian Sea),9.9312,76.2673,1.5,2018 Great Kerala Monsoon Flood,2018-08-02T11:00,0.0,1009.0,12.0,34.2,0.395,0.411,0.404
kochi_vembanad,Kochi,Kerala,West Coast (Arabian Sea),9.9312,76.2673,1.5,2018 Great Kerala Monsoon Flood,2018-08-02T12:00,0.0,1008.6,12.9,32.8,0.397,0.412,0.404
kochi_vembanad,Kochi,Kerala,West Coast (Arabian Sea),9.9312,76.2673,1.5,2018 Great Kerala Monsoon Flood,2018-08-02T13:00,0.0,1009.0,9.8,24.1,0.396,0.411,0.404
kochi_vembanad,Kochi,Kerala,West Coast (Arabian Sea),9.9312,76.2673,1.5,2018 Great Kerala Monsoon Flood,2018-08-02T14:00,0.0,1010.0,7.0,17.3,0.396,0.411,0.404
kochi_vembanad,Kochi,Kerala,West Coast (Arabian Sea),9.9312,76.2673,1.5,2018 Great Kerala Monsoon Flood,2018-08-02T15:00,0.2,1011.1,6.2,17.3,0.397,0.41,0.403
kochi_vembanad,Kochi,Kerala,West Coast (Arabian Sea),9.9312,76.2673,1.5,2018 Great Kerala Monsoon Flood,2018-08-02T16:00,1.2,1011.9,6.3,21.2,0.407,0.41,0.403
kochi_vembanad,Kochi,Kerala,West Coast (Arabian Sea),9.9312,76.2673,1.5,2018 Great Kerala Monsoon Flood,2018-08-02T17:00,0.6,1012.2,5.9,18.4,0.414,0.41,0.403
kochi_vembanad,Kochi,Kerala,West Coast (Arabian Sea),9.9312,76.2673,1.5,2018 Great Kerala Monsoon Flood,2018-08-02T18:00,1.0,1012.3,7.9,19.8,0.424,0.411,0.403
kochi_vembanad,Kochi,Kerala,West Coast (Arabian Sea),9.9312,76.2673,1.5,2018 Great Kerala Monsoon Flood,2018-08-02T19:00,0.1,1011.9,9.7,20.2,0.421,0.412,0.403
kochi_vembanad,Kochi,Kerala,West Coast (Arabian Sea),9.9312,76.2673,1.5,2018 Great Kerala Monsoon Flood,2018-08-02T20:00,0.9,1011.4,9.2,24.1,0.429,0.412,0.403
kochi_vembanad,Kochi,Kerala,West Coast (Arabian Sea),9.9312,76.2673,1.5,2018 Great Kerala Monsoon Flood,2018-08-02T21:00,0.8,1011.0,11.2,27.7,0.43,0.415,0.403
kochi_vembanad,Kochi,Kerala,West Coast (Arabian Sea),9.9312,76.2673,1.5,2018 Great Kerala Monsoon Flood,2018-08-02T22:00,0.4,1010.7,10.5,26.3,0.429,0.416,0.402
kochi_vembanad,Kochi,Kerala,West Coast (Arabian Sea),9.9312,76.2673,1.5,2018 Great Kerala Monsoon Flood,2018-08-02T23:00,1.0,1010.6,10.7,25.2,0.433,0.418,0.402
kochi_vembanad,Kochi,Kerala,West Coast (Arabian Sea),9.9312,76.2673,1.5,2018 Great Kerala Monsoon Flood,2018-08-03T00:00,0.3,1010.3,10.5,25.9,0.43,0.425,0.403
kochi_vembanad,Kochi,Kerala,West Coast (Arabian Sea),9.9312,76.2673,1.5,2018 Great Kerala Monsoon Flood,2018-08-03T01:00,0.2,1010.8,9.9,23.8,0.427,0.425,0.403
kochi_vembanad,Kochi,Kerala,West Coast (Arabian Sea),9.9312,76.2673,1.5,2018 Great Kerala Monsoon Flood,2018-08-03T02:00,0.8,1011.7,9.2,23.4,0.432,0.425,0.403
kochi_vembanad,Kochi,Kerala,West Coast (Arabian Sea),9.9312,76.2673,1.5,2018 Great Kerala Monsoon Flood,2018-08-03T03:00,0.6,1012.1,10.3,27.7,0.432,0.426,0.403
kochi_vembanad,Kochi,Kerala,West Coast (Arabian Sea),9.9312,76.2673,1.5,2018 Great Kerala Monsoon Flood,2018-08-03T04:00,0.3,1012.8,6.1,27.7,0.429,0.427,0.403
kochi_vembanad,Kochi,Kerala,West Coast (Arabian Sea),9.9312,76.2673,1.5,2018 Great Kerala Monsoon Flood,2018-08-03T05:00,0.3,1013.0,10.0,28.1,0.427,0.426,0.403
kochi_vembanad,Kochi,Kerala,West Coast (Arabian Sea),9.9312,76.2673,1.5,2018 Great Kerala Monsoon Flood,2018-08-03T06:00,0.2,1012.3,11.0,32.8,0.425,0.426,0.403
kochi_vembanad,Kochi,Kerala,West Coast (Arabian Sea),9.9312,76.2673,1.5,2018 Great Kerala Monsoon Flood,2018-08-03T07:00,0.2,1011.8,13.2,27.7,0.422,0.425,0.403
kochi_vembanad,Kochi,Kerala,West Coast (Arabian Sea),9.9312,76.2673,1.5,2018 Great Kerala Monsoon Flood,2018-08-03T08:00,0.1,1010.9,12.8,37.8,0.418,0.425,0.403
kochi_vembanad,Kochi,Kerala,West Coast (Arabian Sea),9.9312,76.2673,1.5,2018 Great Kerala Monsoon Flood,2018-08-03T09:00,0.0,1010.3,14.5,38.5,0.414,0.424,0.403
kochi_vembanad,Kochi,Kerala,West Coast (Arabian Sea),9.9312,76.2673,1.5,2018 Great Kerala Monsoon Flood,2018-08-03T10:00,0.0,1009.7,16.0,38.9,0.411,0.423,0.403
kochi_vembanad,Kochi,Kerala,West Coast (Arabian Sea),9.9312,76.2673,1.5,2018 Great Kerala Monsoon Flood,2018-08-03T11:00,0.1,1009.5,16.6,32.8,0.409,0.422,0.403
kochi_vembanad,Kochi,Kerala,West Coast (Arabian Sea),9.9312,76.2673,1.5,2018 Great Kerala Monsoon Flood,2018-08-03T12:00,0.0,1009.2,13.5,31.7,0.411,0.425,0.405
kochi_vembanad,Kochi,Kerala,West Coast (Arabian Sea),9.9312,76.2673,1.5,2018 Great Kerala Monsoon Flood,2018-08-03T13:00,0.0,1009.6,12.0,25.2,0.41,0.424,0.405
kochi_vembanad,Kochi,Kerala,West Coast (Arabian Sea),9.9312,76.2673,1.5,2018 Great Kerala Monsoon Flood,2018-08-03T14:00,0.0,1010.2,11.2,21.6,0.409,0.423,0.405
kochi_vembanad,Kochi,Kerala,West Coast (Arabian Sea),9.9312,76.2673,1.5,2018 Great Kerala Monsoon Flood,2018-08-03T15:00,0.0,1011.1,7.9,20.2,0.408,0.422,0.405
kochi_vembanad,Kochi,Kerala,West Coast (Arabian Sea),9.9312,76.2673,1.5,2018 Great Kerala Monsoon Flood,2018-08-03T16:00,0.0,1011.7,6.0,14.0,0.407,0.422,0.405
kochi_vembanad,Kochi,Kerala,West Coast (Arabian Sea),9.9312,76.2673,1.5,2018 Great Kerala Monsoon Flood,2018-08-03T17:00,0.0,1011.9,6.0,10.4,0.406,0.421,0.405
kochi_vembanad,Kochi,Kerala,West Coast (Arabian Sea),9.9312,76.2673,1.5,2018 Great Kerala Monsoon Flood,2018-08-03T18:00,0.0,1011.9,6.4,11.2,0.406,0.42,0.405
kochi_vembanad,Kochi,Kerala,West Coast (Arabian Sea),9.9312,76.2673,1.5,2018 Great Kerala Monsoon Flood,2018-08-03T19:00,0.1,1011.3,6.4,11.5,0.406,0.419,0.405
kochi_vembanad,Kochi,Kerala,West Coast (Arabian Sea),9.9312,76.2673,1.5,2018 Great Kerala Monsoon Flood,2018-08-03T20:00,0.2,1010.8,8.1,21.2,0.407,0.419,0.405
kochi_vembanad,Kochi,Kerala,West Coast (Arabian Sea),9.9312,76.2673,1.5,2018 Great Kerala Monsoon Flood,2018-08-03T21:00,0.2,1010.2,8.0,25.6,0.407,0.418,0.405
kochi_vembanad,Kochi,Kerala,West Coast (Arabian Sea),9.9312,76.2673,1.5,2018 Great Kerala Monsoon Flood,2018-08-03T22:00,0.3,1010.1,7.9,24.8,0.409,0.418,0.405
kochi_vembanad,Kochi,Kerala,West Coast (Arabian Sea),9.9312,76.2673,1.5,2018 Great Kerala Monsoon Flood,2018-08-03T23:00,0.1,1010.1,4.9,24.1,0.409,0.417,0.405
kochi_vembanad,Kochi,Kerala,West Coast (Arabian Sea),9.9312,76.2673,1.5,2018 Great Kerala Monsoon Flood,2018-08-04T00:00,0.6,1010.0,7.9,27.7,0.418,0.417,0.404
kochi_vembanad,Kochi,Kerala,West Coast (Arabian Sea),9.9312,76.2673,1.5,2018 Great Kerala Monsoon Flood,2018-08-04T01:00,0.5,1010.4,12.5,27.7,0.421,0.417,0.404
kochi_vembanad,Kochi,Kerala,West Coast (Arabian Sea),9.9312,76.2673,1.5,2018 Great Kerala Monsoon Flood,2018-08-04T02:00,0.3,1011.3,12.2,30.2,0.421,0.417,0.404
kochi_vembanad,Kochi,Kerala,West Coast (Arabian Sea),9.9312,76.2673,1.5,2018 Great Kerala Monsoon Flood,2018-08-04T03:00,0.2,1012.2,13.8,31.0,0.421,0.417,0.404
kochi_vembanad,Kochi,Kerala,West Coast (Arabian Sea),9.9312,76.2673,1.5,2018 Great Kerala Monsoon Flood,2018-08-04T04:00,0.5,1012.6,12.8,36.0,0.422,0.418,0.404
kochi_vembanad,Kochi,Kerala,West Coast (Arabian Sea),9.9312,76.2673,1.5,2018 Great Kerala Monsoon Flood,2018-08-04T05:00,0.1,1012.4,10.9,34.2,0.419,0.418,0.404
kochi_vembanad,Kochi,Kerala,West Coast (Arabian Sea),9.9312,76.2673,1.5,2018 Great Kerala Monsoon Flood,2018-08-04T06:00,0.1,1011.7,12.7,37.1,0.415,0.417,0.404
kochi_vembanad,Kochi,Kerala,West Coast (Arabian Sea),9.9312,76.2673,1.5,2018 Great Kerala Monsoon Flood,2018-08-04T07:00,0.1,1011.0,13.9,37.8,0.413,0.417,0.404
kochi_vembanad,Kochi,Kerala,West Coast (Arabian Sea),9.9312,76.2673,1.5,2018 Great Kerala Monsoon Flood,2018-08-04T08:00,0.3,1010.4,16.1,37.4,0.412,0.416,0.404
kochi_vembanad,Kochi,Kerala,West Coast (Arabian Sea),9.9312,76.2673,1.5,2018 Great Kerala Monsoon Flood,2018-08-04T09:00,0.2,1009.9,15.3,40.3,0.41,0.416,0.403
kochi_vembanad,Kochi,Kerala,West Coast (Arabian Sea),9.9312,76.2673,1.5,2018 Great Kerala Monsoon Flood,2018-08-04T10:00,0.0,1009.2,16.7,33.8,0.407,0.415,0.403
kochi_vembanad,Kochi,Kerala,West Coast (Arabian Sea),9.9312,76.2673,1.5,2018 Great Kerala Monsoon Flood,2018-08-04T11:00,0.0,1009.2,16.3,33.8,0.405,0.414,0.403
kochi_vembanad,Kochi,Kerala,West Coast (Arabian Sea),9.9312,76.2673,1.5,2018 Great Kerala Monsoon Flood,2018-08-04T12:00,0.0,1009.3,14.6,32.8,0.41,0.418,0.404
kochi_vembanad,Kochi,Kerala,West Coast (Arabian Sea),9.9312,76.2673,1.5,2018 Great Kerala Monsoon Flood,2018-08-04T13:00,0.0,1009.7,11.5,26.6,0.408,0.418,0.404
kochi_vembanad,Kochi,Kerala,West Coast (Arabian Sea),9.9312,76.2673,1.5,2018 Great Kerala Monsoon Flood,2018-08-04T14:00,0.0,1010.1,10.4,20.5,0.407,0.417,0.404
kochi_vembanad,Kochi,Kerala,West Coast (Arabian Sea),9.9312,76.2673,1.5,2018 Great Kerala Monsoon Flood,2018-08-04T15:00,0.0,1011.1,8.5,18.0,0.406,0.417,0.403
kochi_vembanad,Kochi,Kerala,West Coast (Arabian Sea),9.9312,76.2673,1.5,2018 Great Kerala Monsoon Flood,2018-08-04T16:00,0.0,1011.7,7.9,14.8,0.405,0.416,0.403
kochi_vembanad,Kochi,Kerala,West Coast (Arabian Sea),9.9312,76.2673,1.5,2018 Great Kerala Monsoon Flood,2018-08-04T17:00,0.1,1012.0,9.5,16.9,0.405,0.416,0.403
kochi_vembanad,Kochi,Kerala,West Coast (Arabian Sea),9.9312,76.2673,1.5,2018 Great Kerala Monsoon Flood,2018-08-04T18:00,0.0,1012.1,10.0,17.6,0.404,0.415,0.403
kochi_vembanad,Kochi,Kerala,West Coast (Arabian Sea),9.9312,76.2673,1.5,2018 Great Kerala Monsoon Flood,2018-08-04T19:00,0.2,1011.6,11.9,28.1,0.406,0.415,0.403
kochi_vembanad,Kochi,Kerala,West Coast (Arabian Sea),9.9312,76.2673,1.5,2018 Great Kerala Monsoon Flood,2018-08-04T20:00,0.4,1011.1,12.1,28.1,0.408,0.415,0.403
kochi_vembanad,Kochi,Kerala,West Coast (Arabian Sea),9.9312,76.2673,1.5,2018 Great Kerala Monsoon Flood,2018-08-04T21:00,0.3,1010.6,15.3,31.3,0.41,0.414,0.403
kochi_vembanad,Kochi,Kerala,West Coast (Arabian Sea),9.9312,76.2673,1.5,2018 Great Kerala Monsoon Flood,2018-08-04T22:00,0.0,1010.5,9.5,27.0,0.409,0.414,0.403
kochi_vembanad,Kochi,Kerala,West Coast (Arabian Sea),9.9312,76.2673,1.5,2018 Great Kerala Monsoon Flood,2018-08-04T23:00,0.1,1010.5,9.7,16.6,0.408,0.414,0.403
kochi_vembanad,Kochi,Kerala,West Coast (Arabian Sea),9.9312,76.2673,1.5,2018 Great Kerala Monsoon Flood,2018-08-05T00:00,0.0,1010.4,12.1,17.6,0.41,0.414,0.403
kochi_vembanad,Kochi,Kerala,West Coast (Arabian Sea),9.9312,76.2673,1.5,2018 Great Kerala Monsoon Flood,2018-08-05T01:00,0.2,1010.5,11.2,25.9,0.411,0.414,0.403
kochi_vembanad,Kochi,Kerala,West Coast (Arabian Sea),9.9312,76.2673,1.5,2018 Great Kerala Monsoon Flood,2018-08-05T02:00,0.1,1010.9,10.6,26.6,0.411,0.413,0.403
kochi_vembanad,Kochi,Kerala,West Coast (Arabian Sea),9.9312,76.2673,1.5,2018 Great Kerala Monsoon Flood,2018-08-05T03:00,0.0,1011.7,11.0,29.5,0.41,0.413,0.402
kochi_vembanad,Kochi,Kerala,West Coast (Arabian Sea),9.9312,76.2673,1.5,2018 Great Kerala Monsoon Flood,2018-08-05T04:00,0.1,1012.0,11.5,33.1,0.409,0.413,0.402
kochi_vembanad,Kochi,Kerala,West Coast (Arabian Sea),9.9312,76.2673,1.5,2018 Great Kerala Monsoon Flood,2018-08-05T05:00,0.1,1011.9,13.7,39.2,0.407,0.412,0.402
kochi_vembanad,Kochi,Kerala,West Coast (Arabian Sea),9.9312,76.2673,1.5,2018 Great Kerala Monsoon Flood,2018-08-05T06:00,0.1,1011.3,16.3,40.0,0.404,0.412,0.402
kochi_vembanad,Kochi,Kerala,West Coast (Arabian Sea),9.9312,76.2673,1.5,2018 Great Kerala Monsoon Flood,2018-08-05T07:00,0.4,1010.7,18.2,37.1,0.403,0.411,0.402
kochi_vembanad,Kochi,Kerala,West Coast (Arabian Sea),9.9312,76.2673,1.5,2018 Great Kerala Monsoon Flood,2018-08-05T08:00,0.6,1010.3,20.8,48.6,0.405,0.41,0.401
kochi_vembanad,Kochi,Kerala,West Coast (Arabian Sea),9.9312,76.2673,1.5,2018 Great Kerala Monsoon Flood,2018-08-05T09:00,0.4,1009.6,23.2,48.2,0.405,0.41,0.401
kochi_vembanad,Kochi,Kerala,West Coast (Arabian Sea),9.9312,76.2673,1.5,2018 Great Kerala Monsoon Flood,2018-08-05T10:00,0.1,1009.2,22.2,45.4,0.404,0.409,0.401
kochi_vembanad,Kochi,Kerala,West Coast (Arabian Sea),9.9312,76.2673,1.5,2018 Great Kerala Monsoon Flood,2018-08-05T11:00,0.1,1009.2,21.6,42.1,0.402,0.409,0.401
kochi_vembanad,Kochi,Kerala,West Coast (Arabian Sea),9.9312,76.2673,1.5,2018 Great Kerala Monsoon Flood,2018-08-05T12:00,0.2,1009.3,18.4,40.3,0.396,0.407,0.401
kochi_vembanad,Kochi,Kerala,West Coast (Arabian Sea),9.9312,76.2673,1.5,2018 Great Kerala Monsoon Flood,2018-08-05T13:00,0.1,1009.6,16.6,33.1,0.396,0.407,0.4
kochi_vembanad,Kochi,Kerala,West Coast (Arabian Sea),9.9312,76.2673,1.5,2018 Great Kerala Monsoon Flood,2018-08-05T14:00,0.0,1010.2,15.9,29.5,0.395,0.407,0.4
kochi_vembanad,Kochi,Kerala,West Coast (Arabian Sea),9.9312,76.2673,1.5,2018 Great Kerala Monsoon Flood,2018-08-05T15:00,0.1,1011.1,14.8,32.0,0.396,0.406,0.4
kochi_vembanad,Kochi,Kerala,West Coast (Arabian Sea),9.9312,76.2673,1.5,2018 Great Kerala Monsoon Flood,2018-08-05T16:00,0.2,1011.9,12.2,30.6,0.397,0.406,0.4
kochi_vembanad,Kochi,Kerala,West Coast (Arabian Sea),9.9312,76.2673,1.5,2018 Great Kerala Monsoon Flood,2018-08-05T17:00,0.0,1012.5,10.6,27.0,0.396,0.406,0.4
kochi_vembanad,Kochi,Kerala,West Coast (Arabian Sea),9.9312,76.2673,1.5,2018 Great Kerala Monsoon Flood,2018-08-05T18:00,0.1,1012.6,12.6,27.4,0.397,0.406,0.4
kochi_vembanad,Kochi,Kerala,West Coast (Arabian Sea),9.9312,76.2673,1.5,2018 Great Kerala Monsoon Flood,2018-08-05T19:00,0.0,1011.8,11.4,25.9,0.397,0.405,0.399
kochi_vembanad,Kochi,Kerala,West Coast (Arabian Sea),9.9312,76.2673,1.5,2018 Great Kerala Monsoon Flood,2018-08-05T20:00,0.2,1011.1,14.6,28.1,0.398,0.405,0.399
kochi_vembanad,Kochi,Kerala,West Coast (Arabian Sea),9.9312,76.2673,1.5,2018 Great Kerala Monsoon Flood,2018-08-05T21:00,0.7,1010.6,19.7,33.5,0.404,0.405,0.399
kochi_vembanad,Kochi,Kerala,West Coast (Arabian Sea),9.9312,76.2673,1.5,2018 Great Kerala Monsoon Flood,2018-08-05T22:00,0.2,1010.2,19.4,35.6,0.405,0.405,0.399
kochi_vembanad,Kochi,Kerala,West Coast (Arabian Sea),9.9312,76.2673,1.5,2018 Great Kerala Monsoon Flood,2018-08-05T23:00,0.9,1010.1,17.9,40.0,0.415,0.405,0.399
kochi_vembanad,Kochi,Kerala,West Coast (Arabian Sea),9.9312,76.2673,1.5,2018 Great Kerala Monsoon Flood,2018-08-06T00:00,0.2,1009.7,13.9,36.7,0.42,0.407,0.399
kochi_vembanad,Kochi,Kerala,West Coast (Arabian Sea),9.9312,76.2673,1.5,2018 Great Kerala Monsoon Flood,2018-08-06T01:00,0.3,1009.8,14.1,34.6,0.42,0.408,0.398
kochi_vembanad,Kochi,Kerala,West Coast (Arabian Sea),9.9312,76.2673,1.5,2018 Great Kerala Monsoon Flood,2018-08-06T02:00,0.1,1010.0,11.8,31.3,0.418,0.409,0.398
kochi_vembanad,Kochi,Kerala,West Coast (Arabian Sea),9.9312,76.2673,1.5,2018 Great Kerala Monsoon Flood,2018-08-06T03:00,1.2,1011.1,12.0,38.2,0.428,0.41,0.398
kochi_vembanad,Kochi,Kerala,West Coast (Arabian Sea),9.9312,76.2673,1.5,2018 Great Kerala Monsoon Flood,2018-08-06T04:00,0.3,1011.6,13.5,35.6,0.425,0.411,0.398
kochi_vembanad,Kochi,Kerala,West Coast (Arabian Sea),9.9312,76.2673,1.5,2018 Great Kerala Monsoon Flood,2018-08-06T05:00,0.4,1011.6,7.3,39.2,0.423,0.412,0.398
kochi_vembanad,Kochi,Kerala,West Coast (Arabian Sea),9.9312,76.2673,1.5,2018 Great Kerala Monsoon Flood,2018-08-06T06:00,0.2,1011.2,12.1,37.1,0.42,0.412,0.398
kochi_vembanad,Kochi,Kerala,West Coast (Arabian Sea),9.9312,76.2673,1.5,2018 Great Kerala Monsoon Flood,2018-08-06T07:00,0.1,1010.2,16.7,41.8,0.415,0.412,0.398
kochi_vembanad,Kochi,Kerala,West Coast (Arabian Sea),9.9312,76.2673,1.5,2018 Great Kerala Monsoon Flood,2018-08-06T08:00,0.1,1009.9,19.6,43.6,0.411,0.412,0.397
kochi_vembanad,Kochi,Kerala,West Coast (Arabian Sea),9.9312,76.2673,1.5,2018 Great Kerala Monsoon Flood,2018-08-06T09:00,0.2,1009.2,19.3,43.9,0.409,0.411,0.397
kochi_vembanad,Kochi,Kerala,West Coast (Arabian Sea),9.9312,76.2673,1.5,2018 Great Kerala Monsoon Flood,2018-08-06T10:00,0.1,1008.4,20.5,45.0,0.406,0.411,0.397
kochi_vembanad,Kochi,Kerala,West Coast (Arabian Sea),9.9312,76.2673,1.5,2018 Great Kerala Monsoon Flood,2018-08-06T11:00,0.0,1008.2,20.2,46.8,0.403,0.41,0.397
kochi_vembanad,Kochi,Kerala,West Coast (Arabian Sea),9.9312,76.2673,1.5,2018 Great Kerala Monsoon Flood,2018-08-06T12:00,0.0,1008.2,17.4,40.7,0.409,0.41,0.397
kochi_vembanad,Kochi,Kerala,West Coast (Arabian Sea),9.9312,76.2673,1.5,2018 Great Kerala Monsoon Flood,2018-08-06T13:00,0.0,1008.7,13.9,35.3,0.407,0.41,0.397
kochi_vembanad,Kochi,Kerala,West Coast (Arabian Sea),9.9312,76.2673,1.5,2018 Great Kerala Monsoon Flood,2018-08-06T14:00,0.0,1009.4,15.3,28.4,0.406,0.41,0.397
kochi_vembanad,Kochi,Kerala,West Coast (Arabian Sea),9.9312,76.2673,1.5,2018 Great Kerala Monsoon Flood,2018-08-06T15:00,0.0,1010.1,13.8,28.8,0.405,0.41,0.397
kochi_vembanad,Kochi,Kerala,West Coast (Arabian Sea),9.9312,76.2673,1.5,2018 Great Kerala Monsoon Flood,2018-08-06T16:00,0.0,1010.7,14.5,28.4,0.404,0.409,0.396
kochi_vembanad,Kochi,Kerala,West Coast (Arabian Sea),9.9312,76.2673,1.5,2018 Great Kerala Monsoon Flood,2018-08-06T17:00,0.0,1010.8,16.4,28.1,0.402,0.409,0.396
kochi_vembanad,Kochi,Kerala,West Coast (Arabian Sea),9.9312,76.2673,1.5,2018 Great Kerala Monsoon Flood,2018-08-06T18:00,0.0,1010.6,16.6,33.1,0.401,0.409,0.396
kochi_vembanad,Kochi,Kerala,West Coast (Arabian Sea),9.9312,76.2673,1.5,2018 Great Kerala Monsoon Flood,2018-08-06T19:00,0.1,1009.6,19.7,37.1,0.402,0.409,0.396
kochi_vembanad,Kochi,Kerala,West Coast (Arabian Sea),9.9312,76.2673,1.5,2018 Great Kerala Monsoon Flood,2018-08-06T20:00,0.8,1009.2,19.3,41.8,0.408,0.408,0.396
kochi_vembanad,Kochi,Kerala,West Coast (Arabian Sea),9.9312,76.2673,1.5,2018 Great Kerala Monsoon Flood,2018-08-06T21:00,0.2,1008.6,17.1,40.0,0.409,0.408,0.396
kochi_vembanad,Kochi,Kerala,West Coast (Arabian Sea),9.9312,76.2673,1.5,2018 Great Kerala Monsoon Flood,2018-08-06T22:00,0.4,1008.2,16.4,38.5,0.411,0.408,0.396
kochi_vembanad,Kochi,Kerala,West Coast (Arabian Sea),9.9312,76.2673,1.5,2018 Great Kerala Monsoon Flood,2018-08-06T23:00,0.6,1008.2,13.8,41.4,0.416,0.409,0.396
kochi_vembanad,Kochi,Kerala,West Coast (Arabian Sea),9.9312,76.2673,1.5,2018 Great Kerala Monsoon Flood,2018-08-07T00:00,0.5,1008.1,15.9,43.6,0.424,0.41,0.395
kochi_vembanad,Kochi,Kerala,West Coast (Arabian Sea),9.9312,76.2673,1.5,2018 Great Kerala Monsoon Flood,2018-08-07T01:00,0.4,1008.5,15.1,35.3,0.424,0.411,0.395
kochi_vembanad,Kochi,Kerala,West Coast (Arabian Sea),9.9312,76.2673,1.5,2018 Great Kerala Monsoon Flood,2018-08-07T02:00,1.2,1008.9,16.1,37.4,0.43,0.413,0.395
kochi_vembanad,Kochi,Kerala,West Coast (Arabian Sea),9.9312,76.2673,1.5,2018 Great Kerala Monsoon Flood,2018-08-07T03:00,0.9,1009.7,12.9,38.9,0.431,0.416,0.395
kochi_vembanad,Kochi,Kerala,West Coast (Arabian Sea),9.9312,76.2673,1.5,2018 Great Kerala Monsoon Flood,2018-08-07T04:00,0.5,1010.2,16.9,41.0,0.428,0.417,0.395
kochi_vembanad,Kochi,Kerala,West Coast (Arabian Sea),9.9312,76.2673,1.5,2018 Great Kerala Monsoon Flood,2018-08-07T05:00,0.9,1010.2,13.8,42.1,0.43,0.419,0.395
kochi_vembanad,Kochi,Kerala,West Coast (Arabian Sea),9.9312,76.2673,1.5,2018 Great Kerala Monsoon Flood,2018-08-07T06:00,0.4,1009.6,13.8,38.5,0.427,0.419,0.395
kochi_vembanad,Kochi,Kerala,West Coast (Arabian Sea),9.9312,76.2673,1.5,2018 Great Kerala Monsoon Flood,2018-08-07T07:00,1.0,1009.2,16.5,45.0,0.43,0.42,0.395
kochi_vembanad,Kochi,Kerala,West Coast (Arabian Sea),9.9312,76.2673,1.5,2018 Great Kerala Monsoon Flood,2018-08-07T08:00,0.3,1008.2,19.1,46.8,0.427,0.421,0.395
kochi_vembanad,Kochi,Kerala,West Coast (Arabian Sea),9.9312,76.2673,1.5,2018 Great Kerala Monsoon Flood,2018-08-07T09:00,2.8,1007.8,16.8,50.4,0.436,0.427,0.395
kochi_vembanad,Kochi,Kerala,West Coast (Arabian Sea),9.9312,76.2673,1.5,2018 Great Kerala Monsoon Flood,2018-08-07T10:00,0.3,1007.5,15.8,41.0,0.431,0.427,0.395
kochi_vembanad,Kochi,Kerala,West Coast (Arabian Sea),9.9312,76.2673,1.5,2018 Great Kerala Monsoon Flood,2018-08-07T11:00,0.7,1007.4,14.2,40.3,0.432,0.428,0.396
kochi_vembanad,Kochi,Kerala,West Coast (Arabian Sea),9.9312,76.2673,1.5,2018 Great Kerala Monsoon Flood,2018-08-07T12:00,0.8,1007.0,17.3,47.5,0.434,0.433,0.397
kochi_vembanad,Kochi,Kerala,West Coast (Arabian Sea),9.9312,76.2673,1.5,2018 Great Kerala Monsoon Flood,2018-08-07T13:00,0.4,1007.8,12.5,38.2,0.433,0.432,0.398
kochi_vembanad,Kochi,Kerala,West Coast (Arabian Sea),9.9312,76.2673,1.5,2018 Great Kerala Monsoon Flood,2018-08-07T14:00,0.6,1008.1,14.4,36.4,0.434,0.432,0.398
kochi_vembanad,Kochi,Kerala,West Coast (Arabian Sea),9.9312,76.2673,1.5,2018 Great Kerala Monsoon Flood,2018-08-07T15:00,0.4,1009.0,12.6,37.1,0.432,0.431,0.399
kochi_vembanad,Kochi,Kerala,West Coast (Arabian Sea),9.9312,76.2673,1.5,2018 Great Kerala Monsoon Flood,2018-08-07T16:00,0.6,1009.6,13.3,39.2,0.433,0.431,0.399
kochi_vembanad,Kochi,Kerala,West Coast (Arabian Sea),9.9312,76.2673,1.5,2018 Great Kerala Monsoon Flood,2018-08-07T17:00,0.5,1009.7,11.7,36.0,0.433,0.431,0.4
kochi_vembanad,Kochi,Kerala,West Coast (Arabian Sea),9.9312,76.2673,1.5,2018 Great Kerala Monsoon Flood,2018-08-07T18:00,2.1,1009.6,15.1,40.3,0.437,0.435,0.4
kochi_vembanad,Kochi,Kerala,West Coast (Arabian Sea),9.9312,76.2673,1.5,2018 Great Kerala Monsoon Flood,2018-08-07T19:00,1.4,1008.8,13.2,40.3,0.438,0.437,0.401
kochi_vembanad,Kochi,Kerala,West Coast (Arabian Sea),9.9312,76.2673,1.5,2018 Great Kerala Monsoon Flood,2018-08-07T20:00,1.1,1008.2,12.3,38.9,0.436,0.436,0.403
kochi_vembanad,Kochi,Kerala,West Coast (Arabian Sea),9.9312,76.2673,1.5,2018 Great Kerala Monsoon Flood,2018-08-07T21:00,1.2,1007.8,10.8,38.9,0.435,0.437,0.404
kochi_vembanad,Kochi,Kerala,West Coast (Arabian Sea),9.9312,76.2673,1.5,2018 Great Kerala Monsoon Flood,2018-08-07T22:00,0.7,1007.5,9.7,36.4,0.435,0.436,0.405
kochi_vembanad,Kochi,Kerala,West Coast (Arabian Sea),9.9312,76.2673,1.5,2018 Great Kerala Monsoon Flood,2018-08-07T23:00,1.2,1007.6,11.1,32.0,0.438,0.436,0.406
kochi_vembanad,Kochi,Kerala,West Coast (Arabian Sea),9.9312,76.2673,1.5,2018 Great Kerala Monsoon Flood,2018-08-08T00:00,1.2,1006.9,9.5,36.0,0.436,0.436,0.408
kochi_vembanad,Kochi,Kerala,West Coast (Arabian Sea),9.9312,76.2673,1.5,2018 Great Kerala Monsoon Flood,2018-08-08T01:00,2.0,1007.5,15.3,37.4,0.434,0.437,0.41
kochi_vembanad,Kochi,Kerala,West Coast (Arabian Sea),9.9312,76.2673,1.5,2018 Great Kerala Monsoon Flood,2018-08-08T02:00,2.7,1008.4,9.5,37.8,0.432,0.438,0.412
kochi_vembanad,Kochi,Kerala,West Coast (Arabian Sea),9.9312,76.2673,1.5,2018 Great Kerala Monsoon Flood,2018-08-08T03:00,1.1,1009.1,11.2,35.6,0.436,0.436,0.414
kochi_vembanad,Kochi,Kerala,West Coast (Arabian Sea),9.9312,76.2673,1.5,2018 Great Kerala Monsoon Flood,2018-08-08T04:00,0.7,1009.7,8.0,34.9,0.435,0.435,0.415
kochi_vembanad,Kochi,Kerala,West Coast (Arabian Sea),9.9312,76.2673,1.5,2018 Great Kerala Monsoon Flood,2018-08-08T05:00,1.5,1009.8,10.5,34.6,0.437,0.437,0.415
kochi_vembanad,Kochi,Kerala,West Coast (Arabian Sea),9.9312,76.2673,1.5,2018 Great Kerala Monsoon Flood,2018-08-08T06:00,0.7,1009.4,10.5,35.3,0.435,0.436,0.416
kochi_vembanad,Kochi,Kerala,West Coast (Arabian Sea),9.9312,76.2673,1.5,2018 Great Kerala Monsoon Flood,2018-08-08T07:00,0.7,1008.9,14.4,41.8,0.434,0.435,0.417
kochi_vembanad,Kochi,Kerala,West Coast (Arabian Sea),9.9312,76.2673,1.5,2018 Great Kerala Monsoon Flood,2018-08-08T08:00,1.1,1008.0,14.5,45.7,0.432,0.436,0.418
kochi_vembanad,Kochi,Kerala,West Coast (Arabian Sea),9.9312,76.2673,1.5,2018 Great Kerala Monsoon Flood,2018-08-08T09:00,1.0,1007.5,20.1,48.2,0.436,0.435,0.418
kochi_vembanad,Kochi,Kerala,West Coast (Arabian Sea),9.9312,76.2673,1.5,2018 Great Kerala Monsoon Flood,2018-08-08T10:00,0.6,1007.3,18.0,51.1,0.433,0.435,0.419
kochi_vembanad,Kochi,Kerala,West Coast (Arabian Sea),9.9312,76.2673,1.5,2018 Great Kerala Monsoon Flood,2018-08-08T11:00,2.1,1007.2,18.0,49.7,0.433,0.438,0.42
kochi_vembanad,Kochi,Kerala,West Coast (Arabian Sea),9.9312,76.2673,1.5,2018 Great Kerala Monsoon Flood,2018-08-08T12:00,0.2,1006.4,18.3,47.5,0.433,0.434,0.419
kochi_vembanad,Kochi,Kerala,West Coast (Arabian Sea),9.9312,76.2673,1.5,2018 Great Kerala Monsoon Flood,2018-08-08T13:00,1.5,1007.1,13.0,46.8,0.437,0.436,0.42
kochi_vembanad,Kochi,Kerala,West Coast (Arabian Sea),9.9312,76.2673,1.5,2018 Great Kerala Monsoon Flood,2018-08-08T14:00,1.4,1008.1,10.9,38.2,0.439,0.438,0.421
kochi_vembanad,Kochi,Kerala,West Coast (Arabian Sea),9.9312,76.2673,1.5,2018 Great Kerala Monsoon Flood,2018-08-08T15:00,2.0,1009.1,9.3,32.8,0.428,0.438,0.424
kochi_vembanad,Kochi,Kerala,West Coast (Arabian Sea),9.9312,76.2673,1.5,2018 Great Kerala Monsoon Flood,2018-08-08T16:00,1.9,1009.9,6.6,28.8,0.437,0.438,0.425
kochi_vembanad,Kochi,Kerala,West Coast (Arabian Sea),9.9312,76.2673,1.5,2018 Great Kerala Monsoon Flood,2018-08-08T17:00,2.5,1010.3,13.9,32.0,0.439,0.438,0.427
kochi_vembanad,Kochi,Kerala,West Coast (Arabian Sea),9.9312,76.2673,1.5,2018 Great Kerala Monsoon Flood,2018-08-08T18:00,2.0,1010.4,14.8,41.0,0.439,0.437,0.43
kochi_vembanad,Kochi,Kerala,West Coast (Arabian Sea),9.9312,76.2673,1.5,2018 Great Kerala Monsoon Flood,2018-08-08T19:00,3.2,1009.9,10.4,32.8,0.432,0.438,0.433
kochi_vembanad,Kochi,Kerala,West Coast (Arabian Sea),9.9312,76.2673,1.5,2018 Great Kerala Monsoon Flood,2018-08-08T20:00,1.9,1009.4,11.4,36.0,0.439,0.439,0.434
kochi_vembanad,Kochi,Kerala,West Coast (Arabian Sea),9.9312,76.2673,1.5,2018 Great Kerala Monsoon Flood,2018-08-08T21:00,2.1,1008.7,7.9,32.8,0.432,0.438,0.436
kochi_vembanad,Kochi,Kerala,West Coast (Arabian Sea),9.9312,76.2673,1.5,2018 Great Kerala Monsoon Flood,2018-08-08T22:00,0.6,1008.5,12.0,19.8,0.433,0.436,0.436
kochi_vembanad,Kochi,Kerala,West Coast (Arabian Sea),9.9312,76.2673,1.5,2018 Great Kerala Monsoon Flood,2018-08-08T23:00,2.0,1008.8,12.2,33.8,0.426,0.438,0.438
kochi_vembanad,Kochi,Kerala,West Coast (Arabian Sea),9.9312,76.2673,1.5,2018 Great Kerala Monsoon Flood,2018-08-09T00:00,2.2,1009.1,12.1,34.2,0.434,0.439,0.428
kochi_vembanad,Kochi,Kerala,West Coast (Arabian Sea),9.9312,76.2673,1.5,2018 Great Kerala Monsoon Flood,2018-08-09T01:00,0.7,1009.4,15.0,39.6,0.43,0.437,0.43
kochi_vembanad,Kochi,Kerala,West Coast (Arabian Sea),9.9312,76.2673,1.5,2018 Great Kerala Monsoon Flood,2018-08-09T02:00,0.2,1009.9,16.1,38.9,0.428,0.435,0.43
kochi_vembanad,Kochi,Kerala,West Coast (Arabian Sea),9.9312,76.2673,1.5,2018 Great Kerala Monsoon Flood,2018-08-09T03:00,0.1,1010.7,7.4,28.4,0.424,0.434,0.43
kochi_vembanad,Kochi,Kerala,West Coast (Arabian Sea),9.9312,76.2673,1.5,2018 Great Kerala Monsoon Flood,2018-08-09T04:00,0.0,1011.3,8.4,33.5,0.42,0.433,0.43
kochi_vembanad,Kochi,Kerala,West Coast (Arabian Sea),9.9312,76.2673,1.5,2018 Great Kerala Monsoon Flood,2018-08-09T05:00,0.4,1011.4,10.5,40.3,0.42,0.431,0.431
kochi_vembanad,Kochi,Kerala,West Coast (Arabian Sea),9.9312,76.2673,1.5,2018 Great Kerala Monsoon Flood,2018-08-09T06:00,0.2,1010.9,10.7,40.0,0.418,0.43,0.43
kochi_vembanad,Kochi,Kerala,West Coast (Arabian Sea),9.9312,76.2673,1.5,2018 Great Kerala Monsoon Flood,2018-08-09T07:00,0.2,1010.8,14.0,39.6,0.416,0.429,0.43
kochi_vembanad,Kochi,Kerala,West Coast (Arabian Sea),9.9312,76.2673,1.5,2018 Great Kerala Monsoon Flood,2018-08-09T08:00,0.2,1009.8,15.0,37.1,0.414,0.428,0.43
kochi_vembanad,Kochi,Kerala,West Coast (Arabian Sea),9.9312,76.2673,1.5,2018 Great Kerala Monsoon Flood,2018-08-09T09:00,0.3,1009.3,13.8,38.5,0.413,0.427,0.43
kochi_vembanad,Kochi,Kerala,West Coast (Arabian Sea),9.9312,76.2673,1.5,2018 Great Kerala Monsoon Flood,2018-08-09T10:00,0.3,1009.0,16.8,38.5,0.413,0.425,0.43
kochi_vembanad,Kochi,Kerala,West Coast (Arabian Sea),9.9312,76.2673,1.5,2018 Great Kerala Monsoon Flood,2018-08-09T11:00,0.4,1009.0,15.3,46.4,0.415,0.424,0.43
kochi_vembanad,Kochi,Kerala,West Coast (Arabian Sea),9.9312,76.2673,1.5,2018 Great Kerala Monsoon Flood,2018-08-09T12:00,0.4,1008.8,9.5,43.9,0.421,0.425,0.43
kochi_vembanad,Kochi,Kerala,West Coast (Arabian Sea),9.9312,76.2673,1.5,2018 Great Kerala Monsoon Flood,2018-08-09T13:00,0.3,1009.5,10.6,28.1,0.421,0.425,0.43
kochi_vembanad,Kochi,Kerala,West Coast (Arabian Sea),9.9312,76.2673,1.5,2018 Great Kerala Monsoon Flood,2018-08-09T14:00,0.0,1010.0,6.1,18.7,0.418,0.424,0.43
kochi_vembanad,Kochi,Kerala,West Coast (Arabian Sea),9.9312,76.2673,1.5,2018 Great Kerala Monsoon Flood,2018-08-09T15:00,0.1,1010.9,7.2,18.7,0.417,0.423,0.43
kochi_vembanad,Kochi,Kerala,West Coast (Arabian Sea),9.9312,76.2673,1.5,2018 Great Kerala Monsoon Flood,2018-08-09T16:00,0.2,1011.8,5.8,21.6,0.417,0.422,0.43
kochi_vembanad,Kochi,Kerala,West Coast (Arabian Sea),9.9312,76.2673,1.5,2018 Great Kerala Monsoon Flood,2018-08-09T17:00,0.2,1012.3,7.9,22.0,0.417,0.422,0.43
kochi_vembanad,Kochi,Kerala,West Coast (Arabian Sea),9.9312,76.2673,1.5,2018 Great Kerala Monsoon Flood,2018-08-09T18:00,0.9,1012.4,11.2,29.9,0.425,0.422,0.43
kochi_vembanad,Kochi,Kerala,West Coast (Arabian Sea),9.9312,76.2673,1.5,2018 Great Kerala Monsoon Flood,2018-08-09T19:00,1.3,1011.9,11.5,29.9,0.435,0.423,0.43
kochi_vembanad,Kochi,Kerala,West Coast (Arabian Sea),9.9312,76.2673,1.5,2018 Great Kerala Monsoon Flood,2018-08-09T20:00,0.8,1011.2,12.5,30.6,0.435,0.425,0.43
kochi_vembanad,Kochi,Kerala,West Coast (Arabian Sea),9.9312,76.2673,1.5,2018 Great Kerala Monsoon Flood,2018-08-09T21:00,1.4,1010.8,11.2,30.6,0.438,0.429,0.43
kochi_vembanad,Kochi,Kerala,West Coast (Arabian Sea),9.9312,76.2673,1.5,2018 Great Kerala Monsoon Flood,2018-08-09T22:00,1.0,1010.5,9.2,30.6,0.436,0.433,0.43
kochi_vembanad,Kochi,Kerala,West Coast (Arabian Sea),9.9312,76.2673,1.5,2018 Great Kerala Monsoon Flood,2018-08-09T23:00,1.5,1010.6,7.2,31.7,0.433,0.438,0.43
kochi_vembanad,Kochi,Kerala,West Coast (Arabian Sea),9.9312,76.2673,1.5,2018 Great Kerala Monsoon Flood,2018-08-10T00:00,0.5,1010.4,10.0,33.1,0.429,0.437,0.433
kochi_vembanad,Kochi,Kerala,West Coast (Arabian Sea),9.9312,76.2673,1.5,2018 Great Kerala Monsoon Flood,2018-08-10T01:00,0.8,1010.8,11.0,31.0,0.433,0.436,0.433
kochi_vembanad,Kochi,Kerala,West Coast (Arabian Sea),9.9312,76.2673,1.5,2018 Great Kerala Monsoon Flood,2018-08-10T02:00,0.4,1011.5,9.7,31.3,0.431,0.435,0.433
kochi_vembanad,Kochi,Kerala,West Coast (Arabian Sea),9.9312,76.2673,1.5,2018 Great Kerala Monsoon Flood,2018-08-10T03:00,0.4,1012.4,11.2,35.3,0.429,0.435,0.433
kochi_vembanad,Kochi,Kerala,West Coast (Arabian Sea),9.9312,76.2673,1.5,2018 Great Kerala Monsoon Flood,2018-08-10T04:00,0.2,1012.7,9.4,35.6,0.426,0.434,0.434
kochi_vembanad,Kochi,Kerala,West Coast (Arabian Sea),9.9312,76.2673,1.5,2018 Great Kerala Monsoon Flood,2018-08-10T05:00,0.4,1012.7,15.2,43.6,0.425,0.433,0.433
kochi_vembanad,Kochi,Kerala,West Coast (Arabian Sea),9.9312,76.2673,1.5,2018 Great Kerala Monsoon Flood,2018-08-10T06:00,1.4,1012.5,12.3,44.6,0.433,0.433,0.433
kochi_vembanad,Kochi,Kerala,West Coast (Arabian Sea),9.9312,76.2673,1.5,2018 Great Kerala Monsoon Flood,2018-08-10T07:00,0.2,1011.9,14.0,40.7,0.428,0.432,0.433
kochi_vembanad,Kochi,Kerala,West Coast (Arabian Sea),9.9312,76.2673,1.5,2018 Great Kerala Monsoon Flood,2018-08-10T08:00,0.2,1011.2,16.5,46.1,0.425,0.432,0.433
kochi_vembanad,Kochi,Kerala,West Coast (Arabian Sea),9.9312,76.2673,1.5,2018 Great Kerala Monsoon Flood,2018-08-10T09:00,0.3,1010.6,19.9,47.9,0.422,0.43,0.433
kochi_vembanad,Kochi,Kerala,West Coast (Arabian Sea),9.9312,76.2673,1.5,2018 Great Kerala Monsoon Flood,2018-08-10T10:00,0.6,1010.1,16.1,49.3,0.423,0.43,0.433
kochi_vembanad,Kochi,Kerala,West Coast (Arabian Sea),9.9312,76.2673,1.5,2018 Great Kerala Monsoon Flood,2018-08-10T11:00,0.0,1009.9,17.6,47.5,0.42,0.428,0.433
kochi_vembanad,Kochi,Kerala,West Coast (Arabian Sea),9.9312,76.2673,1.5,2018 Great Kerala Monsoon Flood,2018-08-10T12:00,0.5,1009.9,15.3,47.5,0.415,0.422,0.434
kochi_vembanad,Kochi,Kerala,West Coast (Arabian Sea),9.9312,76.2673,1.5,2018 Great Kerala Monsoon Flood,2018-08-10T13:00,0.7,1010.2,16.1,42.1,0.422,0.421,0.434
kochi_vembanad,Kochi,Kerala,West Coast (Arabian Sea),9.9312,76.2673,1.5,2018 Great Kerala Monsoon Flood,2018-08-10T14:00,0.3,1010.9,15.0,37.4,0.422,0.42,0.434
kochi_vembanad,Kochi,Kerala,West Coast (Arabian Sea),9.9312,76.2673,1.5,2018 Great Kerala Monsoon Flood,2018-08-10T15:00,0.1,1011.5,11.6,38.5,0.42,0.419,0.434
kochi_vembanad,Kochi,Kerala,West Coast (Arabian Sea),9.9312,76.2673,1.5,2018 Great Kerala Monsoon Flood,2018-08-10T16:00,0.3,1012.4,14.3,40.0,0.421,0.418,0.434
kochi_vembanad,Kochi,Kerala,West Coast (Arabian Sea),9.9312,76.2673,1.5,2018 Great Kerala Monsoon Flood,2018-08-10T17:00,0.0,1012.8,11.6,24.8,0.419,0.417,0.434
kochi_vembanad,Kochi,Kerala,West Coast (Arabian Sea),9.9312,76.2673,1.5,2018 Great Kerala Monsoon Flood,2018-08-10T18:00,0.1,1012.8,10.5,36.4,0.417,0.417,0.433
kochi_vembanad,Kochi,Kerala,West Coast (Arabian Sea),9.9312,76.2673,1.5,2018 Great Kerala Monsoon Flood,2018-08-10T19:00,0.5,1012.1,11.3,36.7,0.421,0.416,0.433
kochi_vembanad,Kochi,Kerala,West Coast (Arabian Sea),9.9312,76.2673,1.5,2018 Great Kerala Monsoon Flood,2018-08-10T20:00,0.6,1011.4,13.0,39.6,0.425,0.416,0.433
kochi_vembanad,Kochi,Kerala,West Coast (Arabian Sea),9.9312,76.2673,1.5,2018 Great Kerala Monsoon Flood,2018-08-10T21:00,1.2,1010.9,15.8,43.2,0.435,0.416,0.433
kochi_vembanad,Kochi,Kerala,West Coast (Arabian Sea),9.9312,76.2673,1.5,2018 Great Kerala Monsoon Flood,2018-08-10T22:00,0.9,1010.2,14.8,43.2,0.434,0.419,0.433
kochi_vembanad,Kochi,Kerala,West Coast (Arabian Sea),9.9312,76.2673,1.5,2018 Great Kerala Monsoon Flood,2018-08-10T23:00,0.7,1010.2,16.3,45.7,0.432,0.421,0.433
kochi_vembanad,Kochi,Kerala,West Coast (Arabian Sea),9.9312,76.2673,1.5,2018 Great Kerala Monsoon Flood,2018-08-11T00:00,0.6,1009.7,15.3,46.8,0.429,0.418,0.433
kochi_vembanad,Kochi,Kerala,West Coast (Arabian Sea),9.9312,76.2673,1.5,2018 Great Kerala Monsoon Flood,2018-08-11T01:00,0.9,1009.8,16.2,42.1,0.433,0.419,0.432
kochi_vembanad,Kochi,Kerala,West Coast (Arabian Sea),9.9312,76.2673,1.5,2018 Great Kerala Monsoon Flood,2018-08-11T02:00,0.5,1010.6,15.5,43.6,0.431,0.42,0.432
kochi_vembanad,Kochi,Kerala,West Coast (Arabian Sea),9.9312,76.2673,1.5,2018 Great Kerala Monsoon Flood,2018-08-11T03:00,0.2,1011.3,13.6,41.8,0.427,0.42,0.432
kochi_vembanad,Kochi,Kerala,West Coast (Arabian Sea),9.9312,76.2673,1.5,2018 Great Kerala Monsoon Flood,2018-08-11T04:00,0.6,1011.7,17.1,45.0,0.428,0.421,0.432
kochi_vembanad,Kochi,Kerala,West Coast (Arabian Sea),9.9312,76.2673,1.5,2018 Great Kerala Monsoon Flood,2018-08-11T05:00,0.5,1011.9,13.6,45.0,0.428,0.421,0.432
kochi_vembanad,Kochi,Kerala,West Coast (Arabian Sea),9.9312,76.2673,1.5,2018 Great Kerala Monsoon Flood,2018-08-11T06:00,0.3,1011.5,11.0,42.5,0.426,0.421,0.432
kochi_vembanad,Kochi,Kerala,West Coast (Arabian Sea),9.9312,76.2673,1.5,2018 Great Kerala Monsoon Flood,2018-08-11T07:00,0.5,1011.0,16.0,44.6,0.426,0.421,0.432
kochi_vembanad,Kochi,Kerala,West Coast (Arabian Sea),9.9312,76.2673,1.5,2018 Great Kerala Monsoon Flood,2018-08-11T08:00,0.7,1010.3,17.9,50.0,0.428,0.421,0.432
kochi_vembanad,Kochi,Kerala,West Coast (Arabian Sea),9.9312,76.2673,1.5,2018 Great Kerala Monsoon Flood,2018-08-11T09:00,0.1,1009.5,14.3,50.0,0.424,0.421,0.432
kochi_vembanad,Kochi,Kerala,West Coast (Arabian Sea),9.9312,76.2673,1.5,2018 Great Kerala Monsoon Flood,2018-08-11T10:00,0.2,1009.1,17.6,49.0,0.423,0.42,0.432
kochi_vembanad,Kochi,Kerala,West Coast (Arabian Sea),9.9312,76.2673,1.5,2018 Great Kerala Monsoon Flood,2018-08-11T11:00,0.4,1009.0,17.9,51.5,0.423,0.42,0.432
kochi_vembanad,Kochi,Kerala,West Coast (Arabian Sea),9.9312,76.2673,1.5,2018 Great Kerala Monsoon Flood,2018-08-11T12:00,0.1,1009.1,12.1,49.0,0.419,0.419,0.432
kochi_vembanad,Kochi,Kerala,West Coast (Arabian Sea),9.9312,76.2673,1.5,2018 Great Kerala Monsoon Flood,2018-08-11T13:00,0.7,1009.4,10.5,40.7,0.424,0.418,0.431
kochi_vembanad,Kochi,Kerala,West Coast (Arabian Sea),9.9312,76.2673,1.5,2018 Great Kerala Monsoon Flood,2018-08-11T14:00,0.6,1010.0,11.8,43.9,0.427,0.418,0.431
kochi_vembanad,Kochi,Kerala,West Coast (Arabian Sea),9.9312,76.2673,1.5,2018 Great Kerala Monsoon Flood,2018-08-11T15:00,0.2,1010.4,9.9,37.8,0.425,0.419,0.431
kochi_vembanad,Kochi,Kerala,West Coast (Arabian Sea),9.9312,76.2673,1.5,2018 Great Kerala Monsoon Flood,2018-08-11T16:00,0.1,1010.7,9.7,18.0,0.423,0.418,0.431
kochi_vembanad,Kochi,Kerala,West Coast (Arabian Sea),9.9312,76.2673,1.5,2018 Great Kerala Monsoon Flood,2018-08-11T17:00,0.2,1011.4,11.7,35.6,0.422,0.418,0.431
kochi_vembanad,Kochi,Kerala,West Coast (Arabian Sea),9.9312,76.2673,1.5,2018 Great Kerala Monsoon Flood,2018-08-11T18:00,0.3,1011.4,14.5,40.0,0.422,0.418,0.431
kochi_vembanad,Kochi,Kerala,West Coast (Arabian Sea),9.9312,76.2673,1.5,2018 Great Kerala Monsoon Flood,2018-08-11T19:00,0.3,1010.9,16.9,42.5,0.423,0.418,0.431
kochi_vembanad,Kochi,Kerala,West Coast (Arabian Sea),9.9312,76.2673,1.5,2018 Great Kerala Monsoon Flood,2018-08-11T20:00,0.4,1009.8,16.0,42.8,0.425,0.418,0.431
kochi_vembanad,Kochi,Kerala,West Coast (Arabian Sea),9.9312,76.2673,1.5,2018 Great Kerala Monsoon Flood,2018-08-11T21:00,0.4,1009.3,16.9,43.2,0.425,0.418,0.431
kochi_vembanad,Kochi,Kerala,West Coast (Arabian Sea),9.9312,76.2673,1.5,2018 Great Kerala Monsoon Flood,2018-08-11T22:00,0.5,1008.9,15.7,42.5,0.427,0.418,0.431
kochi_vembanad,Kochi,Kerala,West Coast (Arabian Sea),9.9312,76.2673,1.5,2018 Great Kerala Monsoon Flood,2018-08-11T23:00,0.7,1008.9,16.6,39.2,0.431,0.419,0.431
kochi_vembanad,Kochi,Kerala,West Coast (Arabian Sea),9.9312,76.2673,1.5,2018 Great Kerala Monsoon Flood,2018-08-12T00:00,0.6,1008.3,18.6,36.4,0.438,0.427,0.431
kochi_vembanad,Kochi,Kerala,West Coast (Arabian Sea),9.9312,76.2673,1.5,2018 Great Kerala Monsoon Flood,2018-08-12T01:00,1.3,1008.4,20.3,44.6,0.433,0.431,0.431
kochi_vembanad,Kochi,Kerala,West Coast (Arabian Sea),9.9312,76.2673,1.5,2018 Great Kerala Monsoon Flood,2018-08-12T02:00,1.3,1008.8,22.8,44.6,0.434,0.434,0.431
kochi_vembanad,Kochi,Kerala,West Coast (Arabian Sea),9.9312,76.2673,1.5,2018 Great Kerala Monsoon Flood,2018-08-12T03:00,0.1,1009.7,18.1,44.6,0.429,0.434,0.431
kochi_vembanad,Kochi,Kerala,West Coast (Arabian Sea),9.9312,76.2673,1.5,2018 Great Kerala Monsoon Flood,2018-08-12T04:00,0.8,1010.2,21.5,50.4,0.433,0.433,0.431
kochi_vembanad,Kochi,Kerala,West Coast (Arabian Sea),9.9312,76.2673,1.5,2018 Great Kerala Monsoon Flood,2018-08-12T05:00,3.6,1010.3,20.4,51.5,0.431,0.438,0.433
kochi_vembanad,Kochi,Kerala,West Coast (Arabian Sea),9.9312,76.2673,1.5,2018 Great Kerala Monsoon Flood,2018-08-12T06:00,0.2,1009.9,17.8,51.8,0.427,0.436,0.433
kochi_vembanad,Kochi,Kerala,West Coast (Arabian Sea),9.9312,76.2673,1.5,2018 Great Kerala Monsoon Flood,2018-08-12T07:00,0.3,1009.5,19.5,53.3,0.424,0.435,0.434
kochi_vembanad,Kochi,Kerala,West Coast (Arabian Sea),9.9312,76.2673,1.5,2018 Great Kerala Monsoon Flood,2018-08-12T08:00,0.6,1009.0,22.8,53.6,0.425,0.433,0.434
kochi_vembanad,Kochi,Kerala,West Coast (Arabian Sea),9.9312,76.2673,1.5,2018 Great Kerala Monsoon Flood,2018-08-12T09:00,0.7,1008.4,17.3,53.3,0.427,0.433,0.433
kochi_vembanad,Kochi,Kerala,West Coast (Arabian Sea),9.9312,76.2673,1.5,2018 Great Kerala Monsoon Flood,2018-08-12T10:00,0.7,1007.9,17.1,47.5,0.429,0.432,0.433
kochi_vembanad,Kochi,Kerala,West Coast (Arabian Sea),9.9312,76.2673,1.5,2018 Great Kerala Monsoon Flood,2018-08-12T11:00,0.8,1007.6,20.0,47.2,0.433,0.432,0.433
kochi_vembanad,Kochi,Kerala,West Coast (Arabian Sea),9.9312,76.2673,1.5,2018 Great Kerala Monsoon Flood,2018-08-12T12:00,0.8,1007.1,20.2,47.9,0.427,0.429,0.431
kochi_vembanad,Kochi,Kerala,West Coast (Arabian Sea),9.9312,76.2673,1.5,2018 Great Kerala Monsoon Flood,2018-08-12T13:00,0.9,1007.7,12.8,45.0,0.434,0.429,0.431
kochi_vembanad,Kochi,Kerala,West Coast (Arabian Sea),9.9312,76.2673,1.5,2018 Great Kerala Monsoon Flood,2018-08-12T14:00,0.9,1008.2,12.0,34.6,0.436,0.431,0.431
kochi_vembanad,Kochi,Kerala,West Coast (Arabian Sea),9.9312,76.2673,1.5,2018 Great Kerala Monsoon Flood,2018-08-12T15:00,1.0,1008.9,9.8,36.7,0.438,0.433,0.431
kochi_vembanad,Kochi,Kerala,West Coast (Arabian Sea),9.9312,76.2673,1.5,2018 Great Kerala Monsoon Flood,2018-08-12T16:00,1.2,1010.2,7.1,33.8,0.438,0.435,0.431
kochi_vembanad,Kochi,Kerala,West Coast (Arabian Sea),9.9312,76.2673,1.5,2018 Great Kerala Monsoon Flood,2018-08-12T17:00,1.9,1010.6,6.9,30.6,0.43,0.438,0.433
kochi_vembanad,Kochi,Kerala,West Coast (Arabian Sea),9.9312,76.2673,1.5,2018 Great Kerala Monsoon Flood,2018-08-12T18:00,1.5,1010.4,6.5,26.3,0.439,0.438,0.434
kochi_vembanad,Kochi,Kerala,West Coast (Arabian Sea),9.9312,76.2673,1.5,2018 Great Kerala Monsoon Flood,2018-08-12T19:00,1.8,1009.7,6.4,27.4,0.437,0.438,0.435
kochi_vembanad,Kochi,Kerala,West Coast (Arabian Sea),9.9312,76.2673,1.5,2018 Great Kerala Monsoon Flood,2018-08-12T20:00,1.8,1009.3,5.8,27.4,0.435,0.438,0.437
kochi_vembanad,Kochi,Kerala,West Coast (Arabian Sea),9.9312,76.2673,1.5,2018 Great Kerala Monsoon Flood,2018-08-12T21:00,1.7,1008.5,4.6,25.9,0.43,0.438,0.438
kochi_vembanad,Kochi,Kerala,West Coast (Arabian Sea),9.9312,76.2673,1.5,2018 Great Kerala Monsoon Flood,2018-08-12T22:00,1.4,1008.0,5.8,30.2,0.438,0.437,0.438
kochi_vembanad,Kochi,Kerala,West Coast (Arabian Sea),9.9312,76.2673,1.5,2018 Great Kerala Monsoon Flood,2018-08-12T23:00,1.2,1008.4,5.2,30.6,0.432,0.432,0.439
kochi_vembanad,Kochi,Kerala,West Coast (Arabian Sea),9.9312,76.2673,1.5,2018 Great Kerala Monsoon Flood,2018-08-13T00:00,1.6,1007.6,6.3,28.4,0.435,0.429,0.438
kochi_vembanad,Kochi,Kerala,West Coast (Arabian Sea),9.9312,76.2673,1.5,2018 Great Kerala Monsoon Flood,2018-08-13T01:00,0.6,1007.6,4.7,27.7,0.433,0.428,0.438
kochi_vembanad,Kochi,Kerala,West Coast (Arabian Sea),9.9312,76.2673,1.5,2018 Great Kerala Monsoon Flood,2018-08-13T02:00,0.5,1008.0,3.4,25.9,0.432,0.427,0.438
kochi_vembanad,Kochi,Kerala,West Coast (Arabian Sea),9.9312,76.2673,1.5,2018 Great Kerala Monsoon Flood,2018-08-13T03:00,1.2,1009.0,5.4,31.0,0.435,0.427,0.438
kochi_vembanad,Kochi,Kerala,West Coast (Arabian Sea),9.9312,76.2673,1.5,2018 Great Kerala Monsoon Flood,2018-08-13T04:00,1.0,1009.7,7.8,30.6,0.436,0.427,0.437
kochi_vembanad,Kochi,Kerala,West Coast (Arabian Sea),9.9312,76.2673,1.5,2018 Great Kerala Monsoon Flood,2018-08-13T05:00,0.7,1009.8,9.7,29.2,0.433,0.428,0.437
kochi_vembanad,Kochi,Kerala,West Coast (Arabian Sea),9.9312,76.2673,1.5,2018 Great Kerala Monsoon Flood,2018-08-13T06:00,0.4,1009.6,11.1,36.7,0.43,0.427,0.437
kochi_vembanad,Kochi,Kerala,West Coast (Arabian Sea),9.9312,76.2673,1.5,2018 Great Kerala Monsoon Flood,2018-08-13T07:00,0.2,1009.1,15.9,40.0,0.426,0.425,0.437
kochi_vembanad,Kochi,Kerala,West Coast (Arabian Sea),9.9312,76.2673,1.5,2018 Great Kerala Monsoon Flood,2018-08-13T08:00,0.1,1008.4,18.9,46.4,0.422,0.423,0.437
kochi_vembanad,Kochi,Kerala,West Coast (Arabian Sea),9.9312,76.2673,1.5,2018 Great Kerala Monsoon Flood,2018-08-13T09:00,0.6,1007.9,17.9,50.4,0.424,0.422,0.436
kochi_vembanad,Kochi,Kerala,West Coast (Arabian Sea),9.9312,76.2673,1.5,2018 Great Kerala Monsoon Flood,2018-08-13T10:00,0.0,1007.7,15.5,44.3,0.42,0.42,0.436
kochi_vembanad,Kochi,Kerala,West Coast (Arabian Sea),9.9312,76.2673,1.5,2018 Great Kerala Monsoon Flood,2018-08-13T11:00,0.1,1007.5,14.6,43.9,0.418,0.419,0.436
kochi_vembanad,Kochi,Kerala,West Coast (Arabian Sea),9.9312,76.2673,1.5,2018 Great Kerala Monsoon Flood,2018-08-13T12:00,0.0,1007.2,6.1,41.0,0.422,0.423,0.436
kochi_vembanad,Kochi,Kerala,West Coast (Arabian Sea),9.9312,76.2673,1.5,2018 Great Kerala Monsoon Flood,2018-08-13T13:00,1.0,1007.6,6.5,32.0,0.431,0.422,0.436
kochi_vembanad,Kochi,Kerala,West Coast (Arabian Sea),9.9312,76.2673,1.5,2018 Great Kerala Monsoon Flood,2018-08-13T14:00,1.2,1008.7,6.4,28.8,0.436,0.423,0.436
kochi_vembanad,Kochi,Kerala,West Coast (Arabian Sea),9.9312,76.2673,1.5,2018 Great Kerala Monsoon Flood,2018-08-13T15:00,2.0,1009.5,7.7,26.6,0.439,0.429,0.436
kochi_vembanad,Kochi,Kerala,West Coast (Arabian Sea),9.9312,76.2673,1.5,2018 Great Kerala Monsoon Flood,2018-08-13T16:00,1.5,1010.4,6.4,26.6,0.434,0.435,0.436
kochi_vembanad,Kochi,Kerala,West Coast (Arabian Sea),9.9312,76.2673,1.5,2018 Great Kerala Monsoon Flood,2018-08-13T17:00,1.0,1011.1,5.7,25.2,0.438,0.435,0.436
kochi_vembanad,Kochi,Kerala,West Coast (Arabian Sea),9.9312,76.2673,1.5,2018 Great Kerala Monsoon Flood,2018-08-13T18:00,0.8,1010.9,8.3,26.6,0.437,0.436,0.436
kochi_vembanad,Kochi,Kerala,West Coast (Arabian Sea),9.9312,76.2673,1.5,2018 Great Kerala Monsoon Flood,2018-08-13T19:00,1.7,1010.2,9.3,31.7,0.437,0.438,0.436
kochi_vembanad,Kochi,Kerala,West Coast (Arabian Sea),9.9312,76.2673,1.5,2018 Great Kerala Monsoon Flood,2018-08-13T20:00,1.5,1009.3,5.9,30.2,0.432,0.437,0.438
kochi_vembanad,Kochi,Kerala,West Coast (Arabian Sea),9.9312,76.2673,1.5,2018 Great Kerala Monsoon Flood,2018-08-13T21:00,1.5,1008.4,8.0,26.6,0.435,0.439,0.438
kochi_vembanad,Kochi,Kerala,West Coast (Arabian Sea),9.9312,76.2673,1.5,2018 Great Kerala Monsoon Flood,2018-08-13T22:00,1.8,1007.9,7.6,27.0,0.436,0.439,0.438
kochi_vembanad,Kochi,Kerala,West Coast (Arabian Sea),9.9312,76.2673,1.5,2018 Great Kerala Monsoon Flood,2018-08-13T23:00,3.0,1008.0,8.9,25.6,0.437,0.431,0.439
kochi_vembanad,Kochi,Kerala,West Coast (Arabian Sea),9.9312,76.2673,1.5,2018 Great Kerala Monsoon Flood,2018-08-14T00:00,2.0,1006.9,21.5,27.4,0.426,0.437,0.436
kochi_vembanad,Kochi,Kerala,West Coast (Arabian Sea),9.9312,76.2673,1.5,2018 Great Kerala Monsoon Flood,2018-08-14T01:00,1.5,1007.0,26.3,52.9,0.438,0.436,0.436
kochi_vembanad,Kochi,Kerala,West Coast (Arabian Sea),9.9312,76.2673,1.5,2018 Great Kerala Monsoon Flood,2018-08-14T02:00,1.4,1007.9,27.5,55.1,0.436,0.438,0.437
kochi_vembanad,Kochi,Kerala,West Coast (Arabian Sea),9.9312,76.2673,1.5,2018 Great Kerala Monsoon Flood,2018-08-14T03:00,1.5,1008.5,17.9,55.8,0.428,0.438,0.438
kochi_vembanad,Kochi,Kerala,West Coast (Arabian Sea),9.9312,76.2673,1.5,2018 Great Kerala Monsoon Flood,2018-08-14T04:00,0.5,1009.2,16.9,42.1,0.428,0.435,0.438
kochi_vembanad,Kochi,Kerala,West Coast (Arabian Sea),9.9312,76.2673,1.5,2018 Great Kerala Monsoon Flood,2018-08-14T05:00,1.0,1009.1,22.1,49.7,0.433,0.433,0.438
kochi_vembanad,Kochi,Kerala,West Coast (Arabian Sea),9.9312,76.2673,1.5,2018 Great Kerala Monsoon Flood,2018-08-14T06:00,0.5,1009.1,24.0,53.6,0.431,0.431,0.438
kochi_vembanad,Kochi,Kerala,West Coast (Arabian Sea),9.9312,76.2673,1.5,2018 Great Kerala Monsoon Flood,2018-08-14T07:00,0.8,1008.7,23.5,54.0,0.433,0.429,0.438
kochi_vembanad,Kochi,Kerala,West Coast (Arabian Sea),9.9312,76.2673,1.5,2018 Great Kerala Monsoon Flood,2018-08-14T08:00,0.5,1008.3,22.3,52.9,0.431,0.428,0.437
kochi_vembanad,Kochi,Kerala,West Coast (Arabian Sea),9.9312,76.2673,1.5,2018 Great Kerala Monsoon Flood,2018-08-14T09:00,1.6,1007.8,24.3,60.1,0.433,0.429,0.437
kochi_vembanad,Kochi,Kerala,West Coast (Arabian Sea),9.9312,76.2673,1.5,2018 Great Kerala Monsoon Flood,2018-08-14T10:00,2.1,1007.2,25.6,57.2,0.438,0.432,0.437
kochi_vembanad,Kochi,Kerala,West Coast (Arabian Sea),9.9312,76.2673,1.5,2018 Great Kerala Monsoon Flood,2018-08-14T11:00,1.5,1007.0,24.0,56.5,0.436,0.434,0.437
kochi_vembanad,Kochi,Kerala,West Coast (Arabian Sea),9.9312,76.2673,1.5,2018 Great Kerala Monsoon Flood,2018-08-14T12:00,1.2,1006.2,22.1,56.2,0.428,0.438,0.437
kochi_vembanad,Kochi,Kerala,West Coast (Arabian Sea),9.9312,76.2673,1.5,2018 Great Kerala Monsoon Flood,2018-08-14T13:00,1.6,1007.1,17.9,46.4,0.439,0.437,0.437
kochi_vembanad,Kochi,Kerala,West Coast (Arabian Sea),9.9312,76.2673,1.5,2018 Great Kerala Monsoon Flood,2018-08-14T14:00,2.6,1007.9,19.6,48.6,0.439,0.439,0.438
kochi_vembanad,Kochi,Kerala,West Coast (Arabian Sea),9.9312,76.2673,1.5,2018 Great Kerala Monsoon Flood,2018-08-14T15:00,4.4,1008.9,18.1,48.2,0.439,0.432,0.439
kochi_vembanad,Kochi,Kerala,West Coast (Arabian Sea),9.9312,76.2673,1.5,2018 Great Kerala Monsoon Flood,2018-08-14T16:00,4.1,1009.8,19.9,47.2,0.436,0.426,0.439
kochi_vembanad,Kochi,Kerala,West Coast (Arabian Sea),9.9312,76.2673,1.5,2018 Great Kerala Monsoon Flood,2018-08-14T17:00,3.9,1010.3,19.1,48.2,0.439,0.435,0.434
kochi_vembanad,Kochi,Kerala,West Coast (Arabian Sea),9.9312,76.2673,1.5,2018 Great Kerala Monsoon Flood,2018-08-14T18:00,3.8,1010.5,23.6,54.0,0.437,0.438,0.431
kochi_vembanad,Kochi,Kerala,West Coast (Arabian Sea),9.9312,76.2673,1.5,2018 Great Kerala Monsoon Flood,2018-08-14T19:00,4.2,1009.8,22.9,52.2,0.439,0.439,0.43
kochi_vembanad,Kochi,Kerala,West Coast (Arabian Sea),9.9312,76.2673,1.5,2018 Great Kerala Monsoon Flood,2018-08-14T20:00,4.7,1009.1,18.5,51.8,0.439,0.439,0.43
kochi_vembanad,Kochi,Kerala,West Coast (Arabian Sea),9.9312,76.2673,1.5,2018 Great Kerala Monsoon Flood,2018-08-14T21:00,4.7,1008.9,24.7,54.0,0.439,0.439,0.43
kochi_vembanad,Kochi,Kerala,West Coast (Arabian Sea),9.9312,76.2673,1.5,2018 Great Kerala Monsoon Flood,2018-08-14T22:00,3.6,1008.4,22.4,55.4,0.434,0.438,0.433
kochi_vembanad,Kochi,Kerala,West Coast (Arabian Sea),9.9312,76.2673,1.5,2018 Great Kerala Monsoon Flood,2018-08-14T23:00,3.4,1008.2,20.0,55.8,0.437,0.439,0.435
kochi_vembanad,Kochi,Kerala,West Coast (Arabian Sea),9.9312,76.2673,1.5,2018 Great Kerala Monsoon Flood,2018-08-15T00:00,3.3,1007.0,22.2,54.0,0.437,0.439,0.43
kochi_vembanad,Kochi,Kerala,West Coast (Arabian Sea),9.9312,76.2673,1.5,2018 Great Kerala Monsoon Flood,2018-08-15T01:00,7.3,1006.7,24.3,55.4,0.439,0.439,0.434
kochi_vembanad,Kochi,Kerala,West Coast (Arabian Sea),9.9312,76.2673,1.5,2018 Great Kerala Monsoon Flood,2018-08-15T02:00,4.4,1007.6,29.2,62.6,0.439,0.439,0.438
kochi_vembanad,Kochi,Kerala,West Coast (Arabian Sea),9.9312,76.2673,1.5,2018 Great Kerala Monsoon Flood,2018-08-15T03:00,5.3,1008.5,27.3,62.6,0.439,0.436,0.439
kochi_vembanad,Kochi,Kerala,West Coast (Arabian Sea),9.9312,76.2673,1.5,2018 Great Kerala Monsoon Flood,2018-08-15T04:00,3.9,1009.2,25.6,60.5,0.439,0.437,0.437
kochi_vembanad,Kochi,Kerala,West Coast (Arabian Sea),9.9312,76.2673,1.5,2018 Great Kerala Monsoon Flood,2018-08-15T05:00,3.2,1009.6,23.7,59.4,0.435,0.439,0.434
kochi_vembanad,Kochi,Kerala,West Coast (Arabian Sea),9.9312,76.2673,1.5,2018 Great Kerala Monsoon Flood,2018-08-15T06:00,3.6,1009.5,24.3,52.6,0.438,0.439,0.432
kochi_vembanad,Kochi,Kerala,West Coast (Arabian Sea),9.9312,76.2673,1.5,2018 Great Kerala Monsoon Flood,2018-08-15T07:00,2.9,1009.0,23.7,55.1,0.433,0.439,0.43
kochi_vembanad,Kochi,Kerala,West Coast (Arabian Sea),9.9312,76.2673,1.5,2018 Great Kerala Monsoon Flood,2018-08-15T08:00,2.1,1008.4,26.2,57.6,0.436,0.439,0.43
kochi_vembanad,Kochi,Kerala,West Coast (Arabian Sea),9.9312,76.2673,1.5,2018 Great Kerala Monsoon Flood,2018-08-15T09:00,3.7,1007.9,26.6,57.2,0.437,0.439,0.433
kochi_vembanad,Kochi,Kerala,West Coast (Arabian Sea),9.9312,76.2673,1.5,2018 Great Kerala Monsoon Flood,2018-08-15T10:00,3.8,1007.3,29.3,62.6,0.436,0.439,0.435
kochi_vembanad,Kochi,Kerala,West Coast (Arabian Sea),9.9312,76.2673,1.5,2018 Great Kerala Monsoon Flood,2018-08-15T11:00,3.6,1007.2,32.0,68.4,0.435,0.439,0.438
kochi_vembanad,Kochi,Kerala,West Coast (Arabian Sea),9.9312,76.2673,1.5,2018 Great Kerala Monsoon Flood,2018-08-15T12:00,3.5,1007.2,29.6,68.4,0.433,0.439,0.438
kochi_vembanad,Kochi,Kerala,West Coast (Arabian Sea),9.9312,76.2673,1.5,2018 Great Kerala Monsoon Flood,2018-08-15T13:00,5.5,1007.5,24.0,61.6,0.439,0.439,0.437
kochi_vembanad,Kochi,Kerala,West Coast (Arabian Sea),9.9312,76.2673,1.5,2018 Great Kerala Monsoon Flood,2018-08-15T14:00,6.1,1008.0,28.1,57.6,0.439,0.439,0.437
kochi_vembanad,Kochi,Kerala,West Coast (Arabian Sea),9.9312,76.2673,1.5,2018 Great Kerala Monsoon Flood,2018-08-15T15:00,4.0,1008.8,31.3,59.8,0.439,0.439,0.436
kochi_vembanad,Kochi,Kerala,West Coast (Arabian Sea),9.9312,76.2673,1.5,2018 Great Kerala Monsoon Flood,2018-08-15T16:00,8.1,1009.6,26.9,66.2,0.439,0.439,0.436
kochi_vembanad,Kochi,Kerala,West Coast (Arabian Sea),9.9312,76.2673,1.5,2018 Great Kerala Monsoon Flood,2018-08-15T17:00,6.9,1010.0,28.3,64.1,0.438,0.439,0.436
kochi_vembanad,Kochi,Kerala,West Coast (Arabian Sea),9.9312,76.2673,1.5,2018 Great Kerala Monsoon Flood,2018-08-15T18:00,3.1,1010.0,30.3,64.8,0.432,0.438,0.434
kochi_vembanad,Kochi,Kerala,West Coast (Arabian Sea),9.9312,76.2673,1.5,2018 Great Kerala Monsoon Flood,2018-08-15T19:00,2.4,1009.9,31.5,65.5,0.435,0.438,0.431
kochi_vembanad,Kochi,Kerala,West Coast (Arabian Sea),9.9312,76.2673,1.5,2018 Great Kerala Monsoon Flood,2018-08-15T20:00,3.5,1009.3,27.0,66.6,0.433,0.438,0.43
kochi_vembanad,Kochi,Kerala,West Coast (Arabian Sea),9.9312,76.2673,1.5,2018 Great Kerala Monsoon Flood,2018-08-15T21:00,3.7,1009.1,23.1,65.5,0.434,0.439,0.431
kochi_vembanad,Kochi,Kerala,West Coast (Arabian Sea),9.9312,76.2673,1.5,2018 Great Kerala Monsoon Flood,2018-08-15T22:00,3.4,1008.7,21.7,55.1,0.438,0.439,0.434
kochi_vembanad,Kochi,Kerala,West Coast (Arabian Sea),9.9312,76.2673,1.5,2018 Great Kerala Monsoon Flood,2018-08-15T23:00,5.2,1008.5,25.2,52.2,0.439,0.439,0.437
kochi_vembanad,Kochi,Kerala,West Coast (Arabian Sea),9.9312,76.2673,1.5,2018 Great Kerala Monsoon Flood,2018-08-16T00:00,5.4,1008.8,26.6,58.0,0.439,0.439,0.436
kochi_vembanad,Kochi,Kerala,West Coast (Arabian Sea),9.9312,76.2673,1.5,2018 Great Kerala Monsoon Flood,2018-08-16T01:00,3.1,1008.7,23.1,56.2,0.433,0.439,0.438
kochi_vembanad,Kochi,Kerala,West Coast (Arabian Sea),9.9312,76.2673,1.5,2018 Great Kerala Monsoon Flood,2018-08-16T02:00,2.8,1009.0,18.4,51.1,0.434,0.434,0.439
kochi_vembanad,Kochi,Kerala,West Coast (Arabian Sea),9.9312,76.2673,1.5,2018 Great Kerala Monsoon Flood,2018-08-16T03:00,1.9,1009.7,23.4,50.8,0.435,0.424,0.439
kochi_vembanad,Kochi,Kerala,West Coast (Arabian Sea),9.9312,76.2673,1.5,2018 Great Kerala Monsoon Flood,2018-08-16T04:00,1.6,1009.9,18.4,53.6,0.436,0.427,0.434
kochi_vembanad,Kochi,Kerala,West Coast (Arabian Sea),9.9312,76.2673,1.5,2018 Great Kerala Monsoon Flood,2018-08-16T05:00,2.1,1010.0,19.8,62.3,0.436,0.433,0.428
kochi_vembanad,Kochi,Kerala,West Coast (Arabian Sea),9.9312,76.2673,1.5,2018 Great Kerala Monsoon Flood,2018-08-16T06:00,0.7,1009.8,19.5,51.5,0.435,0.434,0.425
kochi_vembanad,Kochi,Kerala,West Coast (Arabian Sea),9.9312,76.2673,1.5,2018 Great Kerala Monsoon Flood,2018-08-16T07:00,0.9,1009.4,23.4,53.6,0.435,0.434,0.424
kochi_vembanad,Kochi,Kerala,West Coast (Arabian Sea),9.9312,76.2673,1.5,2018 Great Kerala Monsoon Flood,2018-08-16T08:00,1.0,1008.9,22.0,56.2,0.436,0.435,0.423
kochi_vembanad,Kochi,Kerala,West Coast (Arabian Sea),9.9312,76.2673,1.5,2018 Great Kerala Monsoon Flood,2018-08-16T09:00,1.9,1008.5,23.6,66.2,0.438,0.437,0.423
kochi_vembanad,Kochi,Kerala,West Coast (Arabian Sea),9.9312,76.2673,1.5,2018 Great Kerala Monsoon Flood,2018-08-16T10:00,1.1,1008.1,23.0,52.6,0.439,0.436,0.423
kochi_vembanad,Kochi,Kerala,West Coast (Arabian Sea),9.9312,76.2673,1.5,2018 Great Kerala Monsoon Flood,2018-08-16T11:00,2.0,1008.1,22.7,60.5,0.435,0.438,0.423
kochi_vembanad,Kochi,Kerala,West Coast (Arabian Sea),9.9312,76.2673,1.5,2018 Great Kerala Monsoon Flood,2018-08-16T12:00,2.2,1007.5,20.7,57.2,0.434,0.439,0.436
kochi_vembanad,Kochi,Kerala,West Coast (Arabian Sea),9.9312,76.2673,1.5,2018 Great Kerala Monsoon Flood,2018-08-16T13:00,2.6,1007.8,21.2,57.2,0.434,0.438,0.437
kochi_vembanad,Kochi,Kerala,West Coast (Arabian Sea),9.9312,76.2673,1.5,2018 Great Kerala Monsoon Flood,2018-08-16T14:00,2.5,1008.6,16.3,51.1,0.437,0.438,0.438
kochi_vembanad,Kochi,Kerala,West Coast (Arabian Sea),9.9312,76.2673,1.5,2018 Great Kerala Monsoon Flood,2018-08-16T15:00,2.0,1009.3,15.7,48.6,0.433,0.434,0.439
kochi_vembanad,Kochi,Kerala,West Coast (Arabian Sea),9.9312,76.2673,1.5,2018 Great Kerala Monsoon Flood,2018-08-16T16:00,2.2,1010.1,18.0,47.5,0.435,0.428,0.437
kochi_vembanad,Kochi,Kerala,West Coast (Arabian Sea),9.9312,76.2673,1.5,2018 Great Kerala Monsoon Flood,2018-08-16T17:00,2.7,1010.6,17.4,47.5,0.439,0.436,0.432
kochi_vembanad,Kochi,Kerala,West Coast (Arabian Sea),9.9312,76.2673,1.5,2018 Great Kerala Monsoon Flood,2018-08-16T18:00,2.3,1010.3,16.3,46.4,0.435,0.438,0.429
kochi_vembanad,Kochi,Kerala,West Coast (Arabian Sea),9.9312,76.2673,1.5,2018 Great Kerala Monsoon Flood,2018-08-16T19:00,1.8,1009.7,15.8,46.4,0.432,0.438,0.43
kochi_vembanad,Kochi,Kerala,West Coast (Arabian Sea),9.9312,76.2673,1.5,2018 Great Kerala Monsoon Flood,2018-08-16T20:00,1.1,1008.9,14.5,44.3,0.437,0.437,0.43
kochi_vembanad,Kochi,Kerala,West Coast (Arabian Sea),9.9312,76.2673,1.5,2018 Great Kerala Monsoon Flood,2018-08-16T21:00,1.3,1008.1,18.0,51.8,0.432,0.438,0.43
kochi_vembanad,Kochi,Kerala,West Coast (Arabian Sea),9.9312,76.2673,1.5,2018 Great Kerala Monsoon Flood,2018-08-16T22:00,1.7,1007.8,18.5,52.2,0.431,0.438,0.431
kochi_vembanad,Kochi,Kerala,West Coast (Arabian Sea),9.9312,76.2673,1.5,2018 Great Kerala Monsoon Flood,2018-08-16T23:00,2.0,1007.5,18.2,52.6,0.428,0.438,0.432
kochi_vembanad,Kochi,Kerala,West Coast (Arabian Sea),9.9312,76.2673,1.5,2018 Great Kerala Monsoon Flood,2018-08-17T00:00,0.7,1007.0,22.6,50.4,0.43,0.437,0.43
kochi_vembanad,Kochi,Kerala,West Coast (Arabian Sea),9.9312,76.2673,1.5,2018 Great Kerala Monsoon Flood,2018-08-17T01:00,1.2,1007.1,18.0,56.5,0.438,0.436,0.43
kochi_vembanad,Kochi,Kerala,West Coast (Arabian Sea),9.9312,76.2673,1.5,2018 Great Kerala Monsoon Flood,2018-08-17T02:00,1.2,1007.9,13.8,47.2,0.435,0.438,0.43
kochi_vembanad,Kochi,Kerala,West Coast (Arabian Sea),9.9312,76.2673,1.5,2018 Great Kerala Monsoon Flood,2018-08-17T03:00,0.8,1008.9,14.3,40.0,0.435,0.437,0.43
kochi_vembanad,Kochi,Kerala,West Coast (Arabian Sea),9.9312,76.2673,1.5,2018 Great Kerala Monsoon Flood,2018-08-17T04:00,2.7,1009.2,16.3,47.9,0.428,0.438,0.431
kochi_vembanad,Kochi,Kerala,West Coast (Arabian Sea),9.9312,76.2673,1.5,2018 Great Kerala Monsoon Flood,2018-08-17T05:00,2.7,1009.1,23.5,56.9,0.434,0.439,0.432
kochi_vembanad,Kochi,Kerala,West Coast (Arabian Sea),9.9312,76.2673,1.5,2018 Great Kerala Monsoon Flood,2018-08-17T06:00,0.9,1009.0,23.3,55.8,0.434,0.437,0.432
kochi_vembanad,Kochi,Kerala,West Coast (Arabian Sea),9.9312,76.2673,1.5,2018 Great Kerala Monsoon Flood,2018-08-17T07:00,0.4,1008.5,22.8,59.0,0.43,0.436,0.432
kochi_vembanad,Kochi,Kerala,West Coast (Arabian Sea),9.9312,76.2673,1.5,2018 Great Kerala Monsoon Flood,2018-08-17T08:00,1.0,1007.9,20.2,58.7,0.433,0.435,0.432
kochi_vembanad,Kochi,Kerala,West Coast (Arabian Sea),9.9312,76.2673,1.5,2018 Great Kerala Monsoon Flood,2018-08-17T09:00,0.4,1007.2,20.4,53.6,0.429,0.435,0.431
kochi_vembanad,Kochi,Kerala,West Coast (Arabian Sea),9.9312,76.2673,1.5,2018 Great Kerala Monsoon Flood,2018-08-17T10:00,0.2,1006.9,21.2,54.0,0.426,0.434,0.43
kochi_vembanad,Kochi,Kerala,West Coast (Arabian Sea),9.9312,76.2673,1.5,2018 Great Kerala Monsoon Flood,2018-08-17T11:00,1.1,1006.9,23.8,52.9,0.432,0.433,0.43
kochi_vembanad,Kochi,Kerala,West Coast (Arabian Sea),9.9312,76.2673,1.5,2018 Great Kerala Monsoon Flood,2018-08-17T12:00,0.7,1006.2,25.1,51.8,0.436,0.433,0.428
kochi_vembanad,Kochi,Kerala,West Coast (Arabian Sea),9.9312,76.2673,1.5,2018 Great Kerala Monsoon Flood,2018-08-17T13:00,0.5,1006.5,24.0,56.9,0.432,0.433,0.427
kochi_vembanad,Kochi,Kerala,West Coast (Arabian Sea),9.9312,76.2673,1.5,2018 Great Kerala Monsoon Flood,2018-08-17T14:00,0.2,1007.7,18.8,52.2,0.429,0.433,0.427
kochi_vembanad,Kochi,Kerala,West Coast (Arabian Sea),9.9312,76.2673,1.5,2018 Great Kerala Monsoon Flood,2018-08-17T15:00,0.0,1008.3,17.3,33.5,0.425,0.432,0.426
kochi_vembanad,Kochi,Kerala,West Coast (Arabian Sea),9.9312,76.2673,1.5,2018 Great Kerala Monsoon Flood,2018-08-17T16:00,2.7,1009.2,25.5,58.3,0.436,0.436,0.426
kochi_vembanad,Kochi,Kerala,West Coast (Arabian Sea),9.9312,76.2673,1.5,2018 Great Kerala Monsoon Flood,2018-08-17T17:00,1.0,1009.6,17.7,59.0,0.436,0.437,0.425
kochi_vembanad,Kochi,Kerala,West Coast (Arabian Sea),9.9312,76.2673,1.5,2018 Great Kerala Monsoon Flood,2018-08-17T18:00,0.2,1009.3,17.1,45.0,0.43,0.436,0.425
kochi_vembanad,Kochi,Kerala,West Coast (Arabian Sea),9.9312,76.2673,1.5,2018 Great Kerala Monsoon Flood,2018-08-17T19:00,0.0,1008.6,14.6,30.6,0.426,0.434,0.425
kochi_vembanad,Kochi,Kerala,West Coast (Arabian Sea),9.9312,76.2673,1.5,2018 Great Kerala Monsoon Flood,2018-08-17T20:00,0.9,1008.1,19.6,46.1,0.433,0.433,0.425
kochi_vembanad,Kochi,Kerala,West Coast (Arabian Sea),9.9312,76.2673,1.5,2018 Great Kerala Monsoon Flood,2018-08-17T21:00,1.1,1007.4,17.9,46.8,0.436,0.435,0.424
kochi_vembanad,Kochi,Kerala,West Coast (Arabian Sea),9.9312,76.2673,1.5,2018 Great Kerala Monsoon Flood,2018-08-17T22:00,0.2,1007.0,16.4,46.8,0.431,0.434,0.424
kochi_vembanad,Kochi,Kerala,West Coast (Arabian Sea),9.9312,76.2673,1.5,2018 Great Kerala Monsoon Flood,2018-08-17T23:00,0.5,1007.2,19.1,45.4,0.433,0.434,0.424
kochi_vembanad,Kochi,Kerala,West Coast (Arabian Sea),9.9312,76.2673,1.5,2018 Great Kerala Monsoon Flood,2018-08-18T00:00,1.5,1006.8,22.2,44.6,0.433,0.435,0.425
kochi_vembanad,Kochi,Kerala,West Coast (Arabian Sea),9.9312,76.2673,1.5,2018 Great Kerala Monsoon Flood,2018-08-18T01:00,0.8,1007.3,23.1,54.0,0.436,0.435,0.425
kochi_vembanad,Kochi,Kerala,West Coast (Arabian Sea),9.9312,76.2673,1.5,2018 Great Kerala Monsoon Flood,2018-08-18T02:00,0.7,1008.3,17.8,53.3,0.435,0.435,0.425
kochi_vembanad,Kochi,Kerala,West Coast (Arabian Sea),9.9312,76.2673,1.5,2018 Great Kerala Monsoon Flood,2018-08-18T03:00,1.7,1009.1,17.8,45.0,0.436,0.438,0.424
kochi_vembanad,Kochi,Kerala,West Coast (Arabian Sea),9.9312,76.2673,1.5,2018 Great Kerala Monsoon Flood,2018-08-18T04:00,0.3,1009.3,14.7,45.7,0.43,0.436,0.425
kochi_vembanad,Kochi,Kerala,West Coast (Arabian Sea),9.9312,76.2673,1.5,2018 Great Kerala Monsoon Flood,2018-08-18T05:00,0.3,1009.1,18.7,50.8,0.427,0.435,0.424
kochi_vembanad,Kochi,Kerala,West Coast (Arabian Sea),9.9312,76.2673,1.5,2018 Great Kerala Monsoon Flood,2018-08-18T06:00,0.8,1008.7,19.2,51.8,0.428,0.434,0.424
kochi_vembanad,Kochi,Kerala,West Coast (Arabian Sea),9.9312,76.2673,1.5,2018 Great Kerala Monsoon Flood,2018-08-18T07:00,0.3,1008.1,20.3,54.7,0.426,0.433,0.424
kochi_vembanad,Kochi,Kerala,West Coast (Arabian Sea),9.9312,76.2673,1.5,2018 Great Kerala Monsoon Flood,2018-08-18T08:00,0.4,1007.7,20.7,56.9,0.424,0.432,0.423
kochi_vembanad,Kochi,Kerala,West Coast (Arabian Sea),9.9312,76.2673,1.5,2018 Great Kerala Monsoon Flood,2018-08-18T09:00,1.5,1006.9,23.7,54.0,0.435,0.431,0.423
kochi_vembanad,Kochi,Kerala,West Coast (Arabian Sea),9.9312,76.2673,1.5,2018 Great Kerala Monsoon Flood,2018-08-18T10:00,1.9,1006.7,24.2,55.1,0.439,0.434,0.422
kochi_vembanad,Kochi,Kerala,West Coast (Arabian Sea),9.9312,76.2673,1.5,2018 Great Kerala Monsoon Flood,2018-08-18T11:00,1.0,1006.9,20.5,55.8,0.43,0.437,0.423
kochi_vembanad,Kochi,Kerala,West Coast (Arabian Sea),9.9312,76.2673,1.5,2018 Great Kerala Monsoon Flood,2018-08-18T12:00,2.0,1006.8,18.8,53.3,0.433,0.43,0.421
kochi_vembanad,Kochi,Kerala,West Coast (Arabian Sea),9.9312,76.2673,1.5,2018 Great Kerala Monsoon Flood,2018-08-18T13:00,0.1,1007.2,14.6,37.4,0.428,0.43,0.421
kochi_vembanad,Kochi,Kerala,West Coast (Arabian Sea),9.9312,76.2673,1.5,2018 Great Kerala Monsoon Flood,2018-08-18T14:00,0.9,1008.0,14.1,47.2,0.432,0.43,0.42
kochi_vembanad,Kochi,Kerala,West Coast (Arabian Sea),9.9312,76.2673,1.5,2018 Great Kerala Monsoon Flood,2018-08-18T15:00,1.0,1009.0,18.2,40.0,0.438,0.431,0.42
kochi_vembanad,Kochi,Kerala,West Coast (Arabian Sea),9.9312,76.2673,1.5,2018 Great Kerala Monsoon Flood,2018-08-18T16:00,0.5,1010.0,16.6,47.2,0.433,0.433,0.42
kochi_vembanad,Kochi,Kerala,West Coast (Arabian Sea),9.9312,76.2673,1.5,2018 Great Kerala Monsoon Flood,2018-08-18T17:00,0.6,1010.7,20.2,45.0,0.433,0.433,0.419
kochi_vembanad,Kochi,Kerala,West Coast (Arabian Sea),9.9312,76.2673,1.5,2018 Great Kerala Monsoon Flood,2018-08-18T18:00,0.5,1010.6,18.1,52.2,0.433,0.433,0.419
kochi_vembanad,Kochi,Kerala,West Coast (Arabian Sea),9.9312,76.2673,1.5,2018 Great Kerala Monsoon Flood,2018-08-18T19:00,0.1,1009.7,14.8,39.6,0.429,0.432,0.419
kochi_vembanad,Kochi,Kerala,West Coast (Arabian Sea),9.9312,76.2673,1.5,2018 Great Kerala Monsoon Flood,2018-08-18T20:00,0.2,1008.9,13.5,37.1,0.427,0.432,0.419
kochi_vembanad,Kochi,Kerala,West Coast (Arabian Sea),9.9312,76.2673,1.5,2018 Great Kerala Monsoon Flood,2018-08-18T21:00,0.9,1008.4,20.4,47.2,0.434,0.431,0.418
kochi_vembanad,Kochi,Kerala,West Coast (Arabian Sea),9.9312,76.2673,1.5,2018 Great Kerala Monsoon Flood,2018-08-18T22:00,1.0,1007.8,22.8,54.4,0.436,0.433,0.418
kochi_vembanad,Kochi,Kerala,West Coast (Arabian Sea),9.9312,76.2673,1.5,2018 Great Kerala Monsoon Flood,2018-08-18T23:00,0.5,1007.9,19.1,54.4,0.434,0.433,0.418
kochi_vembanad,Kochi,Kerala,West Coast (Arabian Sea),9.9312,76.2673,1.5,2018 Great Kerala Monsoon Flood,2018-08-19T00:00,0.2,1007.4,17.3,49.0,0.434,0.434,0.418
kochi_vembanad,Kochi,Kerala,West Coast (Arabian Sea),9.9312,76.2673,1.5,2018 Great Kerala Monsoon Flood,2018-08-19T01:00,1.6,1007.9,18.6,44.6,0.438,0.436,0.418
kochi_vembanad,Kochi,Kerala,West Coast (Arabian Sea),9.9312,76.2673,1.5,2018 Great Kerala Monsoon Flood,2018-08-19T02:00,0.3,1008.1,17.8,45.4,0.428,0.436,0.419
kochi_vembanad,Kochi,Kerala,West Coast (Arabian Sea),9.9312,76.2673,1.5,2018 Great Kerala Monsoon Flood,2018-08-19T03:00,0.4,1009.1,21.7,50.0,0.427,0.435,0.419
kochi_vembanad,Kochi,Kerala,West Coast (Arabian Sea),9.9312,76.2673,1.5,2018 Great Kerala Monsoon Flood,2018-08-19T04:00,0.1,1009.4,19.2,51.5,0.424,0.433,0.419
kochi_vembanad,Kochi,Kerala,West Coast (Arabian Sea),9.9312,76.2673,1.5,2018 Great Kerala Monsoon Flood,2018-08-19T05:00,0.7,1009.6,23.3,52.9,0.426,0.432,0.419
kochi_vembanad,Kochi,Kerala,West Coast (Arabian Sea),9.9312,76.2673,1.5,2018 Great Kerala Monsoon Flood,2018-08-19T06:00,1.4,1009.2,19.9,53.6,0.434,0.432,0.418
kochi_vembanad,Kochi,Kerala,West Coast (Arabian Sea),9.9312,76.2673,1.5,2018 Great Kerala Monsoon Flood,2018-08-19T07:00,0.4,1008.7,20.6,48.2,0.431,0.431,0.418
kochi_vembanad,Kochi,Kerala,West Coast (Arabian Sea),9.9312,76.2673,1.5,2018 Great Kerala Monsoon Flood,2018-08-19T08:00,0.2,1008.2,22.3,52.9,0.427,0.431,0.418
kochi_vembanad,Kochi,Kerala,West Coast (Arabian Sea),9.9312,76.2673,1.5,2018 Great Kerala Monsoon Flood,2018-08-19T09:00,2.2,1007.5,19.6,58.0,0.434,0.433,0.418
kochi_vembanad,Kochi,Kerala,West Coast (Arabian Sea),9.9312,76.2673,1.5,2018 Great Kerala Monsoon Flood,2018-08-19T10:00,2.0,1007.1,22.4,53.6,0.436,0.438,0.418
kochi_vembanad,Kochi,Kerala,West Coast (Arabian Sea),9.9312,76.2673,1.5,2018 Great Kerala Monsoon Flood,2018-08-19T11:00,0.7,1007.0,19.9,51.5,0.435,0.436,0.418
kochi_vembanad,Kochi,Kerala,West Coast (Arabian Sea),9.9312,76.2673,1.5,2018 Great Kerala Monsoon Flood,2018-08-19T12:00,0.1,1006.9,16.1,47.9,0.429,0.433,0.417
kochi_vembanad,Kochi,Kerala,West Coast (Arabian Sea),9.9312,76.2673,1.5,2018 Great Kerala Monsoon Flood,2018-08-19T13:00,0.5,1007.2,14.5,42.5,0.43,0.432,0.417
kochi_vembanad,Kochi,Kerala,West Coast (Arabian Sea),9.9312,76.2673,1.5,2018 Great Kerala Monsoon Flood,2018-08-19T14:00,0.0,1007.8,12.1,39.6,0.426,0.431,0.417
kochi_vembanad,Kochi,Kerala,West Coast (Arabian Sea),9.9312,76.2673,1.5,2018 Great Kerala Monsoon Flood,2018-08-19T15:00,0.0,1008.3,12.0,37.1,0.423,0.431,0.417
kochi_vembanad,Kochi,Kerala,West Coast (Arabian Sea),9.9312,76.2673,1.5,2018 Great Kerala Monsoon Flood,2018-08-19T16:00,0.0,1009.3,12.0,36.4,0.421,0.43,0.416
kochi_vembanad,Kochi,Kerala,West Coast (Arabian Sea),9.9312,76.2673,1.5,2018 Great Kerala Monsoon Flood,2018-08-19T17:00,0.2,1009.6,13.6,35.3,0.42,0.429,0.416
kochi_vembanad,Kochi,Kerala,West Coast (Arabian Sea),9.9312,76.2673,1.5,2018 Great Kerala Monsoon Flood,2018-08-19T18:00,0.3,1009.5,16.3,38.9,0.421,0.428,0.416
kochi_vembanad,Kochi,Kerala,West Coast (Arabian Sea),9.9312,76.2673,1.5,2018 Great Kerala Monsoon Flood,2018-08-19T19:00,0.6,1008.9,18.0,42.1,0.425,0.428,0.415
kochi_vembanad,Kochi,Kerala,West Coast (Arabian Sea),9.9312,76.2673,1.5,2018 Great Kerala Monsoon Flood,2018-08-19T20:00,0.2,1008.2,15.9,32.4,0.424,0.427,0.415
kochi_vembanad,Kochi,Kerala,West Coast (Arabian Sea),9.9312,76.2673,1.5,2018 Great Kerala Monsoon Flood,2018-08-19T21:00,0.5,1007.9,14.5,39.6,0.428,0.427,0.415
kochi_vembanad,Kochi,Kerala,West Coast (Arabian Sea),9.9312,76.2673,1.5,2018 Great Kerala Monsoon Flood,2018-08-19T22:00,1.2,1007.8,16.0,39.2,0.436,0.428,0.414
kochi_vembanad,Kochi,Kerala,West Coast (Arabian Sea),9.9312,76.2673,1.5,2018 Great Kerala Monsoon Flood,2018-08-19T23:00,1.1,1008.2,15.5,41.8,0.437,0.431,0.414
kochi_vembanad,Kochi,Kerala,West Coast (Arabian Sea),9.9312,76.2673,1.5,2018 Great Kerala Monsoon Flood,2018-08-20T00:00,0.2,1008.1,15.2,39.6,0.433,0.435,0.415
kochi_vembanad,Kochi,Kerala,West Coast (Arabian Sea),9.9312,76.2673,1.5,2018 Great Kerala Monsoon Flood,2018-08-20T01:00,0.2,1008.2,14.8,37.4,0.429,0.434,0.415
kochi_vembanad,Kochi,Kerala,West Coast (Arabian Sea),9.9312,76.2673,1.5,2018 Great Kerala Monsoon Flood,2018-08-20T02:00,0.1,1009.1,13.0,37.1,0.426,0.433,0.415
kochi_vembanad,Kochi,Kerala,West Coast (Arabian Sea),9.9312,76.2673,1.5,2018 Great Kerala Monsoon Flood,2018-08-20T03:00,0.0,1009.9,9.0,33.5,0.423,0.431,0.415
kochi_vembanad,Kochi,Kerala,West Coast (Arabian Sea),9.9312,76.2673,1.5,2018 Great Kerala Monsoon Flood,2018-08-20T04:00,0.1,1010.3,16.3,42.1,0.421,0.43,0.415
kochi_vembanad,Kochi,Kerala,West Coast (Arabian Sea),9.9312,76.2673,1.5,2018 Great Kerala Monsoon Flood,2018-08-20T05:00,0.2,1010.5,12.7,44.6,0.419,0.429,0.414
kochi_vembanad,Kochi,Kerala,West Coast (Arabian Sea),9.9312,76.2673,1.5,2018 Great Kerala Monsoon Flood,2018-08-20T06:00,1.2,1010.5,23.2,49.0,0.427,0.428,0.414
kochi_vembanad,Kochi,Kerala,West Coast (Arabian Sea),9.9312,76.2673,1.5,2018 Great Kerala Monsoon Flood,2018-08-20T07:00,0.1,1009.9,19.7,49.7,0.424,0.428,0.414
kochi_vembanad,Kochi,Kerala,West Coast (Arabian Sea),9.9312,76.2673,1.5,2018 Great Kerala Monsoon Flood,2018-08-20T08:00,0.0,1009.0,19.7,46.1,0.419,0.427,0.413
kochi_vembanad,Kochi,Kerala,West Coast (Arabian Sea),9.9312,76.2673,1.5,2018 Great Kerala Monsoon Flood,2018-08-20T09:00,0.0,1008.4,19.8,46.4,0.415,0.426,0.413
kochi_vembanad,Kochi,Kerala,West Coast (Arabian Sea),9.9312,76.2673,1.5,2018 Great Kerala Monsoon Flood,2018-08-20T10:00,0.0,1007.9,17.4,46.4,0.412,0.425,0.413
kochi_vembanad,Kochi,Kerala,West Coast (Arabian Sea),9.9312,76.2673,1.5,2018 Great Kerala Monsoon Flood,2018-08-20T11:00,0.0,1007.8,16.1,42.8,0.409,0.424,0.412
kochi_vembanad,Kochi,Kerala,West Coast (Arabian Sea),9.9312,76.2673,1.5,2018 Great Kerala Monsoon Flood,2018-08-20T12:00,0.1,1007.8,13.8,41.8,0.407,0.424,0.413
kochi_vembanad,Kochi,Kerala,West Coast (Arabian Sea),9.9312,76.2673,1.5,2018 Great Kerala Monsoon Flood,2018-08-20T13:00,0.1,1008.2,10.2,36.4,0.407,0.423,0.412
kochi_vembanad,Kochi,Kerala,West Coast (Arabian Sea),9.9312,76.2673,1.5,2018 Great Kerala Monsoon Flood,2018-08-20T14:00,0.0,1008.9,7.7,17.6,0.406,0.422,0.412
kochi_vembanad,Kochi,Kerala,West Coast (Arabian Sea),9.9312,76.2673,1.5,2018 Great Kerala Monsoon Flood,2018-08-20T15:00,0.0,1009.3,5.4,13.3,0.406,0.421,0.411
kochi_vembanad,Kochi,Kerala,West Coast (Arabian Sea),9.9312,76.2673,1.5,2018 Great Kerala Monsoon Flood,2018-08-20T16:00,0.0,1009.8,4.0,9.0,0.405,0.421,0.411
kochi_vembanad,Kochi,Kerala,West Coast (Arabian Sea),9.9312,76.2673,1.5,2018 Great Kerala Monsoon Flood,2018-08-20T17:00,0.2,1010.3,4.3,20.2,0.406,0.42,0.411
kochi_vembanad,Kochi,Kerala,West Coast (Arabian Sea),9.9312,76.2673,1.5,2018 Great Kerala Monsoon Flood,2018-08-20T18:00,0.4,1010.6,6.1,24.8,0.409,0.419,0.41
kochi_vembanad,Kochi,Kerala,West Coast (Arabian Sea),9.9312,76.2673,1.5,2018 Great Kerala Monsoon Flood,2018-08-20T19:00,0.1,1010.1,4.0,19.4,0.408,0.419,0.41
kochi_vembanad,Kochi,Kerala,West Coast (Arabian Sea),9.9312,76.2673,1.5,2018 Great Kerala Monsoon Flood,2018-08-20T20:00,0.3,1009.6,6.0,21.6,0.411,0.419,0.409
kochi_vembanad,Kochi,Kerala,West Coast (Arabian Sea),9.9312,76.2673,1.5,2018 Great Kerala Monsoon Flood,2018-08-20T21:00,0.8,1009.2,11.9,30.6,0.418,0.418,0.409
kochi_vembanad,Kochi,Kerala,West Coast (Arabian Sea),9.9312,76.2673,1.5,2018 Great Kerala Monsoon Flood,2018-08-20T22:00,0.2,1008.8,9.9,33.8,0.419,0.418,0.409
kochi_vembanad,Kochi,Kerala,West Coast (Arabian Sea),9.9312,76.2673,1.5,2018 Great Kerala Monsoon Flood,2018-08-20T23:00,0.2,1008.8,8.7,30.6,0.42,0.418,0.408
kochi_vembanad,Kochi,Kerala,West Coast (Arabian Sea),9.9312,76.2673,1.5,2018 Great Kerala Monsoon Flood,2018-08-21T00:00,0.2,1008.6,6.4,32.4,0.425,0.424,0.409
kochi_vembanad,Kochi,Kerala,West Coast (Arabian Sea),9.9312,76.2673,1.5,2018 Great Kerala Monsoon Flood,2018-08-21T01:00,0.7,1009.2,9.5,26.3,0.43,0.424,0.408
kochi_vembanad,Kochi,Kerala,West Coast (Arabian Sea),9.9312,76.2673,1.5,2018 Great Kerala Monsoon Flood,2018-08-21T02:00,0.3,1009.6,7.4,28.4,0.428,0.424,0.408
kochi_vembanad,Kochi,Kerala,West Coast (Arabian Sea),9.9312,76.2673,1.5,2018 Great Kerala Monsoon Flood,2018-08-21T03:00,0.6,1010.8,12.8,34.6,0.43,0.425,0.408
kochi_vembanad,Kochi,Kerala,West Coast (Arabian Sea),9.9312,76.2673,1.5,2018 Great Kerala Monsoon Flood,2018-08-21T04:00,0.3,1011.0,10.7,37.4,0.427,0.425,0.407
kochi_vembanad,Kochi,Kerala,West Coast (Arabian Sea),9.9312,76.2673,1.5,2018 Great Kerala Monsoon Flood,2018-08-21T05:00,0.0,1011.0,10.2,37.4,0.422,0.424,0.407
kochi_vembanad,Kochi,Kerala,West Coast (Arabian Sea),9.9312,76.2673,1.5,2018 Great Kerala Monsoon Flood,2018-08-21T06:00,0.1,1010.6,11.3,36.7,0.418,0.424,0.407
kochi_vembanad,Kochi,Kerala,West Coast (Arabian Sea),9.9312,76.2673,1.5,2018 Great Kerala Monsoon Flood,2018-08-21T07:00,0.5,1010.3,14.9,46.1,0.417,0.423,0.406
kochi_vembanad,Kochi,Kerala,West Coast (Arabian Sea),9.9312,76.2673,1.5,2018 Great Kerala Monsoon Flood,2018-08-21T08:00,0.1,1009.4,13.7,43.6,0.413,0.422,0.406
kochi_vembanad,Kochi,Kerala,West Coast (Arabian Sea),9.9312,76.2673,1.5,2018 Great Kerala Monsoon Flood,2018-08-21T09:00,0.0,1008.5,13.1,38.5,0.409,0.421,0.406
kochi_vembanad,Kochi,Kerala,West Coast (Arabian Sea),9.9312,76.2673,1.5,2018 Great Kerala Monsoon Flood,2018-08-21T10:00,0.0,1007.9,11.8,37.8,0.405,0.42,0.405
kochi_vembanad,Kochi,Kerala,West Coast (Arabian Sea),9.9312,76.2673,1.5,2018 Great Kerala Monsoon Flood,2018-08-21T11:00,0.0,1008.0,12.0,35.3,0.402,0.419,0.405
kochi_vembanad,Kochi,Kerala,West Coast (Arabian Sea),9.9312,76.2673,1.5,2018 Great Kerala Monsoon Flood,2018-08-21T12:00,0.0,1007.7,11.3,26.3,0.4,0.418,0.405
kochi_vembanad,Kochi,Kerala,West Coast (Arabian Sea),9.9312,76.2673,1.5,2018 Great Kerala Monsoon Flood,2018-08-21T13:00,0.0,1008.2,9.7,22.0,0.399,0.417,0.404
kochi_vembanad,Kochi,Kerala,West Coast (Arabian Sea),9.9312,76.2673,1.5,2018 Great Kerala Monsoon Flood,2018-08-21T14:00,0.0,1009.3,8.4,17.3,0.399,0.417,0.404
kochi_vembanad,Kochi,Kerala,West Coast (Arabian Sea),9.9312,76.2673,1.5,2018 Great Kerala Monsoon Flood,2018-08-21T15:00,0.0,1010.1,7.9,14.8,0.399,0.416,0.404
kochi_vembanad,Kochi,Kerala,West Coast (Arabian Sea),9.9312,76.2673,1.5,2018 Great Kerala Monsoon Flood,2018-08-21T16:00,0.0,1010.8,7.6,14.8,0.399,0.415,0.403
kochi_vembanad,Kochi,Kerala,West Coast (Arabian Sea),9.9312,76.2673,1.5,2018 Great Kerala Monsoon Flood,2018-08-21T17:00,0.0,1011.2,7.3,13.3,0.398,0.415,0.403
kochi_vembanad,Kochi,Kerala,West Coast (Arabian Sea),9.9312,76.2673,1.5,2018 Great Kerala Monsoon Flood,2018-08-21T18:00,0.0,1011.1,7.9,22.0,0.398,0.414,0.403
kochi_vembanad,Kochi,Kerala,West Coast (Arabian Sea),9.9312,76.2673,1.5,2018 Great Kerala Monsoon Flood,2018-08-21T19:00,0.5,1010.2,13.6,33.1,0.403,0.414,0.402
kochi_vembanad,Kochi,Kerala,West Coast (Arabian Sea),9.9312,76.2673,1.5,2018 Great Kerala Monsoon Flood,2018-08-21T20:00,0.0,1009.6,8.6,24.1,0.402,0.413,0.402
kochi_vembanad,Kochi,Kerala,West Coast (Arabian Sea),9.9312,76.2673,1.5,2018 Great Kerala Monsoon Flood,2018-08-21T21:00,0.0,1009.2,7.2,25.6,0.402,0.413,0.402
kochi_vembanad,Kochi,Kerala,West Coast (Arabian Sea),9.9312,76.2673,1.5,2018 Great Kerala Monsoon Flood,2018-08-21T22:00,0.1,1008.9,9.4,29.9,0.402,0.412,0.401
kochi_vembanad,Kochi,Kerala,West Coast (Arabian Sea),9.9312,76.2673,1.5,2018 Great Kerala Monsoon Flood,2018-08-21T23:00,0.5,1009.1,8.9,32.0,0.406,0.412,0.401
kochi_vembanad,Kochi,Kerala,West Coast (Arabian Sea),9.9312,76.2673,1.5,2018 Great Kerala Monsoon Flood,2018-08-22T00:00,0.1,1009.1,10.6,15.5,0.411,0.413,0.401
kochi_vembanad,Kochi,Kerala,West Coast (Arabian Sea),9.9312,76.2673,1.5,2018 Great Kerala Monsoon Flood,2018-08-22T01:00,0.6,1009.5,12.8,32.4,0.417,0.413,0.4
kochi_vembanad,Kochi,Kerala,West Coast (Arabian Sea),9.9312,76.2673,1.5,2018 Great Kerala Monsoon Flood,2018-08-22T02:00,0.1,1009.9,8.9,33.5,0.415,0.413,0.4
kochi_vembanad,Kochi,Kerala,West Coast (Arabian Sea),9.9312,76.2673,1.5,2018 Great Kerala Monsoon Flood,2018-08-22T03:00,0.1,1010.9,9.2,33.5,0.414,0.413,0.4
kochi_vembanad,Kochi,Kerala,West Coast (Arabian Sea),9.9312,76.2673,1.5,2018 Great Kerala Monsoon Flood,2018-08-22T04:00,0.1,1011.1,15.1,38.5,0.413,0.413,0.399
kochi_vembanad,Kochi,Kerala,West Coast (Arabian Sea),9.9312,76.2673,1.5,2018 Great Kerala Monsoon Flood,2018-08-22T05:00,0.1,1011.2,13.1,40.7,0.41,0.412,0.399
kochi_vembanad,Kochi,Kerala,West Coast (Arabian Sea),9.9312,76.2673,1.5,2018 Great Kerala Monsoon Flood,2018-08-22T06:00,0.0,1010.4,13.0,41.4,0.406,0.412,0.398
kochi_vembanad,Kochi,Kerala,West Coast (Arabian Sea),9.9312,76.2673,1.5,2018 Great Kerala Monsoon Flood,2018-08-22T07:00,0.0,1009.7,15.6,43.6,0.401,0.411,0.398
kochi_vembanad,Kochi,Kerala,West Coast (Arabian Sea),9.9312,76.2673,1.5,2018 Great Kerala Monsoon Flood,2018-08-22T08:00,0.0,1008.8,15.9,43.6,0.397,0.41,0.397
kochi_vembanad,Kochi,Kerala,West Coast (Arabian Sea),9.9312,76.2673,1.5,2018 Great Kerala Monsoon Flood,2018-08-22T09:00,0.0,1007.9,16.7,34.2,0.393,0.409,0.397
kochi_vembanad,Kochi,Kerala,West Coast (Arabian Sea),9.9312,76.2673,1.5,2018 Great Kerala Monsoon Flood,2018-08-22T10:00,0.0,1007.4,16.0,34.2,0.39,0.408,0.397
kochi_vembanad,Kochi,Kerala,West Coast (Arabian Sea),9.9312,76.2673,1.5,2018 Great Kerala Monsoon Flood,2018-08-22T11:00,0.0,1007.4,14.8,33.1,0.388,0.407,0.396
kochi_vembanad,Kochi,Kerala,West Coast (Arabian Sea),9.9312,76.2673,1.5,2018 Great Kerala Monsoon Flood,2018-08-22T12:00,0.0,1007.3,13.8,32.0,0.386,0.407,0.397
kochi_vembanad,Kochi,Kerala,West Coast (Arabian Sea),9.9312,76.2673,1.5,2018 Great Kerala Monsoon Flood,2018-08-22T13:00,0.0,1008.0,12.5,25.6,0.386,0.406,0.397
kochi_vembanad,Kochi,Kerala,West Coast (Arabian Sea),9.9312,76.2673,1.5,2018 Great Kerala Monsoon Flood,2018-08-22T14:00,0.0,1008.9,10.5,22.0,0.386,0.406,0.396
kochi_vembanad,Kochi,Kerala,West Coast (Arabian Sea),9.9312,76.2673,1.5,2018 Great Kerala Monsoon Flood,2018-08-22T15:00,0.0,1009.8,9.9,18.4,0.386,0.405,0.396
kochi_vembanad,Kochi,Kerala,West Coast (Arabian Sea),9.9312,76.2673,1.5,2018 Great Kerala Monsoon Flood,2018-08-22T16:00,0.0,1010.5,9.4,17.6,0.386,0.405,0.396
kochi_vembanad,Kochi,Kerala,West Coast (Arabian Sea),9.9312,76.2673,1.5,2018 Great Kerala Monsoon Flood,2018-08-22T17:00,0.0,1011.2,7.4,16.6,0.386,0.404,0.395
kochi_vembanad,Kochi,Kerala,West Coast (Arabian Sea),9.9312,76.2673,1.5,2018 Great Kerala Monsoon Flood,2018-08-22T18:00,0.0,1011.0,6.7,13.0,0.386,0.404,0.395
kochi_vembanad,Kochi,Kerala,West Coast (Arabian Sea),9.9312,76.2673,1.5,2018 Great Kerala Monsoon Flood,2018-08-22T19:00,0.0,1010.7,7.2,12.2,0.386,0.404,0.395
kochi_vembanad,Kochi,Kerala,West Coast (Arabian Sea),9.9312,76.2673,1.5,2018 Great Kerala Monsoon Flood,2018-08-22T20:00,0.4,1010.5,9.0,24.8,0.39,0.403,0.394
kochi_vembanad,Kochi,Kerala,West Coast (Arabian Sea),9.9312,76.2673,1.5,2018 Great Kerala Monsoon Flood,2018-08-22T21:00,0.0,1009.8,6.6,16.6,0.39,0.403,0.394
kochi_vembanad,Kochi,Kerala,West Coast (Arabian Sea),9.9312,76.2673,1.5,2018 Great Kerala Monsoon Flood,2018-08-22T22:00,0.0,1009.3,6.6,12.2,0.39,0.403,0.393
kochi_vembanad,Kochi,Kerala,West Coast (Arabian Sea),9.9312,76.2673,1.5,2018 Great Kerala Monsoon Flood,2018-08-22T23:00,0.1,1009.5,9.8,25.9,0.391,0.402,0.393
kochi_vembanad,Kochi,Kerala,West Coast (Arabian Sea),9.9312,76.2673,1.5,2018 Great Kerala Monsoon Flood,2018-08-23T00:00,0.0,1009.5,11.0,28.1,0.393,0.402,0.393
kochi_vembanad,Kochi,Kerala,West Coast (Arabian Sea),9.9312,76.2673,1.5,2018 Great Kerala Monsoon Flood,2018-08-23T01:00,0.2,1009.7,10.8,27.7,0.394,0.402,0.392
kochi_vembanad,Kochi,Kerala,West Coast (Arabian Sea),9.9312,76.2673,1.5,2018 Great Kerala Monsoon Flood,2018-08-23T02:00,0.3,1010.4,14.6,32.8,0.396,0.401,0.392
kochi_vembanad,Kochi,Kerala,West Coast (Arabian Sea),9.9312,76.2673,1.5,2018 Great Kerala Monsoon Flood,2018-08-23T03:00,0.1,1011.1,14.3,34.9,0.395,0.401,0.392
kochi_vembanad,Kochi,Kerala,West Coast (Arabian Sea),9.9312,76.2673,1.5,2018 Great Kerala Monsoon Flood,2018-08-23T04:00,0.2,1011.2,14.5,35.3,0.395,0.401,0.391
kochi_vembanad,Kochi,Kerala,West Coast (Arabian Sea),9.9312,76.2673,1.5,2018 Great Kerala Monsoon Flood,2018-08-23T05:00,0.2,1011.1,16.3,39.2,0.395,0.4,0.391
kochi_vembanad,Kochi,Kerala,West Coast (Arabian Sea),9.9312,76.2673,1.5,2018 Great Kerala Monsoon Flood,2018-08-23T06:00,0.1,1010.7,17.9,43.2,0.392,0.4,0.391
kochi_vembanad,Kochi,Kerala,West Coast (Arabian Sea),9.9312,76.2673,1.5,2018 Great Kerala Monsoon Flood,2018-08-23T07:00,0.0,1010.0,19.4,43.9,0.388,0.399,0.39
kochi_vembanad,Kochi,Kerala,West Coast (Arabian Sea),9.9312,76.2673,1.5,2018 Great Kerala Monsoon Flood,2018-08-23T08:00,0.0,1008.9,20.6,43.9,0.384,0.398,0.39
kochi_vembanad,Kochi,Kerala,West Coast (Arabian Sea),9.9312,76.2673,1.5,2018 Great Kerala Monsoon Flood,2018-08-23T09:00,0.0,1008.1,19.2,40.7,0.381,0.398,0.389
kochi_vembanad,Kochi,Kerala,West Coast (Arabian Sea),9.9312,76.2673,1.5,2018 Great Kerala Monsoon Flood,2018-08-23T10:00,0.0,1007.9,18.1,38.2,0.379,0.397,0.389
kochi_vembanad,Kochi,Kerala,West Coast (Arabian Sea),9.9312,76.2673,1.5,2018 Great Kerala Monsoon Flood,2018-08-23T11:00,0.0,1007.7,17.9,35.6,0.377,0.396,0.388
kochi_vembanad,Kochi,Kerala,West Coast (Arabian Sea),9.9312,76.2673,1.5,2018 Great Kerala Monsoon Flood,2018-08-23T12:00,0.0,1007.6,17.4,34.9,0.376,0.396,0.388
kochi_vembanad,Kochi,Kerala,West Coast (Arabian Sea),9.9312,76.2673,1.5,2018 Great Kerala Monsoon Flood,2018-08-23T13:00,0.0,1008.1,15.0,32.4,0.376,0.396,0.387
kochi_vembanad,Kochi,Kerala,West Coast (Arabian Sea),9.9312,76.2673,1.5,2018 Great Kerala Monsoon Flood,2018-08-23T14:00,0.0,1009.1,13.8,27.0,0.376,0.395,0.387
kochi_vembanad,Kochi,Kerala,West Coast (Arabian Sea),9.9312,76.2673,1.5,2018 Great Kerala Monsoon Flood,2018-08-23T15:00,0.0,1009.8,12.1,24.5,0.376,0.395,0.387
kochi_vembanad,Kochi,Kerala,West Coast (Arabian Sea),9.9312,76.2673,1.5,2018 Great Kerala Monsoon Flood,2018-08-23T16:00,0.0,1010.6,8.7,21.6,0.376,0.395,0.386
kochi_vembanad,Kochi,Kerala,West Coast (Arabian Sea),9.9312,76.2673,1.5,2018 Great Kerala Monsoon Flood,2018-08-23T17:00,0.0,1011.0,7.9,15.5,0.376,0.394,0.386
kochi_vembanad,Kochi,Kerala,West Coast (Arabian Sea),9.9312,76.2673,1.5,2018 Great Kerala Monsoon Flood,2018-08-23T18:00,0.0,1010.7,9.0,15.8,0.376,0.394,0.386
kochi_vembanad,Kochi,Kerala,West Coast (Arabian Sea),9.9312,76.2673,1.5,2018 Great Kerala Monsoon Flood,2018-08-23T19:00,0.0,1010.0,8.7,16.6,0.376,0.394,0.385
kochi_vembanad,Kochi,Kerala,West Coast (Arabian Sea),9.9312,76.2673,1.5,2018 Great Kerala Monsoon Flood,2018-08-23T20:00,0.0,1009.5,8.9,15.5,0.377,0.393,0.385
kochi_vembanad,Kochi,Kerala,West Coast (Arabian Sea),9.9312,76.2673,1.5,2018 Great Kerala Monsoon Flood,2018-08-23T21:00,0.0,1009.0,10.0,17.3,0.377,0.393,0.385
kochi_vembanad,Kochi,Kerala,West Coast (Arabian Sea),9.9312,76.2673,1.5,2018 Great Kerala Monsoon Flood,2018-08-23T22:00,0.1,1009.0,10.2,18.0,0.378,0.393,0.384
kochi_vembanad,Kochi,Kerala,West Coast (Arabian Sea),9.9312,76.2673,1.5,2018 Great Kerala Monsoon Flood,2018-08-23T23:00,0.1,1009.2,9.8,17.6,0.378,0.392,0.384
kochi_vembanad,Kochi,Kerala,West Coast (Arabian Sea),9.9312,76.2673,1.5,2018 Great Kerala Monsoon Flood,2018-08-24T00:00,0.0,1009.0,15.9,28.1,0.379,0.393,0.384
kochi_vembanad,Kochi,Kerala,West Coast (Arabian Sea),9.9312,76.2673,1.5,2018 Great Kerala Monsoon Flood,2018-08-24T01:00,0.3,1009.2,15.3,31.7,0.381,0.392,0.384
kochi_vembanad,Kochi,Kerala,West Coast (Arabian Sea),9.9312,76.2673,1.5,2018 Great Kerala Monsoon Flood,2018-08-24T02:00,0.1,1009.7,13.7,31.7,0.382,0.392,0.383
kochi_vembanad,Kochi,Kerala,West Coast (Arabian Sea),9.9312,76.2673,1.5,2018 Great Kerala Monsoon Flood,2018-08-24T03:00,0.1,1010.6,13.0,33.5,0.382,0.392,0.383
kochi_vembanad,Kochi,Kerala,West Coast (Arabian Sea),9.9312,76.2673,1.5,2018 Great Kerala Monsoon Flood,2018-08-24T04:00,0.1,1010.7,12.0,32.4,0.382,0.392,0.383
kochi_vembanad,Kochi,Kerala,West Coast (Arabian Sea),9.9312,76.2673,1.5,2018 Great Kerala Monsoon Flood,2018-08-24T05:00,0.0,1010.8,15.1,38.9,0.379,0.391,0.382
kochi_vembanad,Kochi,Kerala,West Coast (Arabian Sea),9.9312,76.2673,1.5,2018 Great Kerala Monsoon Flood,2018-08-24T06:00,0.0,1010.5,15.7,32.0,0.377,0.391,0.382
kochi_vembanad,Kochi,Kerala,West Coast (Arabian Sea),9.9312,76.2673,1.5,2018 Great Kerala Monsoon Flood,2018-08-24T07:00,0.0,1009.7,16.7,37.8,0.374,0.39,0.382
kochi_vembanad,Kochi,Kerala,West Coast (Arabian Sea),9.9312,76.2673,1.5,2018 Great Kerala Monsoon Flood,2018-08-24T08:00,0.0,1008.5,17.0,38.2,0.371,0.389,0.381
kochi_vembanad,Kochi,Kerala,West Coast (Arabian Sea),9.9312,76.2673,1.5,2018 Great Kerala Monsoon Flood,2018-08-24T09:00,0.0,1008.0,15.9,34.9,0.369,0.389,0.381
kochi_vembanad,Kochi,Kerala,West Coast (Arabian Sea),9.9312,76.2673,1.5,2018 Great Kerala Monsoon Flood,2018-08-24T10:00,0.0,1007.4,16.6,32.8,0.368,0.388,0.38
kochi_vembanad,Kochi,Kerala,West Coast (Arabian Sea),9.9312,76.2673,1.5,2018 Great Kerala Monsoon Flood,2018-08-24T11:00,0.0,1007.2,16.6,33.5,0.366,0.388,0.38
kochi_vembanad,Kochi,Kerala,West Coast (Arabian Sea),9.9312,76.2673,1.5,2018 Great Kerala Monsoon Flood,2018-08-24T12:00,0.0,1007.0,14.5,32.0,0.361,0.386,0.379
kochi_vembanad,Kochi,Kerala,West Coast (Arabian Sea),9.9312,76.2673,1.5,2018 Great Kerala Monsoon Flood,2018-08-24T13:00,0.0,1007.4,12.0,26.6,0.361,0.386,0.379
kochi_vembanad,Kochi,Kerala,West Coast (Arabian Sea),9.9312,76.2673,1.5,2018 Great Kerala Monsoon Flood,2018-08-24T14:00,0.0,1008.5,10.2,21.2,0.361,0.386,0.379
kochi_vembanad,Kochi,Kerala,West Coast (Arabian Sea),9.9312,76.2673,1.5,2018 Great Kerala Monsoon Flood,2018-08-24T15:00,0.0,1009.5,9.9,18.4,0.362,0.385,0.378
kochi_vembanad,Kochi,Kerala,West Coast (Arabian Sea),9.9312,76.2673,1.5,2018 Great Kerala Monsoon Flood,2018-08-24T16:00,0.0,1010.1,9.0,17.3,0.362,0.385,0.378
kochi_vembanad,Kochi,Kerala,West Coast (Arabian Sea),9.9312,76.2673,1.5,2018 Great Kerala Monsoon Flood,2018-08-24T17:00,0.0,1010.4,8.0,15.8,0.362,0.385,0.378
kochi_vembanad,Kochi,Kerala,West Coast (Arabian Sea),9.9312,76.2673,1.5,2018 Great Kerala Monsoon Flood,2018-08-24T18:00,0.0,1009.8,6.3,13.7,0.363,0.384,0.378
kochi_vembanad,Kochi,Kerala,West Coast (Arabian Sea),9.9312,76.2673,1.5,2018 Great Kerala Monsoon Flood,2018-08-24T19:00,0.0,1009.3,5.8,11.5,0.363,0.384,0.377
kochi_vembanad,Kochi,Kerala,West Coast (Arabian Sea),9.9312,76.2673,1.5,2018 Great Kerala Monsoon Flood,2018-08-24T20:00,0.0,1008.6,5.1,10.4,0.363,0.384,0.377
kochi_vembanad,Kochi,Kerala,West Coast (Arabian Sea),9.9312,76.2673,1.5,2018 Great Kerala Monsoon Flood,2018-08-24T21:00,0.0,1007.9,6.3,11.2,0.364,0.383,0.377
kochi_vembanad,Kochi,Kerala,West Coast (Arabian Sea),9.9312,76.2673,1.5,2018 Great Kerala Monsoon Flood,2018-08-24T22:00,0.0,1007.3,6.8,12.2,0.364,0.383,0.376
kochi_vembanad,Kochi,Kerala,West Coast (Arabian Sea),9.9312,76.2673,1.5,2018 Great Kerala Monsoon Flood,2018-08-24T23:00,0.0,1007.5,5.8,11.9,0.364,0.383,0.376
kochi_vembanad,Kochi,Kerala,West Coast (Arabian Sea),9.9312,76.2673,1.5,2018 Great Kerala Monsoon Flood,2018-08-25T00:00,0.0,1007.7,10.6,10.1,0.365,0.383,0.376
kochi_vembanad,Kochi,Kerala,West Coast (Arabian Sea),9.9312,76.2673,1.5,2018 Great Kerala Monsoon Flood,2018-08-25T01:00,0.1,1007.8,9.7,23.4,0.366,0.383,0.375
kochi_vembanad,Kochi,Kerala,West Coast (Arabian Sea),9.9312,76.2673,1.5,2018 Great Kerala Monsoon Flood,2018-08-25T02:00,0.3,1008.6,11.4,21.2,0.369,0.382,0.375
kochi_vembanad,Kochi,Kerala,West Coast (Arabian Sea),9.9312,76.2673,1.5,2018 Great Kerala Monsoon Flood,2018-08-25T03:00,0.2,1009.2,14.6,28.1,0.37,0.382,0.375
kochi_vembanad,Kochi,Kerala,West Coast (Arabian Sea),9.9312,76.2673,1.5,2018 Great Kerala Monsoon Flood,2018-08-25T04:00,0.0,1009.5,16.3,32.4,0.369,0.382,0.375
kochi_vembanad,Kochi,Kerala,West Coast (Arabian Sea),9.9312,76.2673,1.5,2018 Great Kerala Monsoon Flood,2018-08-25T05:00,0.0,1009.5,17.9,35.6,0.367,0.381,0.374
kochi_vembanad,Kochi,Kerala,West Coast (Arabian Sea),9.9312,76.2673,1.5,2018 Great Kerala Monsoon Flood,2018-08-25T06:00,0.1,1009.2,18.8,37.8,0.365,0.381,0.374
kochi_vembanad,Kochi,Kerala,West Coast (Arabian Sea),9.9312,76.2673,1.5,2018 Great Kerala Monsoon Flood,2018-08-25T07:00,0.0,1008.8,19.3,40.0,0.362,0.38,0.373
kochi_vembanad,Kochi,Kerala,West Coast (Arabian Sea),9.9312,76.2673,1.5,2018 Great Kerala Monsoon Flood,2018-08-25T08:00,0.0,1008.1,18.7,39.6,0.359,0.379,0.373
kochi_vembanad,Kochi,Kerala,West Coast (Arabian Sea),9.9312,76.2673,1.5,2018 Great Kerala Monsoon Flood,2018-08-25T09:00,0.0,1007.5,18.2,38.9,0.356,0.379,0.373
kochi_vembanad,Kochi,Kerala,West Coast (Arabian Sea),9.9312,76.2673,1.5,2018 Great Kerala Monsoon Flood,2018-08-25T10:00,0.0,1007.2,17.3,36.7,0.354,0.378,0.372
kochi_vembanad,Kochi,Kerala,West Coast (Arabian Sea),9.9312,76.2673,1.5,2018 Great Kerala Monsoon Flood,2018-08-25T11:00,0.0,1007.5,16.6,34.2,0.353,0.377,0.372
kochi_vembanad,Kochi,Kerala,West Coast (Arabian Sea),9.9312,76.2673,1.5,2018 Great Kerala Monsoon Flood,2018-08-25T12:00,0.0,1007.0,14.9,32.0,0.352,0.377,0.372
kochi_vembanad,Kochi,Kerala,West Coast (Arabian Sea),9.9312,76.2673,1.5,2018 Great Kerala Monsoon Flood,2018-08-25T13:00,0.0,1007.5,12.5,27.4,0.352,0.377,0.371
kochi_vembanad,Kochi,Kerala,West Coast (Arabian Sea),9.9312,76.2673,1.5,2018 Great Kerala Monsoon Flood,2018-08-25T14:00,0.0,1008.7,10.7,22.0,0.353,0.376,0.371
kochi_vembanad,Kochi,Kerala,West Coast (Arabian Sea),9.9312,76.2673,1.5,2018 Great Kerala Monsoon Flood,2018-08-25T15:00,0.0,1009.5,9.4,18.7,0.353,0.376,0.371
kochi_vembanad,Kochi,Kerala,West Coast (Arabian Sea),9.9312,76.2673,1.5,2018 Great Kerala Monsoon Flood,2018-08-25T16:00,0.0,1010.1,9.1,17.3,0.353,0.376,0.37
kochi_vembanad,Kochi,Kerala,West Coast (Arabian Sea),9.9312,76.2673,1.5,2018 Great Kerala Monsoon Flood,2018-08-25T17:00,0.0,1010.2,8.7,16.2,0.354,0.376,0.37
kochi_vembanad,Kochi,Kerala,West Coast (Arabian Sea),9.9312,76.2673,1.5,2018 Great Kerala Monsoon Flood,2018-08-25T18:00,0.1,1010.1,9.1,15.8,0.355,0.375,0.37
kochi_vembanad,Kochi,Kerala,West Coast (Arabian Sea),9.9312,76.2673,1.5,2018 Great Kerala Monsoon Flood,2018-08-25T19:00,0.2,1009.2,12.0,26.3,0.357,0.375,0.37
kochi_vembanad,Kochi,Kerala,West Coast (Arabian Sea),9.9312,76.2673,1.5,2018 Great Kerala Monsoon Flood,2018-08-25T20:00,0.1,1008.4,10.5,27.0,0.359,0.375,0.369
kochi_vembanad,Kochi,Kerala,West Coast (Arabian Sea),9.9312,76.2673,1.5,2018 Great Kerala Monsoon Flood,2018-08-25T21:00,0.2,1007.8,10.9,28.1,0.361,0.375,0.369
kochi_vembanad,Kochi,Kerala,West Coast (Arabian Sea),9.9312,76.2673,1.5,2018 Great Kerala Monsoon Flood,2018-08-25T22:00,0.0,1007.2,10.3,19.4,0.361,0.375,0.369
kochi_vembanad,Kochi,Kerala,West Coast (Arabian Sea),9.9312,76.2673,1.5,2018 Great Kerala Monsoon Flood,2018-08-25T23:00,0.1,1007.6,11.0,28.1,0.362,0.375,0.369
kochi_vembanad,Kochi,Kerala,West Coast (Arabian Sea),9.9312,76.2673,1.5,2018 Great Kerala Monsoon Flood,2018-08-26T00:00,0.0,1007.3,10.3,26.6,0.359,0.374,0.368
kochi_vembanad,Kochi,Kerala,West Coast (Arabian Sea),9.9312,76.2673,1.5,2018 Great Kerala Monsoon Flood,2018-08-26T01:00,0.1,1007.8,8.4,23.8,0.361,0.374,0.368
kochi_vembanad,Kochi,Kerala,West Coast (Arabian Sea),9.9312,76.2673,1.5,2018 Great Kerala Monsoon Flood,2018-08-26T02:00,0.4,1008.6,11.8,30.2,0.365,0.374,0.368
kochi_vembanad,Kochi,Kerala,West Coast (Arabian Sea),9.9312,76.2673,1.5,2018 Great Kerala Monsoon Flood,2018-08-26T03:00,0.1,1009.0,12.8,31.0,0.365,0.374,0.368
kochi_vembanad,Kochi,Kerala,West Coast (Arabian Sea),9.9312,76.2673,1.5,2018 Great Kerala Monsoon Flood,2018-08-26T04:00,0.1,1009.5,14.5,29.5,0.365,0.374,0.367
kochi_vembanad,Kochi,Kerala,West Coast (Arabian Sea),9.9312,76.2673,1.5,2018 Great Kerala Monsoon Flood,2018-08-26T05:00,0.0,1009.6,13.8,38.2,0.363,0.373,0.367
kochi_vembanad,Kochi,Kerala,West Coast (Arabian Sea),9.9312,76.2673,1.5,2018 Great Kerala Monsoon Flood,2018-08-26T06:00,0.1,1009.2,17.4,42.1,0.361,0.373,0.367
kochi_vembanad,Kochi,Kerala,West Coast (Arabian Sea),9.9312,76.2673,1.5,2018 Great Kerala Monsoon Flood,2018-08-26T07:00,0.1,1008.3,19.2,46.8,0.358,0.372,0.366
kochi_vembanad,Kochi,Kerala,West Coast (Arabian Sea),9.9312,76.2673,1.5,2018 Great Kerala Monsoon Flood,2018-08-26T08:00,0.3,1007.5,17.9,46.8,0.358,0.372,0.366
kochi_vembanad,Kochi,Kerala,West Coast (Arabian Sea),9.9312,76.2673,1.5,2018 Great Kerala Monsoon Flood,2018-08-26T09:00,0.3,1006.8,12.8,44.3,0.359,0.371,0.366
kochi_vembanad,Kochi,Kerala,West Coast (Arabian Sea),9.9312,76.2673,1.5,2018 Great Kerala Monsoon Flood,2018-08-26T10:00,0.1,1006.2,12.3,38.5,0.358,0.371,0.365
kochi_vembanad,Kochi,Kerala,West Coast (Arabian Sea),9.9312,76.2673,1.5,2018 Great Kerala Monsoon Flood,2018-08-26T11:00,0.0,1006.0,13.7,37.4,0.357,0.371,0.365
kochi_vembanad,Kochi,Kerala,West Coast (Arabian Sea),9.9312,76.2673,1.5,2018 Great Kerala Monsoon Flood,2018-08-26T12:00,0.0,1006.0,13.0,27.7,0.35,0.37,0.364
kochi_vembanad,Kochi,Kerala,West Coast (Arabian Sea),9.9312,76.2673,1.5,2018 Great Kerala Monsoon Flood,2018-08-26T13:00,0.0,1006.4,9.4,24.1,0.35,0.369,0.364
kochi_vembanad,Kochi,Kerala,West Coast (Arabian Sea),9.9312,76.2673,1.5,2018 Great Kerala Monsoon Flood,2018-08-26T14:00,0.0,1007.3,8.4,17.3,0.35,0.369,0.364
kochi_vembanad,Kochi,Kerala,West Coast (Arabian Sea),9.9312,76.2673,1.5,2018 Great Kerala Monsoon Flood,2018-08-26T15:00,0.0,1008.1,9.6,16.6,0.35,0.369,0.364
kochi_vembanad,Kochi,Kerala,West Coast (Arabian Sea),9.9312,76.2673,1.5,2018 Great Kerala Monsoon Flood,2018-08-26T16:00,0.1,1008.9,11.2,27.0,0.351,0.369,0.364
kochi_vembanad,Kochi,Kerala,West Coast (Arabian Sea),9.9312,76.2673,1.5,2018 Great Kerala Monsoon Flood,2018-08-26T17:00,0.3,1009.7,12.7,29.5,0.354,0.369,0.363
kochi_vembanad,Kochi,Kerala,West Coast (Arabian Sea),9.9312,76.2673,1.5,2018 Great Kerala Monsoon Flood,2018-08-26T18:00,1.0,1009.7,14.1,36.0,0.364,0.369,0.363
kochi_vembanad,Kochi,Kerala,West Coast (Arabian Sea),9.9312,76.2673,1.5,2018 Great Kerala Monsoon Flood,2018-08-26T19:00,0.1,1008.9,11.0,24.8,0.365,0.369,0.363
kochi_vembanad,Kochi,Kerala,West Coast (Arabian Sea),9.9312,76.2673,1.5,2018 Great Kerala Monsoon Flood,2018-08-26T20:00,0.3,1008.0,15.8,34.6,0.368,0.368,0.363
kochi_vembanad,Kochi,Kerala,West Coast (Arabian Sea),9.9312,76.2673,1.5,2018 Great Kerala Monsoon Flood,2018-08-26T21:00,0.3,1007.5,16.3,39.6,0.371,0.368,0.362
kochi_vembanad,Kochi,Kerala,West Coast (Arabian Sea),9.9312,76.2673,1.5,2018 Great Kerala Monsoon Flood,2018-08-26T22:00,0.2,1007.2,13.7,37.8,0.373,0.369,0.362
kochi_vembanad,Kochi,Kerala,West Coast (Arabian Sea),9.9312,76.2673,1.5,2018 Great Kerala Monsoon Flood,2018-08-26T23:00,0.9,1007.7,12.7,35.6,0.385,0.369,0.362
kochi_vembanad,Kochi,Kerala,West Coast (Arabian Sea),9.9312,76.2673,1.5,2018 Great Kerala Monsoon Flood,2018-08-27T00:00,0.0,1007.8,13.0,22.3,0.383,0.369,0.362
kochi_vembanad,Kochi,Kerala,West Coast (Arabian Sea),9.9312,76.2673,1.5,2018 Great Kerala Monsoon Flood,2018-08-27T01:00,0.2,1007.9,9.8,29.5,0.384,0.369,0.362
kochi_vembanad,Kochi,Kerala,West Coast (Arabian Sea),9.9312,76.2673,1.5,2018 Great Kerala Monsoon Flood,2018-08-27T02:00,0.2,1008.6,10.7,29.2,0.385,0.369,0.361
kochi_vembanad,Kochi,Kerala,West Coast (Arabian Sea),9.9312,76.2673,1.5,2018 Great Kerala Monsoon Flood,2018-08-27T03:00,0.5,1009.4,13.2,36.4,0.39,0.37,0.361
kochi_vembanad,Kochi,Kerala,West Coast (Arabian Sea),9.9312,76.2673,1.5,2018 Great Kerala Monsoon Flood,2018-08-27T04:00,0.2,1009.8,12.3,38.2,0.39,0.37,0.361
kochi_vembanad,Kochi,Kerala,West Coast (Arabian Sea),9.9312,76.2673,1.5,2018 Great Kerala Monsoon Flood,2018-08-27T05:00,0.2,1010.0,12.3,38.9,0.389,0.37,0.361
kochi_vembanad,Kochi,Kerala,West Coast (Arabian Sea),9.9312,76.2673,1.5,2018 Great Kerala Monsoon Flood,2018-08-27T06:00,0.9,1009.8,15.3,46.8,0.395,0.371,0.36
kochi_vembanad,Kochi,Kerala,West Coast (Arabian Sea),9.9312,76.2673,1.5,2018 Great Kerala Monsoon Flood,2018-08-27T07:00,0.1,1009.4,13.4,43.9,0.392,0.371,0.36
kochi_vembanad,Kochi,Kerala,West Coast (Arabian Sea),9.9312,76.2673,1.5,2018 Great Kerala Monsoon Flood,2018-08-27T08:00,0.0,1008.3,12.5,28.1,0.389,0.371,0.36
kochi_vembanad,Kochi,Kerala,West Coast (Arabian Sea),9.9312,76.2673,1.5,2018 Great Kerala Monsoon Flood,2018-08-27T09:00,0.0,1007.7,14.1,28.8,0.386,0.371,0.36
kochi_vembanad,Kochi,Kerala,West Coast (Arabian Sea),9.9312,76.2673,1.5,2018 Great Kerala Monsoon Flood,2018-08-27T10:00,0.0,1007.3,13.3,42.1,0.383,0.371,0.359
kochi_vembanad,Kochi,Kerala,West Coast (Arabian Sea),9.9312,76.2673,1.5,2018 Great Kerala Monsoon Flood,2018-08-27T11:00,0.0,1007.3,14.5,47.9,0.382,0.371,0.359
kochi_vembanad,Kochi,Kerala,West Coast (Arabian Sea),9.9312,76.2673,1.5,2018 Great Kerala Monsoon Flood,2018-08-27T12:00,0.0,1006.9,13.3,28.4,0.389,0.376,0.359
kochi_vembanad,Kochi,Kerala,West Coast (Arabian Sea),9.9312,76.2673,1.5,2018 Great Kerala Monsoon Flood,2018-08-27T13:00,0.9,1007.7,11.6,41.0,0.396,0.376,0.359
kochi_vembanad,Kochi,Kerala,West Coast (Arabian Sea),9.9312,76.2673,1.5,2018 Great Kerala Monsoon Flood,2018-08-27T14:00,0.4,1008.5,10.3,34.9,0.398,0.377,0.359
kochi_vembanad,Kochi,Kerala,West Coast (Arabian Sea),9.9312,76.2673,1.5,2018 Great Kerala Monsoon Flood,2018-08-27T15:00,0.3,1009.3,11.1,31.0,0.4,0.377,0.359
kochi_vembanad,Kochi,Kerala,West Coast (Arabian Sea),9.9312,76.2673,1.5,2018 Great Kerala Monsoon Flood,2018-08-27T16:00,0.0,1009.7,11.7,23.0,0.398,0.378,0.359
kochi_vembanad,Kochi,Kerala,West Coast (Arabian Sea),9.9312,76.2673,1.5,2018 Great Kerala Monsoon Flood,2018-08-27T17:00,0.0,1010.0,10.2,20.5,0.396,0.378,0.358
kochi_vembanad,Kochi,Kerala,West Coast (Arabian Sea),9.9312,76.2673,1.5,2018 Great Kerala Monsoon Flood,2018-08-27T18:00,0.2,1010.0,13.2,33.8,0.397,0.378,0.358
kochi_vembanad,Kochi,Kerala,West Coast (Arabian Sea),9.9312,76.2673,1.5,2018 Great Kerala Monsoon Flood,2018-08-27T19:00,0.3,1009.4,13.5,39.2,0.399,0.379,0.358
kochi_vembanad,Kochi,Kerala,West Coast (Arabian Sea),9.9312,76.2673,1.5,2018 Great Kerala Monsoon Flood,2018-08-27T20:00,0.5,1008.8,15.1,41.0,0.403,0.379,0.358
kochi_vembanad,Kochi,Kerala,West Coast (Arabian Sea),9.9312,76.2673,1.5,2018 Great Kerala Monsoon Flood,2018-08-27T21:00,0.2,1008.2,13.9,45.4,0.403,0.38,0.358
kochi_vembanad,Kochi,Kerala,West Coast (Arabian Sea),9.9312,76.2673,1.5,2018 Great Kerala Monsoon Flood,2018-08-27T22:00,0.0,1007.6,9.7,24.8,0.401,0.381,0.358
kochi_vembanad,Kochi,Kerala,West Coast (Arabian Sea),9.9312,76.2673,1.5,2018 Great Kerala Monsoon Flood,2018-08-27T23:00,0.0,1007.7,8.0,18.0,0.399,0.381,0.357
kochi_vembanad,Kochi,Kerala,West Coast (Arabian Sea),9.9312,76.2673,1.5,2018 Great Kerala Monsoon Flood,2018-08-28T00:00,0.0,1007.9,7.3,15.1,0.408,0.383,0.357
kochi_vembanad,Kochi,Kerala,West Coast (Arabian Sea),9.9312,76.2673,1.5,2018 Great Kerala Monsoon Flood,2018-08-28T01:00,1.4,1008.2,7.8,31.0,0.422,0.384,0.357
kochi_vembanad,Kochi,Kerala,West Coast (Arabian Sea),9.9312,76.2673,1.5,2018 Great Kerala Monsoon Flood,2018-08-28T02:00,0.7,1008.9,8.6,31.7,0.423,0.387,0.357
kochi_vembanad,Kochi,Kerala,West Coast (Arabian Sea),9.9312,76.2673,1.5,2018 Great Kerala Monsoon Flood,2018-08-28T03:00,0.2,1009.7,8.2,34.2,0.419,0.389,0.357
kochi_vembanad,Kochi,Kerala,West Coast (Arabian Sea),9.9312,76.2673,1.5,2018 Great Kerala Monsoon Flood,2018-08-28T04:00,0.1,1010.1,9.7,37.1,0.416,0.39,0.357
kochi_vembanad,Kochi,Kerala,West Coast (Arabian Sea),9.9312,76.2673,1.5,2018 Great Kerala Monsoon Flood,2018-08-28T05:00,0.1,1010.1,10.6,40.3,0.412,0.391,0.357
kochi_vembanad,Kochi,Kerala,West Coast (Arabian Sea),9.9312,76.2673,1.5,2018 Great Kerala Monsoon Flood,2018-08-28T06:00,0.1,1009.9,13.0,42.1,0.409,0.391,0.356
kochi_vembanad,Kochi,Kerala,West Coast (Arabian Sea),9.9312,76.2673,1.5,2018 Great Kerala Monsoon Flood,2018-08-28T07:00,0.4,1009.7,14.0,49.0,0.409,0.392,0.356
kochi_vembanad,Kochi,Kerala,West Coast (Arabian Sea),9.9312,76.2673,1.5,2018 Great Kerala Monsoon Flood,2018-08-28T08:00,0.1,1008.8,14.8,47.2,0.406,0.392,0.356
kochi_vembanad,Kochi,Kerala,West Coast (Arabian Sea),9.9312,76.2673,1.5,2018 Great Kerala Monsoon Flood,2018-08-28T09:00,0.0,1008.2,13.2,48.2,0.402,0.392,0.356
kochi_vembanad,Kochi,Kerala,West Coast (Arabian Sea),9.9312,76.2673,1.5,2018 Great Kerala Monsoon Flood,2018-08-28T10:00,0.0,1007.6,13.2,47.5,0.4,0.392,0.356
kochi_vembanad,Kochi,Kerala,West Coast (Arabian Sea),9.9312,76.2673,1.5,2018 Great Kerala Monsoon Flood,2018-08-28T11:00,0.0,1007.6,16.0,45.4,0.397,0.392,0.356
kochi_vembanad,Kochi,Kerala,West Coast (Arabian Sea),9.9312,76.2673,1.5,2018 Great Kerala Monsoon Flood,2018-08-28T12:00,0.4,1008.0,15.8,51.1,0.419,0.39,0.356
kochi_vembanad,Kochi,Kerala,West Coast (Arabian Sea),9.9312,76.2673,1.5,2018 Great Kerala Monsoon Flood,2018-08-28T13:00,0.5,1008.4,13.8,43.2,0.419,0.392,0.356
kochi_vembanad,Kochi,Kerala,West Coast (Arabian Sea),9.9312,76.2673,1.5,2018 Great Kerala Monsoon Flood,2018-08-28T14:00,0.3,1009.5,13.7,42.8,0.418,0.393,0.356
kochi_vembanad,Kochi,Kerala,West Coast (Arabian Sea),9.9312,76.2673,1.5,2018 Great Kerala Monsoon Flood,2018-08-28T15:00,0.3,1010.1,13.0,44.6,0.417,0.394,0.356
kochi_vembanad,Kochi,Kerala,West Coast (Arabian Sea),9.9312,76.2673,1.5,2018 Great Kerala Monsoon Flood,2018-08-28T16:00,0.2,1010.9,13.2,35.6,0.415,0.395,0.356
kochi_vembanad,Kochi,Kerala,West Coast (Arabian Sea),9.9312,76.2673,1.5,2018 Great Kerala Monsoon Flood,2018-08-28T17:00,0.1,1011.5,13.0,39.2,0.413,0.396,0.356
kochi_vembanad,Kochi,Kerala,West Coast (Arabian Sea),9.9312,76.2673,1.5,2018 Great Kerala Monsoon Flood,2018-08-28T18:00,0.1,1011.5,12.9,37.4,0.411,0.396,0.356
kochi_vembanad,Kochi,Kerala,West Coast (Arabian Sea),9.9312,76.2673,1.5,2018 Great Kerala Monsoon Flood,2018-08-28T19:00,0.1,1010.8,14.2,37.4,0.41,0.396,0.355
kochi_vembanad,Kochi,Kerala,West Coast (Arabian Sea),9.9312,76.2673,1.5,2018 Great Kerala Monsoon Flood,2018-08-28T20:00,0.2,1009.9,13.2,37.8,0.41,0.397,0.355
kochi_vembanad,Kochi,Kerala,West Coast (Arabian Sea),9.9312,76.2673,1.5,2018 Great Kerala Monsoon Flood,2018-08-28T21:00,0.1,1009.3,10.5,23.0,0.409,0.397,0.355
kochi_vembanad,Kochi,Kerala,West Coast (Arabian Sea),9.9312,76.2673,1.5,2018 Great Kerala Monsoon Flood,2018-08-28T22:00,0.1,1008.5,10.8,20.2,0.407,0.397,0.355
kochi_vembanad,Kochi,Kerala,West Coast (Arabian Sea),9.9312,76.2673,1.5,2018 Great Kerala Monsoon Flood,2018-08-28T23:00,0.1,1008.7,8.0,19.8,0.406,0.397,0.355
kochi_vembanad,Kochi,Kerala,West Coast (Arabian Sea),9.9312,76.2673,1.5,2018 Great Kerala Monsoon Flood,2018-08-29T00:00,0.0,1008.9,10.1,14.8,0.414,0.4,0.355
kochi_vembanad,Kochi,Kerala,West Coast (Arabian Sea),9.9312,76.2673,1.5,2018 Great Kerala Monsoon Flood,2018-08-29T01:00,0.1,1009.1,7.0,27.4,0.412,0.4,0.355
kochi_vembanad,Kochi,Kerala,West Coast (Arabian Sea),9.9312,76.2673,1.5,2018 Great Kerala Monsoon Flood,2018-08-29T02:00,0.1,1010.3,8.3,32.0,0.41,0.4,0.355
kochi_vembanad,Kochi,Kerala,West Coast (Arabian Sea),9.9312,76.2673,1.5,2018 Great Kerala Monsoon Flood,2018-08-29T03:00,0.5,1011.1,8.6,33.1,0.414,0.4,0.355
kochi_vembanad,Kochi,Kerala,West Coast (Arabian Sea),9.9312,76.2673,1.5,2018 Great Kerala Monsoon Flood,2018-08-29T04:00,0.4,1011.2,10.0,19.1,0.416,0.401,0.355
kochi_vembanad,Kochi,Kerala,West Coast (Arabian Sea),9.9312,76.2673,1.5,2018 Great Kerala Monsoon Flood,2018-08-29T05:00,0.3,1011.2,12.2,23.8,0.415,0.401,0.355
kochi_vembanad,Kochi,Kerala,West Coast (Arabian Sea),9.9312,76.2673,1.5,2018 Great Kerala Monsoon Flood,2018-08-29T06:00,0.3,1011.1,15.2,29.2,0.415,0.402,0.355
kochi_vembanad,Kochi,Kerala,West Coast (Arabian Sea),9.9312,76.2673,1.5,2018 Great Kerala Monsoon Flood,2018-08-29T07:00,0.4,1010.3,15.3,30.6,0.415,0.402,0.355
kochi_vembanad,Kochi,Kerala,West Coast (Arabian Sea),9.9312,76.2673,1.5,2018 Great Kerala Monsoon Flood,2018-08-29T08:00,0.1,1009.4,15.8,32.8,0.412,0.402,0.355
kochi_vembanad,Kochi,Kerala,West Coast (Arabian Sea),9.9312,76.2673,1.5,2018 Great Kerala Monsoon Flood,2018-08-29T09:00,0.0,1008.8,15.1,32.4,0.409,0.402,0.355
kochi_vembanad,Kochi,Kerala,West Coast (Arabian Sea),9.9312,76.2673,1.5,2018 Great Kerala Monsoon Flood,2018-08-29T10:00,0.0,1008.2,14.3,30.6,0.406,0.402,0.355
kochi_vembanad,Kochi,Kerala,West Coast (Arabian Sea),9.9312,76.2673,1.5,2018 Great Kerala Monsoon Flood,2018-08-29T11:00,0.0,1008.0,14.7,28.4,0.404,0.402,0.355
kochi_vembanad,Kochi,Kerala,West Coast (Arabian Sea),9.9312,76.2673,1.5,2018 Great Kerala Monsoon Flood,2018-08-29T12:00,0.3,1008.2,11.8,33.1,0.399,0.4,0.354
kochi_vembanad,Kochi,Kerala,West Coast (Arabian Sea),9.9312,76.2673,1.5,2018 Great Kerala Monsoon Flood,2018-08-29T13:00,0.0,1008.7,8.7,21.2,0.398,0.399,0.354
kochi_vembanad,Kochi,Kerala,West Coast (Arabian Sea),9.9312,76.2673,1.5,2018 Great Kerala Monsoon Flood,2018-08-29T14:00,0.0,1009.4,7.9,15.1,0.397,0.399,0.354
kochi_vembanad,Kochi,Kerala,West Coast (Arabian Sea),9.9312,76.2673,1.5,2018 Great Kerala Monsoon Flood,2018-08-29T15:00,0.0,1010.2,8.1,14.4,0.396,0.399,0.354
kochi_vembanad,Kochi,Kerala,West Coast (Arabian Sea),9.9312,76.2673,1.5,2018 Great Kerala Monsoon Flood,2018-08-29T16:00,0.0,1010.9,8.4,14.4,0.395,0.399,0.354
kochi_vembanad,Kochi,Kerala,West Coast (Arabian Sea),9.9312,76.2673,1.5,2018 Great Kerala Monsoon Flood,2018-08-29T17:00,0.0,1011.2,8.6,15.8,0.395,0.398,0.353
kochi_vembanad,Kochi,Kerala,West Coast (Arabian Sea),9.9312,76.2673,1.5,2018 Great Kerala Monsoon Flood,2018-08-29T18:00,0.0,1010.8,7.3,16.2,0.394,0.398,0.353
kochi_vembanad,Kochi,Kerala,West Coast (Arabian Sea),9.9312,76.2673,1.5,2018 Great Kerala Monsoon Flood,2018-08-29T19:00,0.5,1010.2,12.0,26.6,0.398,0.398,0.353
kochi_vembanad,Kochi,Kerala,West Coast (Arabian Sea),9.9312,76.2673,1.5,2018 Great Kerala Monsoon Flood,2018-08-29T20:00,0.2,1009.5,11.5,29.5,0.399,0.397,0.353
kochi_vembanad,Kochi,Kerala,West Coast (Arabian Sea),9.9312,76.2673,1.5,2018 Great Kerala Monsoon Flood,2018-08-29T21:00,0.1,1008.9,12.3,27.0,0.399,0.397,0.353
kochi_vembanad,Kochi,Kerala,West Coast (Arabian Sea),9.9312,76.2673,1.5,2018 Great Kerala Monsoon Flood,2018-08-29T22:00,0.1,1008.4,10.6,28.4,0.399,0.397,0.353
kochi_vembanad,Kochi,Kerala,West Coast (Arabian Sea),9.9312,76.2673,1.5,2018 Great Kerala Monsoon Flood,2018-08-29T23:00,0.3,1008.8,10.0,27.7,0.401,0.397,0.353
kochi_vembanad,Kochi,Kerala,West Coast (Arabian Sea),9.9312,76.2673,1.5,2018 Great Kerala Monsoon Flood,2018-08-30T00:00,0.0,1008.7,11.4,18.0,0.402,0.397,0.353
kochi_vembanad,Kochi,Kerala,West Coast (Arabian Sea),9.9312,76.2673,1.5,2018 Great Kerala Monsoon Flood,2018-08-30T01:00,0.4,1009.1,13.4,27.4,0.405,0.397,0.353
kochi_vembanad,Kochi,Kerala,West Coast (Arabian Sea),9.9312,76.2673,1.5,2018 Great Kerala Monsoon Flood,2018-08-30T02:00,0.2,1009.6,13.1,29.5,0.406,0.397,0.353
kochi_vembanad,Kochi,Kerala,West Coast (Arabian Sea),9.9312,76.2673,1.5,2018 Great Kerala Monsoon Flood,2018-08-30T03:00,0.0,1010.3,11.7,29.5,0.404,0.397,0.353
kochi_vembanad,Kochi,Kerala,West Coast (Arabian Sea),9.9312,76.2673,1.5,2018 Great Kerala Monsoon Flood,2018-08-30T04:00,0.0,1010.6,13.8,30.2,0.403,0.397,0.353
kochi_vembanad,Kochi,Kerala,West Coast (Arabian Sea),9.9312,76.2673,1.5,2018 Great Kerala Monsoon Flood,2018-08-30T05:00,0.0,1010.4,13.8,33.8,0.401,0.397,0.353
kochi_vembanad,Kochi,Kerala,West Coast (Arabian Sea),9.9312,76.2673,1.5,2018 Great Kerala Monsoon Flood,2018-08-30T06:00,0.0,1010.2,13.2,34.6,0.398,0.397,0.353
kochi_vembanad,Kochi,Kerala,West Coast (Arabian Sea),9.9312,76.2673,1.5,2018 Great Kerala Monsoon Flood,2018-08-30T07:00,0.2,1009.6,16.4,34.6,0.396,0.396,0.353
kochi_vembanad,Kochi,Kerala,West Coast (Arabian Sea),9.9312,76.2673,1.5,2018 Great Kerala Monsoon Flood,2018-08-30T08:00,0.0,1008.5,16.6,34.9,0.393,0.396,0.353
kochi_vembanad,Kochi,Kerala,West Coast (Arabian Sea),9.9312,76.2673,1.5,2018 Great Kerala Monsoon Flood,2018-08-30T09:00,0.0,1007.8,17.3,37.8,0.389,0.395,0.353
kochi_vembanad,Kochi,Kerala,West Coast (Arabian Sea),9.9312,76.2673,1.5,2018 Great Kerala Monsoon Flood,2018-08-30T10:00,0.0,1007.2,17.2,35.6,0.387,0.394,0.352
kochi_vembanad,Kochi,Kerala,West Coast (Arabian Sea),9.9312,76.2673,1.5,2018 Great Kerala Monsoon Flood,2018-08-30T11:00,0.0,1007.1,15.1,33.8,0.385,0.394,0.352
kochi_vembanad,Kochi,Kerala,West Coast (Arabian Sea),9.9312,76.2673,1.5,2018 Great Kerala Monsoon Flood,2018-08-30T12:00,0.0,1007.1,14.9,29.2,0.388,0.394,0.352
kochi_vembanad,Kochi,Kerala,West Coast (Arabian Sea),9.9312,76.2673,1.5,2018 Great Kerala Monsoon Flood,2018-08-30T13:00,0.0,1007.4,13.3,27.7,0.387,0.394,0.352
kochi_vembanad,Kochi,Kerala,West Coast (Arabian Sea),9.9312,76.2673,1.5,2018 Great Kerala Monsoon Flood,2018-08-30T14:00,0.0,1008.0,12.3,23.4,0.387,0.393,0.352
kochi_vembanad,Kochi,Kerala,West Coast (Arabian Sea),9.9312,76.2673,1.5,2018 Great Kerala Monsoon Flood,2018-08-30T15:00,0.0,1008.8,10.7,21.2,0.386,0.393,0.352
kochi_vembanad,Kochi,Kerala,West Coast (Arabian Sea),9.9312,76.2673,1.5,2018 Great Kerala Monsoon Flood,2018-08-30T16:00,0.0,1009.8,10.2,19.1,0.386,0.393,0.352
kochi_vembanad,Kochi,Kerala,West Coast (Arabian Sea),9.9312,76.2673,1.5,2018 Great Kerala Monsoon Flood,2018-08-30T17:00,0.1,1010.3,10.2,18.7,0.386,0.392,0.352
kochi_vembanad,Kochi,Kerala,West Coast (Arabian Sea),9.9312,76.2673,1.5,2018 Great Kerala Monsoon Flood,2018-08-30T18:00,0.1,1010.6,11.5,22.0,0.387,0.392,0.352
kochi_vembanad,Kochi,Kerala,West Coast (Arabian Sea),9.9312,76.2673,1.5,2018 Great Kerala Monsoon Flood,2018-08-30T19:00,0.1,1010.2,11.5,23.0,0.387,0.392,0.352
kochi_vembanad,Kochi,Kerala,West Coast (Arabian Sea),9.9312,76.2673,1.5,2018 Great Kerala Monsoon Flood,2018-08-30T20:00,0.2,1009.7,11.2,22.3,0.389,0.392,0.352
kochi_vembanad,Kochi,Kerala,West Coast (Arabian Sea),9.9312,76.2673,1.5,2018 Great Kerala Monsoon Flood,2018-08-30T21:00,0.1,1009.1,10.3,19.4,0.389,0.391,0.352
kochi_vembanad,Kochi,Kerala,West Coast (Arabian Sea),9.9312,76.2673,1.5,2018 Great Kerala Monsoon Flood,2018-08-30T22:00,0.1,1008.6,9.0,18.0,0.39,0.391,0.352
kochi_vembanad,Kochi,Kerala,West Coast (Arabian Sea),9.9312,76.2673,1.5,2018 Great Kerala Monsoon Flood,2018-08-30T23:00,0.2,1008.6,7.9,15.8,0.391,0.391,0.351
kochi_vembanad,Kochi,Kerala,West Coast (Arabian Sea),9.9312,76.2673,1.5,2018 Great Kerala Monsoon Flood,2018-08-31T00:00,0.2,1009.0,10.6,20.9,0.408,0.392,0.351
kochi_vembanad,Kochi,Kerala,West Coast (Arabian Sea),9.9312,76.2673,1.5,2018 Great Kerala Monsoon Flood,2018-08-31T01:00,1.4,1009.4,12.0,25.9,0.423,0.393,0.351
kochi_vembanad,Kochi,Kerala,West Coast (Arabian Sea),9.9312,76.2673,1.5,2018 Great Kerala Monsoon Flood,2018-08-31T02:00,0.7,1010.1,10.4,25.6,0.423,0.395,0.351
kochi_vembanad,Kochi,Kerala,West Coast (Arabian Sea),9.9312,76.2673,1.5,2018 Great Kerala Monsoon Flood,2018-08-31T03:00,0.1,1010.4,12.4,26.3,0.418,0.396,0.351
kochi_vembanad,Kochi,Kerala,West Coast (Arabian Sea),9.9312,76.2673,1.5,2018 Great Kerala Monsoon Flood,2018-08-31T04:00,0.1,1010.3,13.5,27.7,0.414,0.397,0.351
kochi_vembanad,Kochi,Kerala,West Coast (Arabian Sea),9.9312,76.2673,1.5,2018 Great Kerala Monsoon Flood,2018-08-31T05:00,0.2,1010.2,16.0,32.4,0.411,0.397,0.351
kochi_vembanad,Kochi,Kerala,West Coast (Arabian Sea),9.9312,76.2673,1.5,2018 Great Kerala Monsoon Flood,2018-08-31T06:00,0.1,1009.7,16.7,33.8,0.408,0.397,0.351
kochi_vembanad,Kochi,Kerala,West Coast (Arabian Sea),9.9312,76.2673,1.5,2018 Great Kerala Monsoon Flood,2018-08-31T07:00,0.0,1009.2,17.6,35.6,0.403,0.397,0.351
kochi_vembanad,Kochi,Kerala,West Coast (Arabian Sea),9.9312,76.2673,1.5,2018 Great Kerala Monsoon Flood,2018-08-31T08:00,0.0,1008.5,17.5,38.2,0.399,0.397,0.351
kochi_vembanad,Kochi,Kerala,West Coast (Arabian Sea),9.9312,76.2673,1.5,2018 Great Kerala Monsoon Flood,2018-08-31T09:00,0.0,1008.0,15.6,36.4,0.395,0.396,0.35
kochi_vembanad,Kochi,Kerala,West Coast (Arabian Sea),9.9312,76.2673,1.5,2018 Great Kerala Monsoon Flood,2018-08-31T10:00,0.0,1007.8,14.5,31.7,0.393,0.395,0.35
kochi_vembanad,Kochi,Kerala,West Coast (Arabian Sea),9.9312,76.2673,1.5,2018 Great Kerala Monsoon Flood,2018-08-31T11:00,0.0,1007.8,13.2,29.9,0.391,0.395,0.35
kochi_vembanad,Kochi,Kerala,West Coast (Arabian Sea),9.9312,76.2673,1.5,2018 Great Kerala Monsoon Flood,2018-08-31T12:00,0.1,1008.0,12.1,27.0,0.396,0.397,0.35
kochi_vembanad,Kochi,Kerala,West Coast (Arabian Sea),9.9312,76.2673,1.5,2018 Great Kerala Monsoon Flood,2018-08-31T13:00,0.0,1008.6,7.8,22.0,0.395,0.397,0.35
kochi_vembanad,Kochi,Kerala,West Coast (Arabian Sea),9.9312,76.2673,1.5,2018 Great Kerala Monsoon Flood,2018-08-31T14:00,0.0,1009.4,6.6,13.3,0.394,0.396,0.35
kochi_vembanad,Kochi,Kerala,West Coast (Arabian Sea),9.9312,76.2673,1.5,2018 Great Kerala Monsoon Flood,2018-08-31T15:00,0.0,1010.4,4.8,11.9,0.393,0.396,0.35
kochi_vembanad,Kochi,Kerala,West Coast (Arabian Sea),9.9312,76.2673,1.5,2018 Great Kerala Monsoon Flood,2018-08-31T16:00,0.0,1011.1,4.4,8.3,0.393,0.396,0.35
kochi_vembanad,Kochi,Kerala,West Coast (Arabian Sea),9.9312,76.2673,1.5,2018 Great Kerala Monsoon Flood,2018-08-31T17:00,0.0,1011.5,3.6,7.6,0.392,0.396,0.35
kochi_vembanad,Kochi,Kerala,West Coast (Arabian Sea),9.9312,76.2673,1.5,2018 Great Kerala Monsoon Flood,2018-08-31T18:00,0.0,1011.5,4.9,7.9,0.392,0.395,0.35
kochi_vembanad,Kochi,Kerala,West Coast (Arabian Sea),9.9312,76.2673,1.5,2018 Great Kerala Monsoon Flood,2018-08-31T19:00,0.1,1010.7,4.3,9.0,0.392,0.395,0.35
kochi_vembanad,Kochi,Kerala,West Coast (Arabian Sea),9.9312,76.2673,1.5,2018 Great Kerala Monsoon Flood,2018-08-31T20:00,0.1,1010.1,4.8,14.8,0.393,0.395,0.35
kochi_vembanad,Kochi,Kerala,West Coast (Arabian Sea),9.9312,76.2673,1.5,2018 Great Kerala Monsoon Flood,2018-08-31T21:00,0.2,1009.6,6.9,15.5,0.395,0.394,0.35
kochi_vembanad,Kochi,Kerala,West Coast (Arabian Sea),9.9312,76.2673,1.5,2018 Great Kerala Monsoon Flood,2018-08-31T22:00,0.3,1009.1,7.4,22.3,0.396,0.394,0.35
kochi_vembanad,Kochi,Kerala,West Coast (Arabian Sea),9.9312,76.2673,1.5,2018 Great Kerala Monsoon Flood,2018-08-31T23:00,0.2,1009.1,8.3,21.2,0.397,0.394,0.35
kochi_vembanad,Kochi,Kerala,West Coast (Arabian Sea),9.9312,76.2673,1.5,2020 Vembanad Backwater Surge,2020-07-15T00:00,0.5,1005.0,7.2,32.8,0.424,0.422,0.417
kochi_vembanad,Kochi,Kerala,West Coast (Arabian Sea),9.9312,76.2673,1.5,2020 Vembanad Backwater Surge,2020-07-15T01:00,0.0,1005.3,5.2,13.0,0.421,0.422,0.417
kochi_vembanad,Kochi,Kerala,West Coast (Arabian Sea),9.9312,76.2673,1.5,2020 Vembanad Backwater Surge,2020-07-15T02:00,0.8,1006.3,6.8,25.2,0.427,0.422,0.417
kochi_vembanad,Kochi,Kerala,West Coast (Arabian Sea),9.9312,76.2673,1.5,2020 Vembanad Backwater Surge,2020-07-15T03:00,0.2,1006.7,6.5,27.7,0.425,0.423,0.417
kochi_vembanad,Kochi,Kerala,West Coast (Arabian Sea),9.9312,76.2673,1.5,2020 Vembanad Backwater Surge,2020-07-15T04:00,0.3,1007.3,8.8,32.8,0.424,0.423,0.417
kochi_vembanad,Kochi,Kerala,West Coast (Arabian Sea),9.9312,76.2673,1.5,2020 Vembanad Backwater Surge,2020-07-15T05:00,1.4,1007.3,14.8,40.7,0.434,0.423,0.417
kochi_vembanad,Kochi,Kerala,West Coast (Arabian Sea),9.9312,76.2673,1.5,2020 Vembanad Backwater Surge,2020-07-15T06:00,0.7,1007.5,13.8,42.1,0.431,0.425,0.416
kochi_vembanad,Kochi,Kerala,West Coast (Arabian Sea),9.9312,76.2673,1.5,2020 Vembanad Backwater Surge,2020-07-15T07:00,2.4,1007.4,18.6,44.6,0.432,0.431,0.416
kochi_vembanad,Kochi,Kerala,West Coast (Arabian Sea),9.9312,76.2673,1.5,2020 Vembanad Backwater Surge,2020-07-15T08:00,0.3,1006.4,16.5,45.7,0.429,0.431,0.417
kochi_vembanad,Kochi,Kerala,West Coast (Arabian Sea),9.9312,76.2673,1.5,2020 Vembanad Backwater Surge,2020-07-15T09:00,0.2,1006.2,15.2,40.3,0.426,0.43,0.417
kochi_vembanad,Kochi,Kerala,West Coast (Arabian Sea),9.9312,76.2673,1.5,2020 Vembanad Backwater Surge,2020-07-15T10:00,1.2,1005.6,13.7,40.7,0.433,0.43,0.417
kochi_vembanad,Kochi,Kerala,West Coast (Arabian Sea),9.9312,76.2673,1.5,2020 Vembanad Backwater Surge,2020-07-15T11:00,0.1,1005.2,8.6,39.2,0.429,0.43,0.417
kochi_vembanad,Kochi,Kerala,West Coast (Arabian Sea),9.9312,76.2673,1.5,2020 Vembanad Backwater Surge,2020-07-15T12:00,0.1,1005.0,8.7,32.4,0.415,0.426,0.413
kochi_vembanad,Kochi,Kerala,West Coast (Arabian Sea),9.9312,76.2673,1.5,2020 Vembanad Backwater Surge,2020-07-15T13:00,0.7,1005.9,11.0,36.4,0.42,0.425,0.413
kochi_vembanad,Kochi,Kerala,West Coast (Arabian Sea),9.9312,76.2673,1.5,2020 Vembanad Backwater Surge,2020-07-15T14:00,0.8,1006.5,6.4,34.9,0.426,0.425,0.413
kochi_vembanad,Kochi,Kerala,West Coast (Arabian Sea),9.9312,76.2673,1.5,2020 Vembanad Backwater Surge,2020-07-15T15:00,0.7,1007.3,8.2,33.5,0.431,0.425,0.413
kochi_vembanad,Kochi,Kerala,West Coast (Arabian Sea),9.9312,76.2673,1.5,2020 Vembanad Backwater Surge,2020-07-15T16:00,1.0,1008.0,8.1,34.2,0.436,0.426,0.413
kochi_vembanad,Kochi,Kerala,West Coast (Arabian Sea),9.9312,76.2673,1.5,2020 Vembanad Backwater Surge,2020-07-15T17:00,0.7,1008.4,6.4,32.4,0.433,0.429,0.413
kochi_vembanad,Kochi,Kerala,West Coast (Arabian Sea),9.9312,76.2673,1.5,2020 Vembanad Backwater Surge,2020-07-15T18:00,1.0,1008.4,7.2,33.1,0.436,0.431,0.414
kochi_vembanad,Kochi,Kerala,West Coast (Arabian Sea),9.9312,76.2673,1.5,2020 Vembanad Backwater Surge,2020-07-15T19:00,0.7,1007.5,6.4,33.1,0.435,0.432,0.414
kochi_vembanad,Kochi,Kerala,West Coast (Arabian Sea),9.9312,76.2673,1.5,2020 Vembanad Backwater Surge,2020-07-15T20:00,0.2,1006.5,5.1,32.8,0.431,0.432,0.414
kochi_vembanad,Kochi,Kerala,West Coast (Arabian Sea),9.9312,76.2673,1.5,2020 Vembanad Backwater Surge,2020-07-15T21:00,1.3,1005.8,8.9,33.5,0.436,0.434,0.414
kochi_vembanad,Kochi,Kerala,West Coast (Arabian Sea),9.9312,76.2673,1.5,2020 Vembanad Backwater Surge,2020-07-15T22:00,1.8,1005.2,10.2,36.0,0.436,0.438,0.415
kochi_vembanad,Kochi,Kerala,West Coast (Arabian Sea),9.9312,76.2673,1.5,2020 Vembanad Backwater Surge,2020-07-15T23:00,1.3,1005.4,8.0,34.9,0.432,0.437,0.417
kochi_vembanad,Kochi,Kerala,West Coast (Arabian Sea),9.9312,76.2673,1.5,2020 Vembanad Backwater Surge,2020-07-16T00:00,0.5,1005.5,6.6,30.2,0.435,0.437,0.416
kochi_vembanad,Kochi,Kerala,West Coast (Arabian Sea),9.9312,76.2673,1.5,2020 Vembanad Backwater Surge,2020-07-16T01:00,1.4,1006.0,4.6,30.2,0.438,0.438,0.417
kochi_vembanad,Kochi,Kerala,West Coast (Arabian Sea),9.9312,76.2673,1.5,2020 Vembanad Backwater Surge,2020-07-16T02:00,0.3,1006.5,4.1,27.7,0.432,0.436,0.418
kochi_vembanad,Kochi,Kerala,West Coast (Arabian Sea),9.9312,76.2673,1.5,2020 Vembanad Backwater Surge,2020-07-16T03:00,0.7,1007.2,7.9,32.0,0.434,0.435,0.419
kochi_vembanad,Kochi,Kerala,West Coast (Arabian Sea),9.9312,76.2673,1.5,2020 Vembanad Backwater Surge,2020-07-16T04:00,0.6,1007.8,9.3,33.8,0.433,0.434,0.419
kochi_vembanad,Kochi,Kerala,West Coast (Arabian Sea),9.9312,76.2673,1.5,2020 Vembanad Backwater Surge,2020-07-16T05:00,2.2,1007.8,13.4,37.4,0.437,0.438,0.42
kochi_vembanad,Kochi,Kerala,West Coast (Arabian Sea),9.9312,76.2673,1.5,2020 Vembanad Backwater Surge,2020-07-16T06:00,1.1,1007.7,12.5,42.5,0.428,0.437,0.422
kochi_vembanad,Kochi,Kerala,West Coast (Arabian Sea),9.9312,76.2673,1.5,2020 Vembanad Backwater Surge,2020-07-16T07:00,0.2,1007.0,12.2,42.8,0.425,0.435,0.422
kochi_vembanad,Kochi,Kerala,West Coast (Arabian Sea),9.9312,76.2673,1.5,2020 Vembanad Backwater Surge,2020-07-16T08:00,0.3,1006.2,15.5,42.8,0.424,0.433,0.423
kochi_vembanad,Kochi,Kerala,West Coast (Arabian Sea),9.9312,76.2673,1.5,2020 Vembanad Backwater Surge,2020-07-16T09:00,0.8,1005.5,14.8,44.6,0.427,0.432,0.423
kochi_vembanad,Kochi,Kerala,West Coast (Arabian Sea),9.9312,76.2673,1.5,2020 Vembanad Backwater Surge,2020-07-16T10:00,1.8,1005.3,18.4,46.1,0.435,0.435,0.423
kochi_vembanad,Kochi,Kerala,West Coast (Arabian Sea),9.9312,76.2673,1.5,2020 Vembanad Backwater Surge,2020-07-16T11:00,0.8,1004.9,11.0,45.7,0.434,0.435,0.424
kochi_vembanad,Kochi,Kerala,West Coast (Arabian Sea),9.9312,76.2673,1.5,2020 Vembanad Backwater Surge,2020-07-16T12:00,0.3,1004.7,9.3,38.2,0.427,0.437,0.424
kochi_vembanad,Kochi,Kerala,West Coast (Arabian Sea),9.9312,76.2673,1.5,2020 Vembanad Backwater Surge,2020-07-16T13:00,1.0,1005.4,11.6,36.0,0.434,0.435,0.425
kochi_vembanad,Kochi,Kerala,West Coast (Arabian Sea),9.9312,76.2673,1.5,2020 Vembanad Backwater Surge,2020-07-16T14:00,1.9,1006.0,11.6,34.6,0.431,0.438,0.426
kochi_vembanad,Kochi,Kerala,West Coast (Arabian Sea),9.9312,76.2673,1.5,2020 Vembanad Backwater Surge,2020-07-16T15:00,1.1,1006.7,7.8,33.5,0.435,0.437,0.427
kochi_vembanad,Kochi,Kerala,West Coast (Arabian Sea),9.9312,76.2673,1.5,2020 Vembanad Backwater Surge,2020-07-16T16:00,0.5,1007.7,12.0,32.8,0.434,0.436,0.428
kochi_vembanad,Kochi,Kerala,West Coast (Arabian Sea),9.9312,76.2673,1.5,2020 Vembanad Backwater Surge,2020-07-16T17:00,1.9,1007.8,15.1,41.0,0.43,0.438,0.43
kochi_vembanad,Kochi,Kerala,West Coast (Arabian Sea),9.9312,76.2673,1.5,2020 Vembanad Backwater Surge,2020-07-16T18:00,1.5,1007.7,15.4,43.2,0.439,0.437,0.43
kochi_vembanad,Kochi,Kerala,West Coast (Arabian Sea),9.9312,76.2673,1.5,2020 Vembanad Backwater Surge,2020-07-16T19:00,0.7,1007.1,8.3,39.6,0.43,0.437,0.432
kochi_vembanad,Kochi,Kerala,West Coast (Arabian Sea),9.9312,76.2673,1.5,2020 Vembanad Backwater Surge,2020-07-16T20:00,1.3,1006.3,7.9,26.3,0.439,0.436,0.432
kochi_vembanad,Kochi,Kerala,West Coast (Arabian Sea),9.9312,76.2673,1.5,2020 Vembanad Backwater Surge,2020-07-16T21:00,1.9,1006.1,8.4,25.6,0.432,0.438,0.434
kochi_vembanad,Kochi,Kerala,West Coast (Arabian Sea),9.9312,76.2673,1.5,2020 Vembanad Backwater Surge,2020-07-16T22:00,2.7,1005.8,4.0,26.6,0.438,0.438,0.436
kochi_vembanad,Kochi,Kerala,West Coast (Arabian Sea),9.9312,76.2673,1.5,2020 Vembanad Backwater Surge,2020-07-16T23:00,2.3,1005.9,3.3,19.8,0.439,0.438,0.437
kochi_vembanad,Kochi,Kerala,West Coast (Arabian Sea),9.9312,76.2673,1.5,2020 Vembanad Backwater Surge,2020-07-17T00:00,1.5,1006.4,9.8,33.1,0.428,0.439,0.436
kochi_vembanad,Kochi,Kerala,West Coast (Arabian Sea),9.9312,76.2673,1.5,2020 Vembanad Backwater Surge,2020-07-17T01:00,3.0,1006.9,6.4,29.5,0.434,0.438,0.438
kochi_vembanad,Kochi,Kerala,West Coast (Arabian Sea),9.9312,76.2673,1.5,2020 Vembanad Backwater Surge,2020-07-17T02:00,3.2,1007.3,5.0,28.4,0.439,0.435,0.439
kochi_vembanad,Kochi,Kerala,West Coast (Arabian Sea),9.9312,76.2673,1.5,2020 Vembanad Backwater Surge,2020-07-17T03:00,4.2,1008.1,9.1,37.4,0.438,0.431,0.439
kochi_vembanad,Kochi,Kerala,West Coast (Arabian Sea),9.9312,76.2673,1.5,2020 Vembanad Backwater Surge,2020-07-17T04:00,1.8,1008.8,10.1,41.8,0.438,0.427,0.438
kochi_vembanad,Kochi,Kerala,West Coast (Arabian Sea),9.9312,76.2673,1.5,2020 Vembanad Backwater Surge,2020-07-17T05:00,2.4,1008.9,4.9,40.7,0.434,0.434,0.438
kochi_vembanad,Kochi,Kerala,West Coast (Arabian Sea),9.9312,76.2673,1.5,2020 Vembanad Backwater Surge,2020-07-17T06:00,1.7,1008.0,6.7,15.1,0.439,0.436,0.438
kochi_vembanad,Kochi,Kerala,West Coast (Arabian Sea),9.9312,76.2673,1.5,2020 Vembanad Backwater Surge,2020-07-17T07:00,1.4,1007.2,4.9,14.4,0.438,0.437,0.438
kochi_vembanad,Kochi,Kerala,West Coast (Arabian Sea),9.9312,76.2673,1.5,2020 Vembanad Backwater Surge,2020-07-17T08:00,1.9,1006.7,5.0,12.2,0.426,0.435,0.439
kochi_vembanad,Kochi,Kerala,West Coast (Arabian Sea),9.9312,76.2673,1.5,2020 Vembanad Backwater Surge,2020-07-17T09:00,0.8,1006.5,7.7,14.8,0.43,0.432,0.438
kochi_vembanad,Kochi,Kerala,West Coast (Arabian Sea),9.9312,76.2673,1.5,2020 Vembanad Backwater Surge,2020-07-17T10:00,0.6,1005.3,10.2,20.9,0.43,0.429,0.438
kochi_vembanad,Kochi,Kerala,West Coast (Arabian Sea),9.9312,76.2673,1.5,2020 Vembanad Backwater Surge,2020-07-17T11:00,0.2,1005.2,9.8,21.6,0.428,0.427,0.438
kochi_vembanad,Kochi,Kerala,West Coast (Arabian Sea),9.9312,76.2673,1.5,2020 Vembanad Backwater Surge,2020-07-17T12:00,0.5,1005.1,5.6,41.8,0.425,0.419,0.436
kochi_vembanad,Kochi,Kerala,West Coast (Arabian Sea),9.9312,76.2673,1.5,2020 Vembanad Backwater Surge,2020-07-17T13:00,1.1,1005.5,2.5,33.8,0.43,0.42,0.436
kochi_vembanad,Kochi,Kerala,West Coast (Arabian Sea),9.9312,76.2673,1.5,2020 Vembanad Backwater Surge,2020-07-17T14:00,0.1,1005.9,2.9,5.0,0.426,0.42,0.436
kochi_vembanad,Kochi,Kerala,West Coast (Arabian Sea),9.9312,76.2673,1.5,2020 Vembanad Backwater Surge,2020-07-17T15:00,0.1,1006.6,2.9,4.0,0.423,0.419,0.436
kochi_vembanad,Kochi,Kerala,West Coast (Arabian Sea),9.9312,76.2673,1.5,2020 Vembanad Backwater Surge,2020-07-17T16:00,0.1,1007.6,2.6,4.7,0.422,0.418,0.435
kochi_vembanad,Kochi,Kerala,West Coast (Arabian Sea),9.9312,76.2673,1.5,2020 Vembanad Backwater Surge,2020-07-17T17:00,0.1,1007.7,4.0,5.8,0.421,0.417,0.435
kochi_vembanad,Kochi,Kerala,West Coast (Arabian Sea),9.9312,76.2673,1.5,2020 Vembanad Backwater Surge,2020-07-17T18:00,0.0,1007.4,3.2,5.0,0.418,0.416,0.435
kochi_vembanad,Kochi,Kerala,West Coast (Arabian Sea),9.9312,76.2673,1.5,2020 Vembanad Backwater Surge,2020-07-17T19:00,0.0,1006.5,3.9,5.8,0.416,0.415,0.434
kochi_vembanad,Kochi,Kerala,West Coast (Arabian Sea),9.9312,76.2673,1.5,2020 Vembanad Backwater Surge,2020-07-17T20:00,0.1,1006.4,4.0,27.7,0.416,0.414,0.434
kochi_vembanad,Kochi,Kerala,West Coast (Arabian Sea),9.9312,76.2673,1.5,2020 Vembanad Backwater Surge,2020-07-17T21:00,0.4,1005.9,4.3,27.4,0.418,0.413,0.433
kochi_vembanad,Kochi,Kerala,West Coast (Arabian Sea),9.9312,76.2673,1.5,2020 Vembanad Backwater Surge,2020-07-17T22:00,0.4,1005.5,6.6,28.4,0.421,0.413,0.433
kochi_vembanad,Kochi,Kerala,West Coast (Arabian Sea),9.9312,76.2673,1.5,2020 Vembanad Backwater Surge,2020-07-17T23:00,0.1,1005.2,6.5,29.9,0.419,0.413,0.432
kochi_vembanad,Kochi,Kerala,West Coast (Arabian Sea),9.9312,76.2673,1.5,2020 Vembanad Backwater Surge,2020-07-18T00:00,0.0,1004.9,7.1,11.9,0.41,0.408,0.433
kochi_vembanad,Kochi,Kerala,West Coast (Arabian Sea),9.9312,76.2673,1.5,2020 Vembanad Backwater Surge,2020-07-18T01:00,0.0,1005.3,4.6,12.6,0.409,0.407,0.432
kochi_vembanad,Kochi,Kerala,West Coast (Arabian Sea),9.9312,76.2673,1.5,2020 Vembanad Backwater Surge,2020-07-18T02:00,0.0,1006.1,4.2,10.8,0.407,0.407,0.432
kochi_vembanad,Kochi,Kerala,West Coast (Arabian Sea),9.9312,76.2673,1.5,2020 Vembanad Backwater Surge,2020-07-18T03:00,0.1,1006.8,5.3,34.2,0.407,0.406,0.431
kochi_vembanad,Kochi,Kerala,West Coast (Arabian Sea),9.9312,76.2673,1.5,2020 Vembanad Backwater Surge,2020-07-18T04:00,0.0,1007.1,5.8,38.2,0.405,0.405,0.431
kochi_vembanad,Kochi,Kerala,West Coast (Arabian Sea),9.9312,76.2673,1.5,2020 Vembanad Backwater Surge,2020-07-18T05:00,0.0,1007.2,5.8,37.8,0.402,0.404,0.43
kochi_vembanad,Kochi,Kerala,West Coast (Arabian Sea),9.9312,76.2673,1.5,2020 Vembanad Backwater Surge,2020-07-18T06:00,0.2,1007.4,8.8,38.5,0.4,0.403,0.43
kochi_vembanad,Kochi,Kerala,West Coast (Arabian Sea),9.9312,76.2673,1.5,2020 Vembanad Backwater Surge,2020-07-18T07:00,1.2,1007.2,10.4,43.2,0.409,0.402,0.429
kochi_vembanad,Kochi,Kerala,West Coast (Arabian Sea),9.9312,76.2673,1.5,2020 Vembanad Backwater Surge,2020-07-18T08:00,0.1,1006.2,11.4,45.4,0.406,0.402,0.428
kochi_vembanad,Kochi,Kerala,West Coast (Arabian Sea),9.9312,76.2673,1.5,2020 Vembanad Backwater Surge,2020-07-18T09:00,0.0,1005.7,9.4,45.4,0.403,0.401,0.428
kochi_vembanad,Kochi,Kerala,West Coast (Arabian Sea),9.9312,76.2673,1.5,2020 Vembanad Backwater Surge,2020-07-18T10:00,0.0,1005.3,9.9,22.7,0.4,0.4,0.427
kochi_vembanad,Kochi,Kerala,West Coast (Arabian Sea),9.9312,76.2673,1.5,2020 Vembanad Backwater Surge,2020-07-18T11:00,0.0,1005.1,7.0,33.8,0.398,0.4,0.426
kochi_vembanad,Kochi,Kerala,West Coast (Arabian Sea),9.9312,76.2673,1.5,2020 Vembanad Backwater Surge,2020-07-18T12:00,0.2,1005.8,6.4,34.6,0.416,0.397,0.424
kochi_vembanad,Kochi,Kerala,West Coast (Arabian Sea),9.9312,76.2673,1.5,2020 Vembanad Backwater Surge,2020-07-18T13:00,0.1,1006.5,2.9,11.9,0.413,0.398,0.424
kochi_vembanad,Kochi,Kerala,West Coast (Arabian Sea),9.9312,76.2673,1.5,2020 Vembanad Backwater Surge,2020-07-18T14:00,0.1,1007.1,3.1,6.5,0.411,0.398,0.423
kochi_vembanad,Kochi,Kerala,West Coast (Arabian Sea),9.9312,76.2673,1.5,2020 Vembanad Backwater Surge,2020-07-18T15:00,0.0,1008.0,3.6,6.5,0.409,0.398,0.422
kochi_vembanad,Kochi,Kerala,West Coast (Arabian Sea),9.9312,76.2673,1.5,2020 Vembanad Backwater Surge,2020-07-18T16:00,1.6,1008.7,3.1,29.9,0.425,0.399,0.422
kochi_vembanad,Kochi,Kerala,West Coast (Arabian Sea),9.9312,76.2673,1.5,2020 Vembanad Backwater Surge,2020-07-18T17:00,0.1,1008.8,2.6,6.1,0.421,0.4,0.421
kochi_vembanad,Kochi,Kerala,West Coast (Arabian Sea),9.9312,76.2673,1.5,2020 Vembanad Backwater Surge,2020-07-18T18:00,0.8,1008.8,3.1,24.5,0.427,0.402,0.42
kochi_vembanad,Kochi,Kerala,West Coast (Arabian Sea),9.9312,76.2673,1.5,2020 Vembanad Backwater Surge,2020-07-18T19:00,0.4,1008.2,2.7,25.2,0.425,0.403,0.42
kochi_vembanad,Kochi,Kerala,West Coast (Arabian Sea),9.9312,76.2673,1.5,2020 Vembanad Backwater Surge,2020-07-18T20:00,0.1,1007.3,2.9,6.5,0.421,0.405,0.419
kochi_vembanad,Kochi,Kerala,West Coast (Arabian Sea),9.9312,76.2673,1.5,2020 Vembanad Backwater Surge,2020-07-18T21:00,0.0,1006.8,4.1,8.3,0.417,0.405,0.419
kochi_vembanad,Kochi,Kerala,West Coast (Arabian Sea),9.9312,76.2673,1.5,2020 Vembanad Backwater Surge,2020-07-18T22:00,0.0,1006.6,3.8,8.3,0.415,0.406,0.418
kochi_vembanad,Kochi,Kerala,West Coast (Arabian Sea),9.9312,76.2673,1.5,2020 Vembanad Backwater Surge,2020-07-18T23:00,1.5,1006.6,7.9,32.0,0.43,0.407,0.418
kochi_vembanad,Kochi,Kerala,West Coast (Arabian Sea),9.9312,76.2673,1.5,2020 Vembanad Backwater Surge,2020-07-19T00:00,0.2,1006.8,5.5,14.8,0.422,0.406,0.417
kochi_vembanad,Kochi,Kerala,West Coast (Arabian Sea),9.9312,76.2673,1.5,2020 Vembanad Backwater Surge,2020-07-19T01:00,0.0,1007.1,5.6,10.4,0.418,0.407,0.416
kochi_vembanad,Kochi,Kerala,West Coast (Arabian Sea),9.9312,76.2673,1.5,2020 Vembanad Backwater Surge,2020-07-19T02:00,0.0,1007.6,6.8,14.0,0.416,0.407,0.416
kochi_vembanad,Kochi,Kerala,West Coast (Arabian Sea),9.9312,76.2673,1.5,2020 Vembanad Backwater Surge,2020-07-19T03:00,0.0,1007.9,5.1,14.0,0.413,0.408,0.415
kochi_vembanad,Kochi,Kerala,West Coast (Arabian Sea),9.9312,76.2673,1.5,2020 Vembanad Backwater Surge,2020-07-19T04:00,0.1,1008.4,4.8,14.8,0.411,0.408,0.415
kochi_vembanad,Kochi,Kerala,West Coast (Arabian Sea),9.9312,76.2673,1.5,2020 Vembanad Backwater Surge,2020-07-19T05:00,0.0,1008.2,4.7,15.1,0.409,0.407,0.414
kochi_vembanad,Kochi,Kerala,West Coast (Arabian Sea),9.9312,76.2673,1.5,2020 Vembanad Backwater Surge,2020-07-19T06:00,0.0,1007.9,6.3,16.6,0.406,0.407,0.413
kochi_vembanad,Kochi,Kerala,West Coast (Arabian Sea),9.9312,76.2673,1.5,2020 Vembanad Backwater Surge,2020-07-19T07:00,0.0,1007.1,9.5,20.9,0.403,0.407,0.413
kochi_vembanad,Kochi,Kerala,West Coast (Arabian Sea),9.9312,76.2673,1.5,2020 Vembanad Backwater Surge,2020-07-19T08:00,0.0,1006.2,12.1,27.0,0.4,0.406,0.412
kochi_vembanad,Kochi,Kerala,West Coast (Arabian Sea),9.9312,76.2673,1.5,2020 Vembanad Backwater Surge,2020-07-19T09:00,0.0,1005.5,12.1,26.3,0.397,0.406,0.411
kochi_vembanad,Kochi,Kerala,West Coast (Arabian Sea),9.9312,76.2673,1.5,2020 Vembanad Backwater Surge,2020-07-19T10:00,0.0,1004.6,13.2,27.7,0.394,0.405,0.411
kochi_vembanad,Kochi,Kerala,West Coast (Arabian Sea),9.9312,76.2673,1.5,2020 Vembanad Backwater Surge,2020-07-19T11:00,0.0,1004.5,13.0,27.7,0.393,0.405,0.41
kochi_vembanad,Kochi,Kerala,West Coast (Arabian Sea),9.9312,76.2673,1.5,2020 Vembanad Backwater Surge,2020-07-19T12:00,0.0,1003.9,5.3,25.9,0.391,0.404,0.41
kochi_vembanad,Kochi,Kerala,West Coast (Arabian Sea),9.9312,76.2673,1.5,2020 Vembanad Backwater Surge,2020-07-19T13:00,0.0,1004.5,6.2,12.6,0.391,0.403,0.409
kochi_vembanad,Kochi,Kerala,West Coast (Arabian Sea),9.9312,76.2673,1.5,2020 Vembanad Backwater Surge,2020-07-19T14:00,0.0,1005.5,6.4,11.9,0.39,0.403,0.409
kochi_vembanad,Kochi,Kerala,West Coast (Arabian Sea),9.9312,76.2673,1.5,2020 Vembanad Backwater Surge,2020-07-19T15:00,0.0,1006.6,9.3,16.6,0.39,0.403,0.408
kochi_vembanad,Kochi,Kerala,West Coast (Arabian Sea),9.9312,76.2673,1.5,2020 Vembanad Backwater Surge,2020-07-19T16:00,0.0,1007.5,7.6,17.3,0.39,0.402,0.408
kochi_vembanad,Kochi,Kerala,West Coast (Arabian Sea),9.9312,76.2673,1.5,2020 Vembanad Backwater Surge,2020-07-19T17:00,0.0,1007.7,3.7,13.7,0.39,0.402,0.407
kochi_vembanad,Kochi,Kerala,West Coast (Arabian Sea),9.9312,76.2673,1.5,2020 Vembanad Backwater Surge,2020-07-19T18:00,0.0,1007.6,4.6,6.5,0.39,0.402,0.407
kochi_vembanad,Kochi,Kerala,West Coast (Arabian Sea),9.9312,76.2673,1.5,2020 Vembanad Backwater Surge,2020-07-19T19:00,0.0,1006.8,3.6,6.8,0.39,0.402,0.406
kochi_vembanad,Kochi,Kerala,West Coast (Arabian Sea),9.9312,76.2673,1.5,2020 Vembanad Backwater Surge,2020-07-19T20:00,0.0,1006.0,2.8,5.8,0.39,0.401,0.406
kochi_vembanad,Kochi,Kerala,West Coast (Arabian Sea),9.9312,76.2673,1.5,2020 Vembanad Backwater Surge,2020-07-19T21:00,0.1,1005.7,2.5,5.0,0.39,0.401,0.405
kochi_vembanad,Kochi,Kerala,West Coast (Arabian Sea),9.9312,76.2673,1.5,2020 Vembanad Backwater Surge,2020-07-19T22:00,0.3,1005.2,3.1,6.1,0.392,0.401,0.405
kochi_vembanad,Kochi,Kerala,West Coast (Arabian Sea),9.9312,76.2673,1.5,2020 Vembanad Backwater Surge,2020-07-19T23:00,0.9,1005.4,3.2,9.0,0.4,0.401,0.404
kochi_vembanad,Kochi,Kerala,West Coast (Arabian Sea),9.9312,76.2673,1.5,2020 Vembanad Backwater Surge,2020-07-20T00:00,1.1,1004.9,6.2,6.8,0.423,0.406,0.402
kochi_vembanad,Kochi,Kerala,West Coast (Arabian Sea),9.9312,76.2673,1.5,2020 Vembanad Backwater Surge,2020-07-20T01:00,0.0,1005.5,5.4,10.8,0.418,0.407,0.401
kochi_vembanad,Kochi,Kerala,West Coast (Arabian Sea),9.9312,76.2673,1.5,2020 Vembanad Backwater Surge,2020-07-20T02:00,0.0,1005.9,2.3,13.3,0.415,0.407,0.401
kochi_vembanad,Kochi,Kerala,West Coast (Arabian Sea),9.9312,76.2673,1.5,2020 Vembanad Backwater Surge,2020-07-20T03:00,0.0,1006.1,3.1,10.8,0.412,0.407,0.4
kochi_vembanad,Kochi,Kerala,West Coast (Arabian Sea),9.9312,76.2673,1.5,2020 Vembanad Backwater Surge,2020-07-20T04:00,0.1,1006.4,7.1,17.3,0.41,0.407,0.4
kochi_vembanad,Kochi,Kerala,West Coast (Arabian Sea),9.9312,76.2673,1.5,2020 Vembanad Backwater Surge,2020-07-20T05:00,0.3,1006.5,14.8,30.2,0.41,0.407,0.4
kochi_vembanad,Kochi,Kerala,West Coast (Arabian Sea),9.9312,76.2673,1.5,2020 Vembanad Backwater Surge,2020-07-20T06:00,0.2,1006.3,15.5,33.5,0.407,0.407,0.399
kochi_vembanad,Kochi,Kerala,West Coast (Arabian Sea),9.9312,76.2673,1.5,2020 Vembanad Backwater Surge,2020-07-20T07:00,0.1,1005.9,15.8,33.8,0.403,0.406,0.398
kochi_vembanad,Kochi,Kerala,West Coast (Arabian Sea),9.9312,76.2673,1.5,2020 Vembanad Backwater Surge,2020-07-20T08:00,0.2,1005.3,15.8,33.5,0.402,0.406,0.398
kochi_vembanad,Kochi,Kerala,West Coast (Arabian Sea),9.9312,76.2673,1.5,2020 Vembanad Backwater Surge,2020-07-20T09:00,0.3,1004.7,14.4,34.6,0.403,0.406,0.397
kochi_vembanad,Kochi,Kerala,West Coast (Arabian Sea),9.9312,76.2673,1.5,2020 Vembanad Backwater Surge,2020-07-20T10:00,0.2,1003.5,16.4,31.3,0.403,0.405,0.397
kochi_vembanad,Kochi,Kerala,West Coast (Arabian Sea),9.9312,76.2673,1.5,2020 Vembanad Backwater Surge,2020-07-20T11:00,0.1,1003.5,15.1,33.1,0.402,0.405,0.397
kochi_vembanad,Kochi,Kerala,West Coast (Arabian Sea),9.9312,76.2673,1.5,2020 Vembanad Backwater Surge,2020-07-20T12:00,0.2,1005.1,10.8,31.3,0.4,0.407,0.398
kochi_vembanad,Kochi,Kerala,West Coast (Arabian Sea),9.9312,76.2673,1.5,2020 Vembanad Backwater Surge,2020-07-20T13:00,3.0,1006.0,12.3,36.4,0.433,0.409,0.398
kochi_vembanad,Kochi,Kerala,West Coast (Arabian Sea),9.9312,76.2673,1.5,2020 Vembanad Backwater Surge,2020-07-20T14:00,0.6,1006.7,5.0,22.3,0.43,0.412,0.398
kochi_vembanad,Kochi,Kerala,West Coast (Arabian Sea),9.9312,76.2673,1.5,2020 Vembanad Backwater Surge,2020-07-20T15:00,0.3,1007.7,6.0,11.9,0.427,0.414,0.397
kochi_vembanad,Kochi,Kerala,West Coast (Arabian Sea),9.9312,76.2673,1.5,2020 Vembanad Backwater Surge,2020-07-20T16:00,0.3,1008.5,8.3,18.7,0.426,0.415,0.397
kochi_vembanad,Kochi,Kerala,West Coast (Arabian Sea),9.9312,76.2673,1.5,2020 Vembanad Backwater Surge,2020-07-20T17:00,0.4,1008.8,4.7,21.6,0.426,0.416,0.397
kochi_vembanad,Kochi,Kerala,West Coast (Arabian Sea),9.9312,76.2673,1.5,2020 Vembanad Backwater Surge,2020-07-20T18:00,0.3,1008.6,2.3,9.4,0.425,0.417,0.396
kochi_vembanad,Kochi,Kerala,West Coast (Arabian Sea),9.9312,76.2673,1.5,2020 Vembanad Backwater Surge,2020-07-20T19:00,0.0,1007.6,1.8,4.3,0.422,0.417,0.396
kochi_vembanad,Kochi,Kerala,West Coast (Arabian Sea),9.9312,76.2673,1.5,2020 Vembanad Backwater Surge,2020-07-20T20:00,0.1,1006.9,5.6,11.2,0.42,0.417,0.396
kochi_vembanad,Kochi,Kerala,West Coast (Arabian Sea),9.9312,76.2673,1.5,2020 Vembanad Backwater Surge,2020-07-20T21:00,0.0,1006.0,10.8,19.1,0.418,0.417,0.396
kochi_vembanad,Kochi,Kerala,West Coast (Arabian Sea),9.9312,76.2673,1.5,2020 Vembanad Backwater Surge,2020-07-20T22:00,0.0,1005.1,9.4,19.8,0.416,0.417,0.395
kochi_vembanad,Kochi,Kerala,West Coast (Arabian Sea),9.9312,76.2673,1.5,2020 Vembanad Backwater Surge,2020-07-20T23:00,0.0,1004.9,6.5,17.6,0.414,0.417,0.395
kochi_vembanad,Kochi,Kerala,West Coast (Arabian Sea),9.9312,76.2673,1.5,2020 Vembanad Backwater Surge,2020-07-21T00:00,0.1,1005.4,7.2,12.2,0.406,0.414,0.395
kochi_vembanad,Kochi,Kerala,West Coast (Arabian Sea),9.9312,76.2673,1.5,2020 Vembanad Backwater Surge,2020-07-21T01:00,0.0,1005.8,3.6,12.6,0.405,0.413,0.394
kochi_vembanad,Kochi,Kerala,West Coast (Arabian Sea),9.9312,76.2673,1.5,2020 Vembanad Backwater Surge,2020-07-21T02:00,0.0,1006.6,6.2,30.6,0.405,0.413,0.394
kochi_vembanad,Kochi,Kerala,West Coast (Arabian Sea),9.9312,76.2673,1.5,2020 Vembanad Backwater Surge,2020-07-21T03:00,0.0,1006.9,4.3,13.0,0.403,0.412,0.394
kochi_vembanad,Kochi,Kerala,West Coast (Arabian Sea),9.9312,76.2673,1.5,2020 Vembanad Backwater Surge,2020-07-21T04:00,0.0,1007.3,2.9,13.3,0.401,0.412,0.393
kochi_vembanad,Kochi,Kerala,West Coast (Arabian Sea),9.9312,76.2673,1.5,2020 Vembanad Backwater Surge,2020-07-21T05:00,0.0,1007.7,6.4,16.6,0.399,0.411,0.393
kochi_vembanad,Kochi,Kerala,West Coast (Arabian Sea),9.9312,76.2673,1.5,2020 Vembanad Backwater Surge,2020-07-21T06:00,0.0,1007.7,9.8,23.4,0.395,0.41,0.393
kochi_vembanad,Kochi,Kerala,West Coast (Arabian Sea),9.9312,76.2673,1.5,2020 Vembanad Backwater Surge,2020-07-21T07:00,0.0,1006.9,11.8,25.9,0.391,0.409,0.392
kochi_vembanad,Kochi,Kerala,West Coast (Arabian Sea),9.9312,76.2673,1.5,2020 Vembanad Backwater Surge,2020-07-21T08:00,0.0,1006.0,16.4,33.5,0.387,0.408,0.392
kochi_vembanad,Kochi,Kerala,West Coast (Arabian Sea),9.9312,76.2673,1.5,2020 Vembanad Backwater Surge,2020-07-21T09:00,0.0,1005.3,18.7,38.5,0.384,0.407,0.391
kochi_vembanad,Kochi,Kerala,West Coast (Arabian Sea),9.9312,76.2673,1.5,2020 Vembanad Backwater Surge,2020-07-21T10:00,0.0,1004.7,17.1,38.2,0.382,0.406,0.391
kochi_vembanad,Kochi,Kerala,West Coast (Arabian Sea),9.9312,76.2673,1.5,2020 Vembanad Backwater Surge,2020-07-21T11:00,0.0,1004.8,16.1,34.6,0.381,0.405,0.391
kochi_vembanad,Kochi,Kerala,West Coast (Arabian Sea),9.9312,76.2673,1.5,2020 Vembanad Backwater Surge,2020-07-21T12:00,0.3,1004.2,14.9,31.7,0.378,0.405,0.39
kochi_vembanad,Kochi,Kerala,West Coast (Arabian Sea),9.9312,76.2673,1.5,2020 Vembanad Backwater Surge,2020-07-21T13:00,0.0,1004.4,10.3,27.7,0.378,0.404,0.39
kochi_vembanad,Kochi,Kerala,West Coast (Arabian Sea),9.9312,76.2673,1.5,2020 Vembanad Backwater Surge,2020-07-21T14:00,0.0,1005.3,7.7,18.7,0.379,0.403,0.39
kochi_vembanad,Kochi,Kerala,West Coast (Arabian Sea),9.9312,76.2673,1.5,2020 Vembanad Backwater Surge,2020-07-21T15:00,0.0,1006.2,7.0,13.7,0.379,0.403,0.389
kochi_vembanad,Kochi,Kerala,West Coast (Arabian Sea),9.9312,76.2673,1.5,2020 Vembanad Backwater Surge,2020-07-21T16:00,0.0,1006.9,6.1,12.6,0.379,0.402,0.389
kochi_vembanad,Kochi,Kerala,West Coast (Arabian Sea),9.9312,76.2673,1.5,2020 Vembanad Backwater Surge,2020-07-21T17:00,0.0,1007.7,5.6,11.5,0.38,0.402,0.389
kochi_vembanad,Kochi,Kerala,West Coast (Arabian Sea),9.9312,76.2673,1.5,2020 Vembanad Backwater Surge,2020-07-21T18:00,1.6,1007.9,5.8,11.9,0.397,0.401,0.388
kochi_vembanad,Kochi,Kerala,West Coast (Arabian Sea),9.9312,76.2673,1.5,2020 Vembanad Backwater Surge,2020-07-21T19:00,0.3,1007.1,3.8,11.2,0.4,0.401,0.388
kochi_vembanad,Kochi,Kerala,West Coast (Arabian Sea),9.9312,76.2673,1.5,2020 Vembanad Backwater Surge,2020-07-21T20:00,0.1,1006.3,2.5,10.4,0.4,0.401,0.388
kochi_vembanad,Kochi,Kerala,West Coast (Arabian Sea),9.9312,76.2673,1.5,2020 Vembanad Backwater Surge,2020-07-21T21:00,6.8,1006.4,5.2,9.7,0.439,0.417,0.387
kochi_vembanad,Kochi,Kerala,West Coast (Arabian Sea),9.9312,76.2673,1.5,2020 Vembanad Backwater Surge,2020-07-21T22:00,3.0,1006.5,9.4,17.3,0.439,0.427,0.387
kochi_vembanad,Kochi,Kerala,West Coast (Arabian Sea),9.9312,76.2673,1.5,2020 Vembanad Backwater Surge,2020-07-21T23:00,3.6,1006.8,4.0,18.0,0.428,0.437,0.389
kochi_vembanad,Kochi,Kerala,West Coast (Arabian Sea),9.9312,76.2673,1.5,2020 Vembanad Backwater Surge,2020-07-22T00:00,0.2,1006.2,1.4,7.9,0.409,0.402,0.387
kochi_vembanad,Kochi,Kerala,West Coast (Arabian Sea),9.9312,76.2673,1.5,2020 Vembanad Backwater Surge,2020-07-22T01:00,0.0,1006.4,2.4,5.8,0.407,0.402,0.387
kochi_vembanad,Kochi,Kerala,West Coast (Arabian Sea),9.9312,76.2673,1.5,2020 Vembanad Backwater Surge,2020-07-22T02:00,0.1,1006.8,4.9,11.5,0.407,0.402,0.386
kochi_vembanad,Kochi,Kerala,West Coast (Arabian Sea),9.9312,76.2673,1.5,2020 Vembanad Backwater Surge,2020-07-22T03:00,0.1,1007.2,4.3,13.7,0.406,0.402,0.386
kochi_vembanad,Kochi,Kerala,West Coast (Arabian Sea),9.9312,76.2673,1.5,2020 Vembanad Backwater Surge,2020-07-22T04:00,0.1,1007.5,3.4,13.7,0.405,0.402,0.386
kochi_vembanad,Kochi,Kerala,West Coast (Arabian Sea),9.9312,76.2673,1.5,2020 Vembanad Backwater Surge,2020-07-22T05:00,0.1,1007.4,4.0,14.8,0.402,0.402,0.385
kochi_vembanad,Kochi,Kerala,West Coast (Arabian Sea),9.9312,76.2673,1.5,2020 Vembanad Backwater Surge,2020-07-22T06:00,0.0,1007.0,5.9,16.9,0.399,0.401,0.385
kochi_vembanad,Kochi,Kerala,West Coast (Arabian Sea),9.9312,76.2673,1.5,2020 Vembanad Backwater Surge,2020-07-22T07:00,0.1,1006.7,13.0,27.7,0.396,0.401,0.385
kochi_vembanad,Kochi,Kerala,West Coast (Arabian Sea),9.9312,76.2673,1.5,2020 Vembanad Backwater Surge,2020-07-22T08:00,0.0,1005.8,13.7,29.9,0.393,0.4,0.384
kochi_vembanad,Kochi,Kerala,West Coast (Arabian Sea),9.9312,76.2673,1.5,2020 Vembanad Backwater Surge,2020-07-22T09:00,0.0,1005.1,14.0,30.2,0.389,0.399,0.384
kochi_vembanad,Kochi,Kerala,West Coast (Arabian Sea),9.9312,76.2673,1.5,2020 Vembanad Backwater Surge,2020-07-22T10:00,0.1,1004.5,8.9,29.5,0.388,0.399,0.384
kochi_vembanad,Kochi,Kerala,West Coast (Arabian Sea),9.9312,76.2673,1.5,2020 Vembanad Backwater Surge,2020-07-22T11:00,0.1,1004.3,8.4,20.2,0.388,0.399,0.383
kochi_vembanad,Kochi,Kerala,West Coast (Arabian Sea),9.9312,76.2673,1.5,2020 Vembanad Backwater Surge,2020-07-22T12:00,0.3,1004.9,7.9,18.0,0.399,0.398,0.383
kochi_vembanad,Kochi,Kerala,West Coast (Arabian Sea),9.9312,76.2673,1.5,2020 Vembanad Backwater Surge,2020-07-22T13:00,1.3,1005.5,5.8,16.6,0.411,0.398,0.383
kochi_vembanad,Kochi,Kerala,West Coast (Arabian Sea),9.9312,76.2673,1.5,2020 Vembanad Backwater Surge,2020-07-22T14:00,0.1,1006.0,4.3,11.2,0.41,0.398,0.383
kochi_vembanad,Kochi,Kerala,West Coast (Arabian Sea),9.9312,76.2673,1.5,2020 Vembanad Backwater Surge,2020-07-22T15:00,0.0,1006.7,4.8,10.8,0.408,0.399,0.383
kochi_vembanad,Kochi,Kerala,West Coast (Arabian Sea),9.9312,76.2673,1.5,2020 Vembanad Backwater Surge,2020-07-22T16:00,0.0,1007.0,3.8,9.7,0.406,0.399,0.382
kochi_vembanad,Kochi,Kerala,West Coast (Arabian Sea),9.9312,76.2673,1.5,2020 Vembanad Backwater Surge,2020-07-22T17:00,0.0,1007.6,3.3,7.9,0.405,0.399,0.382
kochi_vembanad,Kochi,Kerala,West Coast (Arabian Sea),9.9312,76.2673,1.5,2020 Vembanad Backwater Surge,2020-07-22T18:00,0.0,1007.3,3.3,7.6,0.404,0.399,0.382
kochi_vembanad,Kochi,Kerala,West Coast (Arabian Sea),9.9312,76.2673,1.5,2020 Vembanad Backwater Surge,2020-07-22T19:00,0.0,1006.8,3.6,7.2,0.403,0.399,0.381
kochi_vembanad,Kochi,Kerala,West Coast (Arabian Sea),9.9312,76.2673,1.5,2020 Vembanad Backwater Surge,2020-07-22T20:00,0.0,1006.1,3.2,6.5,0.402,0.399,0.381
kochi_vembanad,Kochi,Kerala,West Coast (Arabian Sea),9.9312,76.2673,1.5,2020 Vembanad Backwater Surge,2020-07-22T21:00,0.1,1005.6,3.4,8.6,0.402,0.399,0.381
kochi_vembanad,Kochi,Kerala,West Coast (Arabian Sea),9.9312,76.2673,1.5,2020 Vembanad Backwater Surge,2020-07-22T22:00,0.3,1005.4,3.9,10.1,0.404,0.399,0.381
kochi_vembanad,Kochi,Kerala,West Coast (Arabian Sea),9.9312,76.2673,1.5,2020 Vembanad Backwater Surge,2020-07-22T23:00,0.1,1004.9,7.0,11.2,0.404,0.399,0.38
kochi_vembanad,Kochi,Kerala,West Coast (Arabian Sea),9.9312,76.2673,1.5,2020 Vembanad Backwater Surge,2020-07-23T00:00,0.1,1005.5,8.7,13.0,0.406,0.401,0.38
kochi_vembanad,Kochi,Kerala,West Coast (Arabian Sea),9.9312,76.2673,1.5,2020 Vembanad Backwater Surge,2020-07-23T01:00,0.3,1005.5,9.6,18.4,0.407,0.401,0.38
kochi_vembanad,Kochi,Kerala,West Coast (Arabian Sea),9.9312,76.2673,1.5,2020 Vembanad Backwater Surge,2020-07-23T02:00,0.2,1006.1,9.3,18.7,0.407,0.401,0.38
kochi_vembanad,Kochi,Kerala,West Coast (Arabian Sea),9.9312,76.2673,1.5,2020 Vembanad Backwater Surge,2020-07-23T03:00,0.1,1007.0,8.8,19.1,0.406,0.401,0.38
kochi_vembanad,Kochi,Kerala,West Coast (Arabian Sea),9.9312,76.2673,1.5,2020 Vembanad Backwater Surge,2020-07-23T04:00,0.2,1007.5,9.1,19.4,0.406,0.401,0.379
kochi_vembanad,Kochi,Kerala,West Coast (Arabian Sea),9.9312,76.2673,1.5,2020 Vembanad Backwater Surge,2020-07-23T05:00,0.2,1007.7,9.8,24.1,0.405,0.401,0.379
kochi_vembanad,Kochi,Kerala,West Coast (Arabian Sea),9.9312,76.2673,1.5,2020 Vembanad Backwater Surge,2020-07-23T06:00,0.0,1007.0,7.2,23.4,0.403,0.401,0.379
kochi_vembanad,Kochi,Kerala,West Coast (Arabian Sea),9.9312,76.2673,1.5,2020 Vembanad Backwater Surge,2020-07-23T07:00,0.1,1006.6,14.2,28.8,0.4,0.401,0.379
kochi_vembanad,Kochi,Kerala,West Coast (Arabian Sea),9.9312,76.2673,1.5,2020 Vembanad Backwater Surge,2020-07-23T08:00,0.1,1006.1,20.0,40.3,0.397,0.4,0.378
kochi_vembanad,Kochi,Kerala,West Coast (Arabian Sea),9.9312,76.2673,1.5,2020 Vembanad Backwater Surge,2020-07-23T09:00,0.0,1005.0,14.3,39.6,0.395,0.4,0.378
kochi_vembanad,Kochi,Kerala,West Coast (Arabian Sea),9.9312,76.2673,1.5,2020 Vembanad Backwater Surge,2020-07-23T10:00,0.1,1005.2,17.6,33.8,0.394,0.399,0.378
kochi_vembanad,Kochi,Kerala,West Coast (Arabian Sea),9.9312,76.2673,1.5,2020 Vembanad Backwater Surge,2020-07-23T11:00,0.2,1005.3,16.0,34.9,0.395,0.399,0.377
kochi_vembanad,Kochi,Kerala,West Coast (Arabian Sea),9.9312,76.2673,1.5,2020 Vembanad Backwater Surge,2020-07-23T12:00,0.7,1005.1,16.3,31.0,0.385,0.397,0.377
kochi_vembanad,Kochi,Kerala,West Coast (Arabian Sea),9.9312,76.2673,1.5,2020 Vembanad Backwater Surge,2020-07-23T13:00,0.2,1005.6,16.2,30.6,0.386,0.397,0.377
kochi_vembanad,Kochi,Kerala,West Coast (Arabian Sea),9.9312,76.2673,1.5,2020 Vembanad Backwater Surge,2020-07-23T14:00,0.0,1006.6,14.4,29.2,0.385,0.397,0.377
kochi_vembanad,Kochi,Kerala,West Coast (Arabian Sea),9.9312,76.2673,1.5,2020 Vembanad Backwater Surge,2020-07-23T15:00,0.0,1007.1,14.5,26.3,0.385,0.396,0.376
kochi_vembanad,Kochi,Kerala,West Coast (Arabian Sea),9.9312,76.2673,1.5,2020 Vembanad Backwater Surge,2020-07-23T16:00,0.0,1007.7,12.4,26.3,0.385,0.396,0.376
kochi_vembanad,Kochi,Kerala,West Coast (Arabian Sea),9.9312,76.2673,1.5,2020 Vembanad Backwater Surge,2020-07-23T17:00,2.2,1008.0,8.5,22.0,0.41,0.396,0.376
kochi_vembanad,Kochi,Kerala,West Coast (Arabian Sea),9.9312,76.2673,1.5,2020 Vembanad Backwater Surge,2020-07-23T18:00,2.1,1008.1,9.0,18.4,0.432,0.398,0.376
kochi_vembanad,Kochi,Kerala,West Coast (Arabian Sea),9.9312,76.2673,1.5,2020 Vembanad Backwater Surge,2020-07-23T19:00,0.9,1007.9,8.8,22.0,0.431,0.402,0.375
kochi_vembanad,Kochi,Kerala,West Coast (Arabian Sea),9.9312,76.2673,1.5,2020 Vembanad Backwater Surge,2020-07-23T20:00,2.1,1007.4,12.1,27.0,0.433,0.41,0.375
kochi_vembanad,Kochi,Kerala,West Coast (Arabian Sea),9.9312,76.2673,1.5,2020 Vembanad Backwater Surge,2020-07-23T21:00,0.7,1006.9,10.6,27.7,0.432,0.412,0.375
kochi_vembanad,Kochi,Kerala,West Coast (Arabian Sea),9.9312,76.2673,1.5,2020 Vembanad Backwater Surge,2020-07-23T22:00,0.2,1006.5,10.7,27.7,0.427,0.414,0.375
kochi_vembanad,Kochi,Kerala,West Coast (Arabian Sea),9.9312,76.2673,1.5,2020 Vembanad Backwater Surge,2020-07-23T23:00,0.8,1006.7,13.5,28.1,0.431,0.415,0.375
kochi_vembanad,Kochi,Kerala,West Coast (Arabian Sea),9.9312,76.2673,1.5,2020 Vembanad Backwater Surge,2020-07-24T00:00,1.2,1007.1,8.6,28.8,0.417,0.403,0.375
kochi_vembanad,Kochi,Kerala,West Coast (Arabian Sea),9.9312,76.2673,1.5,2020 Vembanad Backwater Surge,2020-07-24T01:00,0.9,1007.7,10.4,20.2,0.425,0.404,0.374
kochi_vembanad,Kochi,Kerala,West Coast (Arabian Sea),9.9312,76.2673,1.5,2020 Vembanad Backwater Surge,2020-07-24T02:00,0.3,1008.5,9.2,19.4,0.423,0.405,0.374
kochi_vembanad,Kochi,Kerala,West Coast (Arabian Sea),9.9312,76.2673,1.5,2020 Vembanad Backwater Surge,2020-07-24T03:00,0.1,1008.5,11.0,22.3,0.42,0.406,0.374
kochi_vembanad,Kochi,Kerala,West Coast (Arabian Sea),9.9312,76.2673,1.5,2020 Vembanad Backwater Surge,2020-07-24T04:00,0.2,1008.5,11.2,23.8,0.417,0.407,0.374
kochi_vembanad,Kochi,Kerala,West Coast (Arabian Sea),9.9312,76.2673,1.5,2020 Vembanad Backwater Surge,2020-07-24T05:00,0.2,1008.6,12.8,27.7,0.415,0.407,0.374
kochi_vembanad,Kochi,Kerala,West Coast (Arabian Sea),9.9312,76.2673,1.5,2020 Vembanad Backwater Surge,2020-07-24T06:00,0.2,1008.6,13.8,29.5,0.413,0.407,0.374
kochi_vembanad,Kochi,Kerala,West Coast (Arabian Sea),9.9312,76.2673,1.5,2020 Vembanad Backwater Surge,2020-07-24T07:00,0.3,1007.8,17.7,34.6,0.412,0.407,0.373
kochi_vembanad,Kochi,Kerala,West Coast (Arabian Sea),9.9312,76.2673,1.5,2020 Vembanad Backwater Surge,2020-07-24T08:00,0.3,1007.4,17.3,35.6,0.411,0.406,0.373
kochi_vembanad,Kochi,Kerala,West Coast (Arabian Sea),9.9312,76.2673,1.5,2020 Vembanad Backwater Surge,2020-07-24T09:00,0.3,1006.6,16.2,36.4,0.411,0.406,0.373
kochi_vembanad,Kochi,Kerala,West Coast (Arabian Sea),9.9312,76.2673,1.5,2020 Vembanad Backwater Surge,2020-07-24T10:00,0.4,1006.2,16.8,33.1,0.412,0.406,0.373
kochi_vembanad,Kochi,Kerala,West Coast (Arabian Sea),9.9312,76.2673,1.5,2020 Vembanad Backwater Surge,2020-07-24T11:00,1.9,1006.1,17.8,34.9,0.43,0.406,0.373
kochi_vembanad,Kochi,Kerala,West Coast (Arabian Sea),9.9312,76.2673,1.5,2020 Vembanad Backwater Surge,2020-07-24T12:00,0.3,1006.6,14.2,34.6,0.421,0.415,0.373
kochi_vembanad,Kochi,Kerala,West Coast (Arabian Sea),9.9312,76.2673,1.5,2020 Vembanad Backwater Surge,2020-07-24T13:00,0.0,1006.8,10.6,26.6,0.419,0.415,0.373
kochi_vembanad,Kochi,Kerala,West Coast (Arabian Sea),9.9312,76.2673,1.5,2020 Vembanad Backwater Surge,2020-07-24T14:00,0.0,1007.6,6.6,19.1,0.416,0.415,0.373
kochi_vembanad,Kochi,Kerala,West Coast (Arabian Sea),9.9312,76.2673,1.5,2020 Vembanad Backwater Surge,2020-07-24T15:00,0.2,1008.3,6.0,12.6,0.416,0.414,0.373
kochi_vembanad,Kochi,Kerala,West Coast (Arabian Sea),9.9312,76.2673,1.5,2020 Vembanad Backwater Surge,2020-07-24T16:00,0.3,1008.9,4.3,11.9,0.417,0.414,0.373
kochi_vembanad,Kochi,Kerala,West Coast (Arabian Sea),9.9312,76.2673,1.5,2020 Vembanad Backwater Surge,2020-07-24T17:00,0.4,1009.2,5.0,9.4,0.419,0.414,0.373
kochi_vembanad,Kochi,Kerala,West Coast (Arabian Sea),9.9312,76.2673,1.5,2020 Vembanad Backwater Surge,2020-07-24T18:00,0.3,1008.9,3.9,9.7,0.419,0.414,0.373
kochi_vembanad,Kochi,Kerala,West Coast (Arabian Sea),9.9312,76.2673,1.5,2020 Vembanad Backwater Surge,2020-07-24T19:00,0.1,1007.7,7.3,14.0,0.418,0.414,0.373
kochi_vembanad,Kochi,Kerala,West Coast (Arabian Sea),9.9312,76.2673,1.5,2020 Vembanad Backwater Surge,2020-07-24T20:00,0.1,1007.3,6.1,13.3,0.417,0.414,0.373
kochi_vembanad,Kochi,Kerala,West Coast (Arabian Sea),9.9312,76.2673,1.5,2020 Vembanad Backwater Surge,2020-07-24T21:00,0.2,1007.0,2.3,17.6,0.418,0.414,0.373
kochi_vembanad,Kochi,Kerala,West Coast (Arabian Sea),9.9312,76.2673,1.5,2020 Vembanad Backwater Surge,2020-07-24T22:00,0.7,1006.5,1.6,16.9,0.424,0.414,0.373
kochi_vembanad,Kochi,Kerala,West Coast (Arabian Sea),9.9312,76.2673,1.5,2020 Vembanad Backwater Surge,2020-07-24T23:00,0.9,1006.7,1.3,13.0,0.43,0.415,0.373
kochi_vembanad,Kochi,Kerala,West Coast (Arabian Sea),9.9312,76.2673,1.5,2020 Vembanad Backwater Surge,2020-07-25T00:00,1.3,1007.8,5.4,13.3,0.431,0.418,0.374
kochi_vembanad,Kochi,Kerala,West Coast (Arabian Sea),9.9312,76.2673,1.5,2020 Vembanad Backwater Surge,2020-07-25T01:00,2.9,1008.2,6.5,16.9,0.439,0.427,0.374
kochi_vembanad,Kochi,Kerala,West Coast (Arabian Sea),9.9312,76.2673,1.5,2020 Vembanad Backwater Surge,2020-07-25T02:00,1.0,1008.6,4.2,18.7,0.435,0.43,0.374
kochi_vembanad,Kochi,Kerala,West Coast (Arabian Sea),9.9312,76.2673,1.5,2020 Vembanad Backwater Surge,2020-07-25T03:00,0.1,1008.9,5.5,14.0,0.429,0.429,0.375
kochi_vembanad,Kochi,Kerala,West Coast (Arabian Sea),9.9312,76.2673,1.5,2020 Vembanad Backwater Surge,2020-07-25T04:00,0.0,1009.4,5.5,14.8,0.426,0.428,0.375
kochi_vembanad,Kochi,Kerala,West Coast (Arabian Sea),9.9312,76.2673,1.5,2020 Vembanad Backwater Surge,2020-07-25T05:00,0.1,1009.6,1.8,23.4,0.423,0.427,0.376
kochi_vembanad,Kochi,Kerala,West Coast (Arabian Sea),9.9312,76.2673,1.5,2020 Vembanad Backwater Surge,2020-07-25T06:00,0.2,1009.6,7.3,28.1,0.42,0.426,0.376
kochi_vembanad,Kochi,Kerala,West Coast (Arabian Sea),9.9312,76.2673,1.5,2020 Vembanad Backwater Surge,2020-07-25T07:00,1.1,1009.5,9.2,33.1,0.427,0.425,0.376
kochi_vembanad,Kochi,Kerala,West Coast (Arabian Sea),9.9312,76.2673,1.5,2020 Vembanad Backwater Surge,2020-07-25T08:00,0.2,1009.4,8.9,28.8,0.424,0.424,0.376
kochi_vembanad,Kochi,Kerala,West Coast (Arabian Sea),9.9312,76.2673,1.5,2020 Vembanad Backwater Surge,2020-07-25T09:00,0.1,1008.6,6.5,27.0,0.421,0.423,0.376
kochi_vembanad,Kochi,Kerala,West Coast (Arabian Sea),9.9312,76.2673,1.5,2020 Vembanad Backwater Surge,2020-07-25T10:00,0.1,1007.9,7.9,28.8,0.419,0.422,0.376
kochi_vembanad,Kochi,Kerala,West Coast (Arabian Sea),9.9312,76.2673,1.5,2020 Vembanad Backwater Surge,2020-07-25T11:00,0.1,1007.7,6.1,29.2,0.416,0.421,0.377
kochi_vembanad,Kochi,Kerala,West Coast (Arabian Sea),9.9312,76.2673,1.5,2020 Vembanad Backwater Surge,2020-07-25T12:00,0.3,1008.0,9.4,27.0,0.427,0.41,0.376
kochi_vembanad,Kochi,Kerala,West Coast (Arabian Sea),9.9312,76.2673,1.5,2020 Vembanad Backwater Surge,2020-07-25T13:00,0.4,1008.4,2.7,23.8,0.425,0.411,0.376
kochi_vembanad,Kochi,Kerala,West Coast (Arabian Sea),9.9312,76.2673,1.5,2020 Vembanad Backwater Surge,2020-07-25T14:00,0.0,1009.1,2.3,5.8,0.421,0.412,0.376
kochi_vembanad,Kochi,Kerala,West Coast (Arabian Sea),9.9312,76.2673,1.5,2020 Vembanad Backwater Surge,2020-07-25T15:00,0.7,1009.9,1.8,11.9,0.425,0.413,0.376
kochi_vembanad,Kochi,Kerala,West Coast (Arabian Sea),9.9312,76.2673,1.5,2020 Vembanad Backwater Surge,2020-07-25T16:00,0.0,1010.5,2.9,4.7,0.421,0.413,0.376
kochi_vembanad,Kochi,Kerala,West Coast (Arabian Sea),9.9312,76.2673,1.5,2020 Vembanad Backwater Surge,2020-07-25T17:00,0.1,1011.2,3.6,5.8,0.419,0.414,0.376
kochi_vembanad,Kochi,Kerala,West Coast (Arabian Sea),9.9312,76.2673,1.5,2020 Vembanad Backwater Surge,2020-07-25T18:00,0.5,1011.3,1.8,15.8,0.423,0.414,0.375
kochi_vembanad,Kochi,Kerala,West Coast (Arabian Sea),9.9312,76.2673,1.5,2020 Vembanad Backwater Surge,2020-07-25T19:00,0.9,1011.0,3.7,16.2,0.429,0.415,0.375
kochi_vembanad,Kochi,Kerala,West Coast (Arabian Sea),9.9312,76.2673,1.5,2020 Vembanad Backwater Surge,2020-07-25T20:00,0.9,1010.2,4.0,16.6,0.432,0.417,0.375
kochi_vembanad,Kochi,Kerala,West Coast (Arabian Sea),9.9312,76.2673,1.5,2020 Vembanad Backwater Surge,2020-07-25T21:00,0.4,1009.7,4.6,17.3,0.43,0.418,0.376
kochi_vembanad,Kochi,Kerala,West Coast (Arabian Sea),9.9312,76.2673,1.5,2020 Vembanad Backwater Surge,2020-07-25T22:00,0.5,1009.1,4.5,17.3,0.429,0.42,0.376
kochi_vembanad,Kochi,Kerala,West Coast (Arabian Sea),9.9312,76.2673,1.5,2020 Vembanad Backwater Surge,2020-07-25T23:00,0.2,1009.3,4.0,16.6,0.427,0.42,0.376
kochi_vembanad,Kochi,Kerala,West Coast (Arabian Sea),9.9312,76.2673,1.5,2020 Vembanad Backwater Surge,2020-07-26T00:00,0.6,1009.9,3.0,19.4,0.417,0.421,0.38
kochi_vembanad,Kochi,Kerala,West Coast (Arabian Sea),9.9312,76.2673,1.5,2020 Vembanad Backwater Surge,2020-07-26T01:00,0.4,1010.2,3.3,13.3,0.42,0.421,0.38
kochi_vembanad,Kochi,Kerala,West Coast (Arabian Sea),9.9312,76.2673,1.5,2020 Vembanad Backwater Surge,2020-07-26T02:00,1.1,1010.9,6.5,18.7,0.429,0.421,0.38
kochi_vembanad,Kochi,Kerala,West Coast (Arabian Sea),9.9312,76.2673,1.5,2020 Vembanad Backwater Surge,2020-07-26T03:00,0.1,1011.6,7.9,23.0,0.426,0.421,0.38
kochi_vembanad,Kochi,Kerala,West Coast (Arabian Sea),9.9312,76.2673,1.5,2020 Vembanad Backwater Surge,2020-07-26T04:00,0.2,1012.0,6.6,23.4,0.423,0.421,0.38
kochi_vembanad,Kochi,Kerala,West Coast (Arabian Sea),9.9312,76.2673,1.5,2020 Vembanad Backwater Surge,2020-07-26T05:00,0.2,1012.1,8.6,26.3,0.421,0.421,0.38
kochi_vembanad,Kochi,Kerala,West Coast (Arabian Sea),9.9312,76.2673,1.5,2020 Vembanad Backwater Surge,2020-07-26T06:00,0.2,1011.8,7.6,26.6,0.419,0.42,0.38
kochi_vembanad,Kochi,Kerala,West Coast (Arabian Sea),9.9312,76.2673,1.5,2020 Vembanad Backwater Surge,2020-07-26T07:00,0.1,1011.0,8.3,28.1,0.416,0.419,0.38
kochi_vembanad,Kochi,Kerala,West Coast (Arabian Sea),9.9312,76.2673,1.5,2020 Vembanad Backwater Surge,2020-07-26T08:00,0.0,1010.2,7.9,27.4,0.413,0.418,0.38
kochi_vembanad,Kochi,Kerala,West Coast (Arabian Sea),9.9312,76.2673,1.5,2020 Vembanad Backwater Surge,2020-07-26T09:00,0.0,1009.3,9.0,21.2,0.409,0.417,0.38
kochi_vembanad,Kochi,Kerala,West Coast (Arabian Sea),9.9312,76.2673,1.5,2020 Vembanad Backwater Surge,2020-07-26T10:00,0.0,1008.7,7.7,22.3,0.406,0.416,0.38
kochi_vembanad,Kochi,Kerala,West Coast (Arabian Sea),9.9312,76.2673,1.5,2020 Vembanad Backwater Surge,2020-07-26T11:00,0.0,1008.3,8.0,19.8,0.403,0.415,0.38
kochi_vembanad,Kochi,Kerala,West Coast (Arabian Sea),9.9312,76.2673,1.5,2020 Vembanad Backwater Surge,2020-07-26T12:00,0.0,1008.5,7.1,18.7,0.399,0.415,0.38
kochi_vembanad,Kochi,Kerala,West Coast (Arabian Sea),9.9312,76.2673,1.5,2020 Vembanad Backwater Surge,2020-07-26T13:00,0.0,1008.8,6.3,14.8,0.399,0.414,0.38
kochi_vembanad,Kochi,Kerala,West Coast (Arabian Sea),9.9312,76.2673,1.5,2020 Vembanad Backwater Surge,2020-07-26T14:00,0.0,1009.6,5.0,11.2,0.398,0.413,0.38
kochi_vembanad,Kochi,Kerala,West Coast (Arabian Sea),9.9312,76.2673,1.5,2020 Vembanad Backwater Surge,2020-07-26T15:00,0.0,1010.3,4.5,9.0,0.398,0.413,0.38
kochi_vembanad,Kochi,Kerala,West Coast (Arabian Sea),9.9312,76.2673,1.5,2020 Vembanad Backwater Surge,2020-07-26T16:00,0.0,1010.8,3.6,8.3,0.397,0.412,0.38
kochi_vembanad,Kochi,Kerala,West Coast (Arabian Sea),9.9312,76.2673,1.5,2020 Vembanad Backwater Surge,2020-07-26T17:00,0.0,1010.9,3.8,6.1,0.397,0.411,0.38
kochi_vembanad,Kochi,Kerala,West Coast (Arabian Sea),9.9312,76.2673,1.5,2020 Vembanad Backwater Surge,2020-07-26T18:00,0.0,1011.0,1.1,5.8,0.397,0.411,0.38
kochi_vembanad,Kochi,Kerala,West Coast (Arabian Sea),9.9312,76.2673,1.5,2020 Vembanad Backwater Surge,2020-07-26T19:00,0.0,1010.4,0.7,2.2,0.396,0.41,0.38
kochi_vembanad,Kochi,Kerala,West Coast (Arabian Sea),9.9312,76.2673,1.5,2020 Vembanad Backwater Surge,2020-07-26T20:00,0.1,1009.9,0.5,10.1,0.397,0.409,0.38
kochi_vembanad,Kochi,Kerala,West Coast (Arabian Sea),9.9312,76.2673,1.5,2020 Vembanad Backwater Surge,2020-07-26T21:00,0.1,1009.4,2.4,12.6,0.397,0.409,0.38
kochi_vembanad,Kochi,Kerala,West Coast (Arabian Sea),9.9312,76.2673,1.5,2020 Vembanad Backwater Surge,2020-07-26T22:00,0.1,1009.2,3.6,6.5,0.398,0.408,0.379
kochi_vembanad,Kochi,Kerala,West Coast (Arabian Sea),9.9312,76.2673,1.5,2020 Vembanad Backwater Surge,2020-07-26T23:00,0.0,1009.0,4.3,9.4,0.397,0.408,0.379
kochi_vembanad,Kochi,Kerala,West Coast (Arabian Sea),9.9312,76.2673,1.5,2020 Vembanad Backwater Surge,2020-07-27T00:00,0.1,1009.3,5.6,9.0,0.408,0.409,0.379
kochi_vembanad,Kochi,Kerala,West Coast (Arabian Sea),9.9312,76.2673,1.5,2020 Vembanad Backwater Surge,2020-07-27T01:00,0.0,1009.7,4.3,10.4,0.407,0.408,0.379
kochi_vembanad,Kochi,Kerala,West Coast (Arabian Sea),9.9312,76.2673,1.5,2020 Vembanad Backwater Surge,2020-07-27T02:00,0.0,1010.1,3.9,10.4,0.406,0.408,0.379
kochi_vembanad,Kochi,Kerala,West Coast (Arabian Sea),9.9312,76.2673,1.5,2020 Vembanad Backwater Surge,2020-07-27T03:00,0.0,1010.6,7.3,22.3,0.405,0.408,0.379
kochi_vembanad,Kochi,Kerala,West Coast (Arabian Sea),9.9312,76.2673,1.5,2020 Vembanad Backwater Surge,2020-07-27T04:00,0.1,1010.7,7.9,24.1,0.403,0.407,0.379
kochi_vembanad,Kochi,Kerala,West Coast (Arabian Sea),9.9312,76.2673,1.5,2020 Vembanad Backwater Surge,2020-07-27T05:00,0.1,1010.4,8.7,20.9,0.401,0.407,0.379
kochi_vembanad,Kochi,Kerala,West Coast (Arabian Sea),9.9312,76.2673,1.5,2020 Vembanad Backwater Surge,2020-07-27T06:00,0.1,1009.9,13.6,29.2,0.398,0.406,0.379
kochi_vembanad,Kochi,Kerala,West Coast (Arabian Sea),9.9312,76.2673,1.5,2020 Vembanad Backwater Surge,2020-07-27T07:00,0.0,1009.2,14.7,31.7,0.394,0.405,0.378
kochi_vembanad,Kochi,Kerala,West Coast (Arabian Sea),9.9312,76.2673,1.5,2020 Vembanad Backwater Surge,2020-07-27T08:00,0.0,1008.2,14.3,32.0,0.39,0.404,0.378
kochi_vembanad,Kochi,Kerala,West Coast (Arabian Sea),9.9312,76.2673,1.5,2020 Vembanad Backwater Surge,2020-07-27T09:00,0.0,1007.4,16.3,33.8,0.387,0.403,0.378
kochi_vembanad,Kochi,Kerala,West Coast (Arabian Sea),9.9312,76.2673,1.5,2020 Vembanad Backwater Surge,2020-07-27T10:00,0.0,1006.8,15.8,33.8,0.384,0.402,0.378
kochi_vembanad,Kochi,Kerala,West Coast (Arabian Sea),9.9312,76.2673,1.5,2020 Vembanad Backwater Surge,2020-07-27T11:00,0.0,1006.5,16.6,32.8,0.382,0.402,0.377
kochi_vembanad,Kochi,Kerala,West Coast (Arabian Sea),9.9312,76.2673,1.5,2020 Vembanad Backwater Surge,2020-07-27T12:00,0.0,1006.5,15.4,32.8,0.377,0.397,0.377
kochi_vembanad,Kochi,Kerala,West Coast (Arabian Sea),9.9312,76.2673,1.5,2020 Vembanad Backwater Surge,2020-07-27T13:00,0.0,1007.1,13.0,28.8,0.376,0.397,0.376
kochi_vembanad,Kochi,Kerala,West Coast (Arabian Sea),9.9312,76.2673,1.5,2020 Vembanad Backwater Surge,2020-07-27T14:00,0.0,1007.9,10.6,23.4,0.376,0.396,0.376
kochi_vembanad,Kochi,Kerala,West Coast (Arabian Sea),9.9312,76.2673,1.5,2020 Vembanad Backwater Surge,2020-07-27T15:00,0.0,1008.9,8.5,19.1,0.377,0.396,0.376
kochi_vembanad,Kochi,Kerala,West Coast (Arabian Sea),9.9312,76.2673,1.5,2020 Vembanad Backwater Surge,2020-07-27T16:00,0.5,1009.5,9.7,19.1,0.381,0.395,0.376
kochi_vembanad,Kochi,Kerala,West Coast (Arabian Sea),9.9312,76.2673,1.5,2020 Vembanad Backwater Surge,2020-07-27T17:00,0.7,1010.0,12.9,22.7,0.388,0.395,0.376
kochi_vembanad,Kochi,Kerala,West Coast (Arabian Sea),9.9312,76.2673,1.5,2020 Vembanad Backwater Surge,2020-07-27T18:00,0.2,1010.0,11.8,24.8,0.389,0.395,0.376
kochi_vembanad,Kochi,Kerala,West Coast (Arabian Sea),9.9312,76.2673,1.5,2020 Vembanad Backwater Surge,2020-07-27T19:00,0.1,1009.1,12.5,26.3,0.39,0.395,0.376
kochi_vembanad,Kochi,Kerala,West Coast (Arabian Sea),9.9312,76.2673,1.5,2020 Vembanad Backwater Surge,2020-07-27T20:00,0.1,1008.4,11.0,22.3,0.39,0.395,0.375
kochi_vembanad,Kochi,Kerala,West Coast (Arabian Sea),9.9312,76.2673,1.5,2020 Vembanad Backwater Surge,2020-07-27T21:00,1.7,1007.9,12.4,26.6,0.411,0.395,0.375
kochi_vembanad,Kochi,Kerala,West Coast (Arabian Sea),9.9312,76.2673,1.5,2020 Vembanad Backwater Surge,2020-07-27T22:00,1.1,1007.1,9.4,25.9,0.421,0.396,0.375
kochi_vembanad,Kochi,Kerala,West Coast (Arabian Sea),9.9312,76.2673,1.5,2020 Vembanad Backwater Surge,2020-07-27T23:00,0.7,1007.3,8.8,20.5,0.425,0.397,0.375
kochi_vembanad,Kochi,Kerala,West Coast (Arabian Sea),9.9312,76.2673,1.5,2020 Vembanad Backwater Surge,2020-07-28T00:00,0.7,1007.6,8.7,25.6,0.42,0.401,0.375
kochi_vembanad,Kochi,Kerala,West Coast (Arabian Sea),9.9312,76.2673,1.5,2020 Vembanad Backwater Surge,2020-07-28T01:00,0.9,1008.0,10.6,22.7,0.426,0.403,0.375
kochi_vembanad,Kochi,Kerala,West Coast (Arabian Sea),9.9312,76.2673,1.5,2020 Vembanad Backwater Surge,2020-07-28T02:00,0.5,1008.6,13.4,25.9,0.425,0.405,0.374
kochi_vembanad,Kochi,Kerala,West Coast (Arabian Sea),9.9312,76.2673,1.5,2020 Vembanad Backwater Surge,2020-07-28T03:00,0.0,1008.6,10.0,25.9,0.421,0.406,0.374
kochi_vembanad,Kochi,Kerala,West Coast (Arabian Sea),9.9312,76.2673,1.5,2020 Vembanad Backwater Surge,2020-07-28T04:00,0.2,1008.5,11.0,23.8,0.418,0.407,0.374
kochi_vembanad,Kochi,Kerala,West Coast (Arabian Sea),9.9312,76.2673,1.5,2020 Vembanad Backwater Surge,2020-07-28T05:00,0.4,1008.4,12.2,30.6,0.418,0.407,0.374
kochi_vembanad,Kochi,Kerala,West Coast (Arabian Sea),9.9312,76.2673,1.5,2020 Vembanad Backwater Surge,2020-07-28T06:00,0.2,1008.7,16.1,36.0,0.414,0.407,0.374
kochi_vembanad,Kochi,Kerala,West Coast (Arabian Sea),9.9312,76.2673,1.5,2020 Vembanad Backwater Surge,2020-07-28T07:00,1.9,1007.8,18.4,41.0,0.426,0.409,0.374
kochi_vembanad,Kochi,Kerala,West Coast (Arabian Sea),9.9312,76.2673,1.5,2020 Vembanad Backwater Surge,2020-07-28T08:00,0.0,1006.6,15.2,36.7,0.421,0.409,0.374
kochi_vembanad,Kochi,Kerala,West Coast (Arabian Sea),9.9312,76.2673,1.5,2020 Vembanad Backwater Surge,2020-07-28T09:00,0.0,1006.1,15.1,30.6,0.417,0.41,0.374
kochi_vembanad,Kochi,Kerala,West Coast (Arabian Sea),9.9312,76.2673,1.5,2020 Vembanad Backwater Surge,2020-07-28T10:00,0.4,1005.4,14.4,33.5,0.416,0.41,0.374
kochi_vembanad,Kochi,Kerala,West Coast (Arabian Sea),9.9312,76.2673,1.5,2020 Vembanad Backwater Surge,2020-07-28T11:00,0.1,1004.8,11.0,31.3,0.414,0.41,0.374
kochi_vembanad,Kochi,Kerala,West Coast (Arabian Sea),9.9312,76.2673,1.5,2020 Vembanad Backwater Surge,2020-07-28T12:00,2.0,1005.4,15.5,33.1,0.417,0.41,0.375
kochi_vembanad,Kochi,Kerala,West Coast (Arabian Sea),9.9312,76.2673,1.5,2020 Vembanad Backwater Surge,2020-07-28T13:00,1.7,1006.0,12.4,32.8,0.43,0.411,0.375
kochi_vembanad,Kochi,Kerala,West Coast (Arabian Sea),9.9312,76.2673,1.5,2020 Vembanad Backwater Surge,2020-07-28T14:00,0.5,1006.6,10.9,23.4,0.43,0.413,0.375
kochi_vembanad,Kochi,Kerala,West Coast (Arabian Sea),9.9312,76.2673,1.5,2020 Vembanad Backwater Surge,2020-07-28T15:00,1.7,1007.5,14.2,28.1,0.437,0.417,0.375
kochi_vembanad,Kochi,Kerala,West Coast (Arabian Sea),9.9312,76.2673,1.5,2020 Vembanad Backwater Surge,2020-07-28T16:00,0.8,1008.1,11.6,28.4,0.431,0.421,0.375
kochi_vembanad,Kochi,Kerala,West Coast (Arabian Sea),9.9312,76.2673,1.5,2020 Vembanad Backwater Surge,2020-07-28T17:00,3.4,1008.3,13.0,27.4,0.438,0.43,0.375
kochi_vembanad,Kochi,Kerala,West Coast (Arabian Sea),9.9312,76.2673,1.5,2020 Vembanad Backwater Surge,2020-07-28T18:00,0.8,1007.8,10.9,27.0,0.432,0.432,0.376
kochi_vembanad,Kochi,Kerala,West Coast (Arabian Sea),9.9312,76.2673,1.5,2020 Vembanad Backwater Surge,2020-07-28T19:00,0.6,1007.4,8.4,21.6,0.435,0.431,0.377
kochi_vembanad,Kochi,Kerala,West Coast (Arabian Sea),9.9312,76.2673,1.5,2020 Vembanad Backwater Surge,2020-07-28T20:00,1.7,1006.7,13.6,26.6,0.437,0.434,0.378
kochi_vembanad,Kochi,Kerala,West Coast (Arabian Sea),9.9312,76.2673,1.5,2020 Vembanad Backwater Surge,2020-07-28T21:00,0.5,1005.9,14.5,31.0,0.434,0.433,0.378
kochi_vembanad,Kochi,Kerala,West Coast (Arabian Sea),9.9312,76.2673,1.5,2020 Vembanad Backwater Surge,2020-07-28T22:00,1.0,1005.7,11.2,30.2,0.439,0.433,0.379
kochi_vembanad,Kochi,Kerala,West Coast (Arabian Sea),9.9312,76.2673,1.5,2020 Vembanad Backwater Surge,2020-07-28T23:00,2.0,1005.8,10.0,27.0,0.436,0.437,0.381
kochi_vembanad,Kochi,Kerala,West Coast (Arabian Sea),9.9312,76.2673,1.5,2020 Vembanad Backwater Surge,2020-07-29T00:00,0.6,1005.9,9.4,24.8,0.436,0.438,0.387
kochi_vembanad,Kochi,Kerala,West Coast (Arabian Sea),9.9312,76.2673,1.5,2020 Vembanad Backwater Surge,2020-07-29T01:00,2.0,1006.2,8.8,21.2,0.435,0.438,0.39
kochi_vembanad,Kochi,Kerala,West Coast (Arabian Sea),9.9312,76.2673,1.5,2020 Vembanad Backwater Surge,2020-07-29T02:00,1.4,1006.8,8.4,20.2,0.439,0.437,0.391
kochi_vembanad,Kochi,Kerala,West Coast (Arabian Sea),9.9312,76.2673,1.5,2020 Vembanad Backwater Surge,2020-07-29T03:00,1.3,1007.2,7.6,20.2,0.438,0.437,0.393
kochi_vembanad,Kochi,Kerala,West Coast (Arabian Sea),9.9312,76.2673,1.5,2020 Vembanad Backwater Surge,2020-07-29T04:00,3.9,1007.8,13.3,31.7,0.439,0.439,0.395
kochi_vembanad,Kochi,Kerala,West Coast (Arabian Sea),9.9312,76.2673,1.5,2020 Vembanad Backwater Surge,2020-07-29T05:00,2.0,1007.9,9.7,32.0,0.438,0.437,0.398
kochi_vembanad,Kochi,Kerala,West Coast (Arabian Sea),9.9312,76.2673,1.5,2020 Vembanad Backwater Surge,2020-07-29T06:00,2.6,1007.7,10.8,27.0,0.437,0.439,0.4
kochi_vembanad,Kochi,Kerala,West Coast (Arabian Sea),9.9312,76.2673,1.5,2020 Vembanad Backwater Surge,2020-07-29T07:00,3.4,1007.2,14.6,37.4,0.435,0.439,0.404
kochi_vembanad,Kochi,Kerala,West Coast (Arabian Sea),9.9312,76.2673,1.5,2020 Vembanad Backwater Surge,2020-07-29T08:00,2.8,1006.1,9.7,36.0,0.436,0.439,0.407
kochi_vembanad,Kochi,Kerala,West Coast (Arabian Sea),9.9312,76.2673,1.5,2020 Vembanad Backwater Surge,2020-07-29T09:00,1.7,1005.7,8.2,26.3,0.43,0.438,0.41
kochi_vembanad,Kochi,Kerala,West Coast (Arabian Sea),9.9312,76.2673,1.5,2020 Vembanad Backwater Surge,2020-07-29T10:00,3.0,1005.6,15.5,30.2,0.437,0.439,0.411
kochi_vembanad,Kochi,Kerala,West Coast (Arabian Sea),9.9312,76.2673,1.5,2020 Vembanad Backwater Surge,2020-07-29T11:00,1.9,1005.5,14.8,32.0,0.439,0.437,0.414
kochi_vembanad,Kochi,Kerala,West Coast (Arabian Sea),9.9312,76.2673,1.5,2020 Vembanad Backwater Surge,2020-07-29T12:00,2.0,1006.0,12.9,32.4,0.439,0.438,0.41
kochi_vembanad,Kochi,Kerala,West Coast (Arabian Sea),9.9312,76.2673,1.5,2020 Vembanad Backwater Surge,2020-07-29T13:00,3.2,1006.7,12.7,32.8,0.439,0.439,0.413
kochi_vembanad,Kochi,Kerala,West Coast (Arabian Sea),9.9312,76.2673,1.5,2020 Vembanad Backwater Surge,2020-07-29T14:00,5.3,1007.3,12.0,34.2,0.439,0.439,0.417
kochi_vembanad,Kochi,Kerala,West Coast (Arabian Sea),9.9312,76.2673,1.5,2020 Vembanad Backwater Surge,2020-07-29T15:00,5.4,1008.1,12.4,32.0,0.439,0.439,0.422
kochi_vembanad,Kochi,Kerala,West Coast (Arabian Sea),9.9312,76.2673,1.5,2020 Vembanad Backwater Surge,2020-07-29T16:00,6.8,1008.6,14.5,31.0,0.439,0.439,0.428
kochi_vembanad,Kochi,Kerala,West Coast (Arabian Sea),9.9312,76.2673,1.5,2020 Vembanad Backwater Surge,2020-07-29T17:00,5.4,1008.9,12.6,35.6,0.439,0.439,0.434
kochi_vembanad,Kochi,Kerala,West Coast (Arabian Sea),9.9312,76.2673,1.5,2020 Vembanad Backwater Surge,2020-07-29T18:00,5.1,1008.7,13.8,33.8,0.436,0.438,0.439
kochi_vembanad,Kochi,Kerala,West Coast (Arabian Sea),9.9312,76.2673,1.5,2020 Vembanad Backwater Surge,2020-07-29T19:00,5.8,1008.0,11.0,33.1,0.437,0.439,0.439
kochi_vembanad,Kochi,Kerala,West Coast (Arabian Sea),9.9312,76.2673,1.5,2020 Vembanad Backwater Surge,2020-07-29T20:00,4.8,1007.4,13.6,34.6,0.439,0.433,0.439
kochi_vembanad,Kochi,Kerala,West Coast (Arabian Sea),9.9312,76.2673,1.5,2020 Vembanad Backwater Surge,2020-07-29T21:00,4.2,1006.7,7.7,33.8,0.437,0.433,0.439
kochi_vembanad,Kochi,Kerala,West Coast (Arabian Sea),9.9312,76.2673,1.5,2020 Vembanad Backwater Surge,2020-07-29T22:00,3.4,1006.5,5.2,29.9,0.438,0.437,0.439
kochi_vembanad,Kochi,Kerala,West Coast (Arabian Sea),9.9312,76.2673,1.5,2020 Vembanad Backwater Surge,2020-07-29T23:00,2.5,1005.8,8.8,32.4,0.436,0.428,0.439
kochi_vembanad,Kochi,Kerala,West Coast (Arabian Sea),9.9312,76.2673,1.5,2020 Vembanad Backwater Surge,2020-07-30T00:00,1.6,1006.8,3.6,16.6,0.438,0.432,0.438
kochi_vembanad,Kochi,Kerala,West Coast (Arabian Sea),9.9312,76.2673,1.5,2020 Vembanad Backwater Surge,2020-07-30T01:00,2.0,1006.9,4.0,23.0,0.438,0.436,0.438
kochi_vembanad,Kochi,Kerala,West Coast (Arabian Sea),9.9312,76.2673,1.5,2020 Vembanad Backwater Surge,2020-07-30T02:00,1.5,1007.3,3.0,20.5,0.439,0.438,0.438
kochi_vembanad,Kochi,Kerala,West Coast (Arabian Sea),9.9312,76.2673,1.5,2020 Vembanad Backwater Surge,2020-07-30T03:00,1.3,1008.2,4.0,20.5,0.433,0.428,0.439
kochi_vembanad,Kochi,Kerala,West Coast (Arabian Sea),9.9312,76.2673,1.5,2020 Vembanad Backwater Surge,2020-07-30T04:00,1.3,1008.4,7.6,22.0,0.436,0.421,0.438
kochi_vembanad,Kochi,Kerala,West Coast (Arabian Sea),9.9312,76.2673,1.5,2020 Vembanad Backwater Surge,2020-07-30T05:00,0.8,1008.5,11.4,29.2,0.434,0.422,0.438
kochi_vembanad,Kochi,Kerala,West Coast (Arabian Sea),9.9312,76.2673,1.5,2020 Vembanad Backwater Surge,2020-07-30T06:00,0.9,1007.9,15.7,34.6,0.434,0.422,0.437
kochi_vembanad,Kochi,Kerala,West Coast (Arabian Sea),9.9312,76.2673,1.5,2020 Vembanad Backwater Surge,2020-07-30T07:00,1.3,1007.2,20.3,43.6,0.437,0.423,0.437
kochi_vembanad,Kochi,Kerala,West Coast (Arabian Sea),9.9312,76.2673,1.5,2020 Vembanad Backwater Surge,2020-07-30T08:00,0.7,1006.7,16.3,45.4,0.432,0.424,0.437
kochi_vembanad,Kochi,Kerala,West Coast (Arabian Sea),9.9312,76.2673,1.5,2020 Vembanad Backwater Surge,2020-07-30T09:00,0.2,1006.4,16.1,37.8,0.427,0.423,0.437
kochi_vembanad,Kochi,Kerala,West Coast (Arabian Sea),9.9312,76.2673,1.5,2020 Vembanad Backwater Surge,2020-07-30T10:00,0.2,1005.8,19.7,40.7,0.424,0.422,0.436
kochi_vembanad,Kochi,Kerala,West Coast (Arabian Sea),9.9312,76.2673,1.5,2020 Vembanad Backwater Surge,2020-07-30T11:00,0.7,1005.5,15.5,44.3,0.426,0.421,0.436
kochi_vembanad,Kochi,Kerala,West Coast (Arabian Sea),9.9312,76.2673,1.5,2020 Vembanad Backwater Surge,2020-07-30T12:00,0.4,1005.1,12.9,34.2,0.415,0.417,0.436
kochi_vembanad,Kochi,Kerala,West Coast (Arabian Sea),9.9312,76.2673,1.5,2020 Vembanad Backwater Surge,2020-07-30T13:00,0.1,1005.8,10.5,30.2,0.414,0.416,0.436
kochi_vembanad,Kochi,Kerala,West Coast (Arabian Sea),9.9312,76.2673,1.5,2020 Vembanad Backwater Surge,2020-07-30T14:00,2.1,1006.7,11.3,28.4,0.432,0.416,0.435
kochi_vembanad,Kochi,Kerala,West Coast (Arabian Sea),9.9312,76.2673,1.5,2020 Vembanad Backwater Surge,2020-07-30T15:00,0.2,1007.1,3.6,24.8,0.428,0.416,0.435
kochi_vembanad,Kochi,Kerala,West Coast (Arabian Sea),9.9312,76.2673,1.5,2020 Vembanad Backwater Surge,2020-07-30T16:00,2.7,1007.9,7.3,17.3,0.439,0.421,0.435
kochi_vembanad,Kochi,Kerala,West Coast (Arabian Sea),9.9312,76.2673,1.5,2020 Vembanad Backwater Surge,2020-07-30T17:00,0.7,1008.1,4.7,19.1,0.432,0.424,0.435
kochi_vembanad,Kochi,Kerala,West Coast (Arabian Sea),9.9312,76.2673,1.5,2020 Vembanad Backwater Surge,2020-07-30T18:00,1.4,1007.7,8.3,18.4,0.433,0.428,0.435
kochi_vembanad,Kochi,Kerala,West Coast (Arabian Sea),9.9312,76.2673,1.5,2020 Vembanad Backwater Surge,2020-07-30T19:00,1.5,1007.2,11.3,22.0,0.436,0.432,0.435
kochi_vembanad,Kochi,Kerala,West Coast (Arabian Sea),9.9312,76.2673,1.5,2020 Vembanad Backwater Surge,2020-07-30T20:00,0.6,1006.6,10.1,20.2,0.436,0.432,0.435
kochi_vembanad,Kochi,Kerala,West Coast (Arabian Sea),9.9312,76.2673,1.5,2020 Vembanad Backwater Surge,2020-07-30T21:00,0.8,1006.2,7.2,19.1,0.436,0.434,0.435
kochi_vembanad,Kochi,Kerala,West Coast (Arabian Sea),9.9312,76.2673,1.5,2020 Vembanad Backwater Surge,2020-07-30T22:00,1.6,1005.9,9.0,19.1,0.434,0.438,0.435
kochi_vembanad,Kochi,Kerala,West Coast (Arabian Sea),9.9312,76.2673,1.5,2020 Vembanad Backwater Surge,2020-07-30T23:00,0.6,1005.7,6.4,17.6,0.433,0.437,0.435
kochi_vembanad,Kochi,Kerala,West Coast (Arabian Sea),9.9312,76.2673,1.5,2020 Vembanad Backwater Surge,2020-07-31T00:00,1.3,1006.5,5.4,20.5,0.434,0.438,0.433
kochi_vembanad,Kochi,Kerala,West Coast (Arabian Sea),9.9312,76.2673,1.5,2020 Vembanad Backwater Surge,2020-07-31T01:00,0.6,1006.6,3.4,19.4,0.433,0.437,0.434
kochi_vembanad,Kochi,Kerala,West Coast (Arabian Sea),9.9312,76.2673,1.5,2020 Vembanad Backwater Surge,2020-07-31T02:00,0.1,1007.1,0.8,9.0,0.428,0.436,0.434
kochi_vembanad,Kochi,Kerala,West Coast (Arabian Sea),9.9312,76.2673,1.5,2020 Vembanad Backwater Surge,2020-07-31T03:00,0.1,1007.6,0.7,8.6,0.424,0.435,0.434
kochi_vembanad,Kochi,Kerala,West Coast (Arabian Sea),9.9312,76.2673,1.5,2020 Vembanad Backwater Surge,2020-07-31T04:00,0.1,1008.2,4.4,25.6,0.422,0.433,0.434
kochi_vembanad,Kochi,Kerala,West Coast (Arabian Sea),9.9312,76.2673,1.5,2020 Vembanad Backwater Surge,2020-07-31T05:00,0.7,1008.0,10.0,28.1,0.425,0.432,0.434
kochi_vembanad,Kochi,Kerala,West Coast (Arabian Sea),9.9312,76.2673,1.5,2020 Vembanad Backwater Surge,2020-07-31T06:00,1.3,1007.8,14.9,38.2,0.434,0.431,0.434
kochi_vembanad,Kochi,Kerala,West Coast (Arabian Sea),9.9312,76.2673,1.5,2020 Vembanad Backwater Surge,2020-07-31T07:00,0.9,1007.2,16.8,40.0,0.434,0.432,0.434
kochi_vembanad,Kochi,Kerala,West Coast (Arabian Sea),9.9312,76.2673,1.5,2020 Vembanad Backwater Surge,2020-07-31T08:00,0.6,1006.5,19.6,43.9,0.433,0.432,0.434
kochi_vembanad,Kochi,Kerala,West Coast (Arabian Sea),9.9312,76.2673,1.5,2020 Vembanad Backwater Surge,2020-07-31T09:00,0.2,1005.9,18.9,43.2,0.429,0.431,0.434
kochi_vembanad,Kochi,Kerala,West Coast (Arabian Sea),9.9312,76.2673,1.5,2020 Vembanad Backwater Surge,2020-07-31T10:00,2.8,1005.5,20.9,45.4,0.435,0.436,0.434
kochi_vembanad,Kochi,Kerala,West Coast (Arabian Sea),9.9312,76.2673,1.5,2020 Vembanad Backwater Surge,2020-07-31T11:00,0.4,1005.3,18.1,42.8,0.432,0.436,0.434
kochi_vembanad,Kochi,Kerala,West Coast (Arabian Sea),9.9312,76.2673,1.5,2020 Vembanad Backwater Surge,2020-07-31T12:00,1.6,1005.5,15.2,41.0,0.434,0.432,0.437
kochi_vembanad,Kochi,Kerala,West Coast (Arabian Sea),9.9312,76.2673,1.5,2020 Vembanad Backwater Surge,2020-07-31T13:00,0.5,1005.9,14.5,32.4,0.433,0.431,0.437
kochi_vembanad,Kochi,Kerala,West Coast (Arabian Sea),9.9312,76.2673,1.5,2020 Vembanad Backwater Surge,2020-07-31T14:00,2.3,1006.6,12.9,30.6,0.435,0.436,0.437
kochi_vembanad,Kochi,Kerala,West Coast (Arabian Sea),9.9312,76.2673,1.5,2020 Vembanad Backwater Surge,2020-07-31T15:00,1.2,1007.8,14.6,27.4,0.439,0.435,0.437
kochi_vembanad,Kochi,Kerala,West Coast (Arabian Sea),9.9312,76.2673,1.5,2020 Vembanad Backwater Surge,2020-07-31T16:00,3.8,1008.9,13.7,29.2,0.429,0.434,0.439
kochi_vembanad,Kochi,Kerala,West Coast (Arabian Sea),9.9312,76.2673,1.5,2020 Vembanad Backwater Surge,2020-07-31T17:00,0.9,1009.1,13.0,24.8,0.436,0.428,0.438
kochi_vembanad,Kochi,Kerala,West Coast (Arabian Sea),9.9312,76.2673,1.5,2020 Vembanad Backwater Surge,2020-07-31T18:00,2.7,1008.8,14.5,27.7,0.439,0.433,0.438
kochi_vembanad,Kochi,Kerala,West Coast (Arabian Sea),9.9312,76.2673,1.5,2020 Vembanad Backwater Surge,2020-07-31T19:00,1.6,1008.0,12.4,26.3,0.437,0.436,0.438
kochi_vembanad,Kochi,Kerala,West Coast (Arabian Sea),9.9312,76.2673,1.5,2020 Vembanad Backwater Surge,2020-07-31T20:00,0.9,1007.5,14.8,29.5,0.438,0.435,0.438
kochi_vembanad,Kochi,Kerala,West Coast (Arabian Sea),9.9312,76.2673,1.5,2020 Vembanad Backwater Surge,2020-07-31T21:00,0.8,1006.5,10.8,29.5,0.431,0.437,0.438
kochi_vembanad,Kochi,Kerala,West Coast (Arabian Sea),9.9312,76.2673,1.5,2020 Vembanad Backwater Surge,2020-07-31T22:00,0.2,1006.3,12.0,25.9,0.428,0.435,0.438
kochi_vembanad,Kochi,Kerala,West Coast (Arabian Sea),9.9312,76.2673,1.5,2020 Vembanad Backwater Surge,2020-07-31T23:00,0.3,1006.2,8.7,21.6,0.428,0.432,0.438
kochi_vembanad,Kochi,Kerala,West Coast (Arabian Sea),9.9312,76.2673,1.5,2020 Vembanad Backwater Surge,2020-08-01T00:00,1.0,1006.8,13.4,19.8,0.43,0.438,0.431
kochi_vembanad,Kochi,Kerala,West Coast (Arabian Sea),9.9312,76.2673,1.5,2020 Vembanad Backwater Surge,2020-08-01T01:00,1.2,1006.8,10.1,24.8,0.436,0.437,0.426
kochi_vembanad,Kochi,Kerala,West Coast (Arabian Sea),9.9312,76.2673,1.5,2020 Vembanad Backwater Surge,2020-08-01T02:00,0.5,1007.6,6.7,18.4,0.434,0.436,0.422
kochi_vembanad,Kochi,Kerala,West Coast (Arabian Sea),9.9312,76.2673,1.5,2020 Vembanad Backwater Surge,2020-08-01T03:00,0.2,1007.9,7.9,15.8,0.43,0.435,0.419
kochi_vembanad,Kochi,Kerala,West Coast (Arabian Sea),9.9312,76.2673,1.5,2020 Vembanad Backwater Surge,2020-08-01T04:00,0.1,1008.3,7.5,16.9,0.426,0.434,0.419
kochi_vembanad,Kochi,Kerala,West Coast (Arabian Sea),9.9312,76.2673,1.5,2020 Vembanad Backwater Surge,2020-08-01T05:00,0.1,1008.2,3.1,31.3,0.422,0.432,0.418
kochi_vembanad,Kochi,Kerala,West Coast (Arabian Sea),9.9312,76.2673,1.5,2020 Vembanad Backwater Surge,2020-08-01T06:00,0.3,1008.3,5.8,25.9,0.421,0.431,0.417
kochi_vembanad,Kochi,Kerala,West Coast (Arabian Sea),9.9312,76.2673,1.5,2020 Vembanad Backwater Surge,2020-08-01T07:00,0.9,1008.1,14.2,41.8,0.426,0.43,0.417
kochi_vembanad,Kochi,Kerala,West Coast (Arabian Sea),9.9312,76.2673,1.5,2020 Vembanad Backwater Surge,2020-08-01T08:00,0.8,1007.7,18.4,41.8,0.429,0.429,0.416
kochi_vembanad,Kochi,Kerala,West Coast (Arabian Sea),9.9312,76.2673,1.5,2020 Vembanad Backwater Surge,2020-08-01T09:00,1.4,1007.3,14.8,44.3,0.434,0.431,0.415
kochi_vembanad,Kochi,Kerala,West Coast (Arabian Sea),9.9312,76.2673,1.5,2020 Vembanad Backwater Surge,2020-08-01T10:00,1.5,1006.7,12.7,38.5,0.43,0.435,0.415
kochi_vembanad,Kochi,Kerala,West Coast (Arabian Sea),9.9312,76.2673,1.5,2020 Vembanad Backwater Surge,2020-08-01T11:00,0.5,1006.7,17.4,43.2,0.43,0.434,0.415
kochi_vembanad,Kochi,Kerala,West Coast (Arabian Sea),9.9312,76.2673,1.5,2020 Vembanad Backwater Surge,2020-08-01T12:00,1.1,1006.1,12.6,46.4,0.435,0.43,0.416
kochi_vembanad,Kochi,Kerala,West Coast (Arabian Sea),9.9312,76.2673,1.5,2020 Vembanad Backwater Surge,2020-08-01T13:00,2.1,1007.0,15.0,40.0,0.434,0.436,0.416
kochi_vembanad,Kochi,Kerala,West Coast (Arabian Sea),9.9312,76.2673,1.5,2020 Vembanad Backwater Surge,2020-08-01T14:00,0.8,1007.6,15.9,37.1,0.437,0.435,0.416
kochi_vembanad,Kochi,Kerala,West Coast (Arabian Sea),9.9312,76.2673,1.5,2020 Vembanad Backwater Surge,2020-08-01T15:00,1.1,1008.5,15.5,37.4,0.435,0.436,0.416
kochi_vembanad,Kochi,Kerala,West Coast (Arabian Sea),9.9312,76.2673,1.5,2020 Vembanad Backwater Surge,2020-08-01T16:00,1.7,1009.4,12.3,37.8,0.429,0.438,0.417
kochi_vembanad,Kochi,Kerala,West Coast (Arabian Sea),9.9312,76.2673,1.5,2020 Vembanad Backwater Surge,2020-08-01T17:00,0.6,1009.3,9.5,30.2,0.431,0.436,0.417
kochi_vembanad,Kochi,Kerala,West Coast (Arabian Sea),9.9312,76.2673,1.5,2020 Vembanad Backwater Surge,2020-08-01T18:00,0.8,1009.3,12.8,32.4,0.436,0.435,0.417
kochi_vembanad,Kochi,Kerala,West Coast (Arabian Sea),9.9312,76.2673,1.5,2020 Vembanad Backwater Surge,2020-08-01T19:00,0.8,1008.7,13.8,36.4,0.435,0.435,0.417
kochi_vembanad,Kochi,Kerala,West Coast (Arabian Sea),9.9312,76.2673,1.5,2020 Vembanad Backwater Surge,2020-08-01T20:00,1.1,1008.0,17.7,41.4,0.437,0.436,0.417
kochi_vembanad,Kochi,Kerala,West Coast (Arabian Sea),9.9312,76.2673,1.5,2020 Vembanad Backwater Surge,2020-08-01T21:00,0.4,1007.8,18.4,43.2,0.434,0.435,0.417
kochi_vembanad,Kochi,Kerala,West Coast (Arabian Sea),9.9312,76.2673,1.5,2020 Vembanad Backwater Surge,2020-08-01T22:00,1.5,1007.6,16.2,43.2,0.436,0.437,0.417
kochi_vembanad,Kochi,Kerala,West Coast (Arabian Sea),9.9312,76.2673,1.5,2020 Vembanad Backwater Surge,2020-08-01T23:00,0.2,1007.5,14.5,38.9,0.431,0.436,0.417
kochi_vembanad,Kochi,Kerala,West Coast (Arabian Sea),9.9312,76.2673,1.5,2020 Vembanad Backwater Surge,2020-08-02T00:00,1.2,1008.4,15.9,42.5,0.435,0.435,0.425
kochi_vembanad,Kochi,Kerala,West Coast (Arabian Sea),9.9312,76.2673,1.5,2020 Vembanad Backwater Surge,2020-08-02T01:00,1.5,1008.7,14.8,40.0,0.437,0.437,0.426
kochi_vembanad,Kochi,Kerala,West Coast (Arabian Sea),9.9312,76.2673,1.5,2020 Vembanad Backwater Surge,2020-08-02T02:00,0.7,1008.7,9.1,36.7,0.436,0.436,0.426
kochi_vembanad,Kochi,Kerala,West Coast (Arabian Sea),9.9312,76.2673,1.5,2020 Vembanad Backwater Surge,2020-08-02T03:00,0.2,1009.2,9.1,32.8,0.431,0.436,0.426
kochi_vembanad,Kochi,Kerala,West Coast (Arabian Sea),9.9312,76.2673,1.5,2020 Vembanad Backwater Surge,2020-08-02T04:00,0.1,1009.6,11.2,36.7,0.427,0.434,0.425
kochi_vembanad,Kochi,Kerala,West Coast (Arabian Sea),9.9312,76.2673,1.5,2020 Vembanad Backwater Surge,2020-08-02T05:00,1.7,1009.9,13.0,43.2,0.432,0.436,0.425
kochi_vembanad,Kochi,Kerala,West Coast (Arabian Sea),9.9312,76.2673,1.5,2020 Vembanad Backwater Surge,2020-08-02T06:00,0.4,1009.8,15.0,40.3,0.43,0.435,0.425
kochi_vembanad,Kochi,Kerala,West Coast (Arabian Sea),9.9312,76.2673,1.5,2020 Vembanad Backwater Surge,2020-08-02T07:00,0.9,1009.5,15.7,43.6,0.432,0.434,0.425
kochi_vembanad,Kochi,Kerala,West Coast (Arabian Sea),9.9312,76.2673,1.5,2020 Vembanad Backwater Surge,2020-08-02T08:00,0.7,1008.4,12.8,41.4,0.432,0.434,0.425
kochi_vembanad,Kochi,Kerala,West Coast (Arabian Sea),9.9312,76.2673,1.5,2020 Vembanad Backwater Surge,2020-08-02T09:00,0.5,1007.5,12.2,38.5,0.431,0.433,0.425
kochi_vembanad,Kochi,Kerala,West Coast (Arabian Sea),9.9312,76.2673,1.5,2020 Vembanad Backwater Surge,2020-08-02T10:00,0.5,1007.3,13.5,39.6,0.431,0.433,0.424
kochi_vembanad,Kochi,Kerala,West Coast (Arabian Sea),9.9312,76.2673,1.5,2020 Vembanad Backwater Surge,2020-08-02T11:00,1.2,1007.1,16.8,40.7,0.438,0.433,0.424
kochi_vembanad,Kochi,Kerala,West Coast (Arabian Sea),9.9312,76.2673,1.5,2020 Vembanad Backwater Surge,2020-08-02T12:00,1.2,1007.2,16.1,42.8,0.435,0.433,0.422
kochi_vembanad,Kochi,Kerala,West Coast (Arabian Sea),9.9312,76.2673,1.5,2020 Vembanad Backwater Surge,2020-08-02T13:00,1.3,1007.6,15.5,41.4,0.434,0.435,0.422
kochi_vembanad,Kochi,Kerala,West Coast (Arabian Sea),9.9312,76.2673,1.5,2020 Vembanad Backwater Surge,2020-08-02T14:00,1.0,1008.2,13.7,41.8,0.435,0.436,0.422
kochi_vembanad,Kochi,Kerala,West Coast (Arabian Sea),9.9312,76.2673,1.5,2020 Vembanad Backwater Surge,2020-08-02T15:00,0.7,1008.5,14.1,41.8,0.436,0.436,0.422
kochi_vembanad,Kochi,Kerala,West Coast (Arabian Sea),9.9312,76.2673,1.5,2020 Vembanad Backwater Surge,2020-08-02T16:00,0.4,1009.0,17.9,41.0,0.432,0.435,0.422
kochi_vembanad,Kochi,Kerala,West Coast (Arabian Sea),9.9312,76.2673,1.5,2020 Vembanad Backwater Surge,2020-08-02T17:00,0.1,1009.4,15.9,32.4,0.428,0.434,0.422
kochi_vembanad,Kochi,Kerala,West Coast (Arabian Sea),9.9312,76.2673,1.5,2020 Vembanad Backwater Surge,2020-08-02T18:00,0.7,1009.7,14.3,43.2,0.432,0.433,0.422
kochi_vembanad,Kochi,Kerala,West Coast (Arabian Sea),9.9312,76.2673,1.5,2020 Vembanad Backwater Surge,2020-08-02T19:00,1.6,1009.4,10.0,36.0,0.436,0.436,0.422
kochi_vembanad,Kochi,Kerala,West Coast (Arabian Sea),9.9312,76.2673,1.5,2020 Vembanad Backwater Surge,2020-08-02T20:00,0.5,1008.7,10.9,32.8,0.435,0.435,0.422
kochi_vembanad,Kochi,Kerala,West Coast (Arabian Sea),9.9312,76.2673,1.5,2020 Vembanad Backwater Surge,2020-08-02T21:00,1.5,1007.9,13.7,34.6,0.437,0.437,0.422
kochi_vembanad,Kochi,Kerala,West Coast (Arabian Sea),9.9312,76.2673,1.5,2020 Vembanad Backwater Surge,2020-08-02T22:00,1.3,1007.7,17.0,41.8,0.439,0.437,0.422
kochi_vembanad,Kochi,Kerala,West Coast (Arabian Sea),9.9312,76.2673,1.5,2020 Vembanad Backwater Surge,2020-08-02T23:00,1.8,1007.8,19.5,44.3,0.438,0.438,0.424
kochi_vembanad,Kochi,Kerala,West Coast (Arabian Sea),9.9312,76.2673,1.5,2020 Vembanad Backwater Surge,2020-08-03T00:00,0.3,1007.0,13.8,47.2,0.431,0.436,0.424
kochi_vembanad,Kochi,Kerala,West Coast (Arabian Sea),9.9312,76.2673,1.5,2020 Vembanad Backwater Surge,2020-08-03T01:00,0.5,1006.9,11.6,42.8,0.431,0.435,0.424
kochi_vembanad,Kochi,Kerala,West Coast (Arabian Sea),9.9312,76.2673,1.5,2020 Vembanad Backwater Surge,2020-08-03T02:00,0.7,1007.2,15.5,40.0,0.434,0.435,0.424
kochi_vembanad,Kochi,Kerala,West Coast (Arabian Sea),9.9312,76.2673,1.5,2020 Vembanad Backwater Surge,2020-08-03T03:00,0.8,1008.1,18.3,45.7,0.434,0.435,0.424
kochi_vembanad,Kochi,Kerala,West Coast (Arabian Sea),9.9312,76.2673,1.5,2020 Vembanad Backwater Surge,2020-08-03T04:00,0.4,1008.7,14.0,43.9,0.432,0.434,0.424
kochi_vembanad,Kochi,Kerala,West Coast (Arabian Sea),9.9312,76.2673,1.5,2020 Vembanad Backwater Surge,2020-08-03T05:00,0.5,1008.6,20.2,48.2,0.431,0.434,0.423
kochi_vembanad,Kochi,Kerala,West Coast (Arabian Sea),9.9312,76.2673,1.5,2020 Vembanad Backwater Surge,2020-08-03T06:00,0.2,1008.4,19.8,48.6,0.428,0.433,0.423
kochi_vembanad,Kochi,Kerala,West Coast (Arabian Sea),9.9312,76.2673,1.5,2020 Vembanad Backwater Surge,2020-08-03T07:00,1.0,1007.8,16.9,51.5,0.431,0.433,0.423
kochi_vembanad,Kochi,Kerala,West Coast (Arabian Sea),9.9312,76.2673,1.5,2020 Vembanad Backwater Surge,2020-08-03T08:00,0.4,1007.0,17.7,54.4,0.429,0.432,0.423
kochi_vembanad,Kochi,Kerala,West Coast (Arabian Sea),9.9312,76.2673,1.5,2020 Vembanad Backwater Surge,2020-08-03T09:00,0.2,1006.7,20.2,51.1,0.426,0.431,0.422
kochi_vembanad,Kochi,Kerala,West Coast (Arabian Sea),9.9312,76.2673,1.5,2020 Vembanad Backwater Surge,2020-08-03T10:00,0.3,1006.3,17.3,54.0,0.424,0.431,0.422
kochi_vembanad,Kochi,Kerala,West Coast (Arabian Sea),9.9312,76.2673,1.5,2020 Vembanad Backwater Surge,2020-08-03T11:00,0.1,1006.0,17.4,51.5,0.422,0.43,0.422
kochi_vembanad,Kochi,Kerala,West Coast (Arabian Sea),9.9312,76.2673,1.5,2020 Vembanad Backwater Surge,2020-08-03T12:00,0.4,1005.5,15.9,52.2,0.422,0.429,0.42
kochi_vembanad,Kochi,Kerala,West Coast (Arabian Sea),9.9312,76.2673,1.5,2020 Vembanad Backwater Surge,2020-08-03T13:00,0.2,1006.0,9.4,43.2,0.42,0.428,0.42
kochi_vembanad,Kochi,Kerala,West Coast (Arabian Sea),9.9312,76.2673,1.5,2020 Vembanad Backwater Surge,2020-08-03T14:00,0.3,1006.5,11.7,34.2,0.421,0.428,0.42
kochi_vembanad,Kochi,Kerala,West Coast (Arabian Sea),9.9312,76.2673,1.5,2020 Vembanad Backwater Surge,2020-08-03T15:00,0.3,1007.4,8.8,38.9,0.421,0.427,0.419
kochi_vembanad,Kochi,Kerala,West Coast (Arabian Sea),9.9312,76.2673,1.5,2020 Vembanad Backwater Surge,2020-08-03T16:00,2.6,1008.3,15.6,42.1,0.437,0.431,0.419
kochi_vembanad,Kochi,Kerala,West Coast (Arabian Sea),9.9312,76.2673,1.5,2020 Vembanad Backwater Surge,2020-08-03T17:00,1.6,1008.9,12.3,40.7,0.434,0.436,0.419
kochi_vembanad,Kochi,Kerala,West Coast (Arabian Sea),9.9312,76.2673,1.5,2020 Vembanad Backwater Surge,2020-08-03T18:00,1.8,1009.0,16.9,38.5,0.437,0.439,0.419
kochi_vembanad,Kochi,Kerala,West Coast (Arabian Sea),9.9312,76.2673,1.5,2020 Vembanad Backwater Surge,2020-08-03T19:00,1.7,1008.0,16.2,37.8,0.436,0.437,0.421
kochi_vembanad,Kochi,Kerala,West Coast (Arabian Sea),9.9312,76.2673,1.5,2020 Vembanad Backwater Surge,2020-08-03T20:00,0.4,1007.6,18.6,45.7,0.432,0.436,0.422
kochi_vembanad,Kochi,Kerala,West Coast (Arabian Sea),9.9312,76.2673,1.5,2020 Vembanad Backwater Surge,2020-08-03T21:00,0.2,1006.4,11.4,47.2,0.429,0.435,0.422
kochi_vembanad,Kochi,Kerala,West Coast (Arabian Sea),9.9312,76.2673,1.5,2020 Vembanad Backwater Surge,2020-08-03T22:00,0.2,1006.0,9.8,34.2,0.427,0.434,0.422
kochi_vembanad,Kochi,Kerala,West Coast (Arabian Sea),9.9312,76.2673,1.5,2020 Vembanad Backwater Surge,2020-08-03T23:00,1.6,1006.4,20.2,34.2,0.439,0.433,0.422
kochi_vembanad,Kochi,Kerala,West Coast (Arabian Sea),9.9312,76.2673,1.5,2020 Vembanad Backwater Surge,2020-08-04T00:00,0.8,1006.3,17.1,42.1,0.433,0.432,0.415
kochi_vembanad,Kochi,Kerala,West Coast (Arabian Sea),9.9312,76.2673,1.5,2020 Vembanad Backwater Surge,2020-08-04T01:00,0.7,1005.8,10.8,43.2,0.429,0.434,0.415
kochi_vembanad,Kochi,Kerala,West Coast (Arabian Sea),9.9312,76.2673,1.5,2020 Vembanad Backwater Surge,2020-08-04T02:00,0.0,1006.4,8.0,18.7,0.425,0.432,0.415
kochi_vembanad,Kochi,Kerala,West Coast (Arabian Sea),9.9312,76.2673,1.5,2020 Vembanad Backwater Surge,2020-08-04T03:00,5.2,1006.9,22.0,51.5,0.43,0.438,0.415
kochi_vembanad,Kochi,Kerala,West Coast (Arabian Sea),9.9312,76.2673,1.5,2020 Vembanad Backwater Surge,2020-08-04T04:00,0.0,1007.1,15.5,38.9,0.424,0.435,0.416
kochi_vembanad,Kochi,Kerala,West Coast (Arabian Sea),9.9312,76.2673,1.5,2020 Vembanad Backwater Surge,2020-08-04T05:00,0.0,1007.3,16.7,52.9,0.421,0.433,0.416
kochi_vembanad,Kochi,Kerala,West Coast (Arabian Sea),9.9312,76.2673,1.5,2020 Vembanad Backwater Surge,2020-08-04T06:00,0.1,1007.2,17.7,51.8,0.418,0.431,0.416
kochi_vembanad,Kochi,Kerala,West Coast (Arabian Sea),9.9312,76.2673,1.5,2020 Vembanad Backwater Surge,2020-08-04T07:00,0.7,1006.4,18.1,53.6,0.42,0.43,0.416
kochi_vembanad,Kochi,Kerala,West Coast (Arabian Sea),9.9312,76.2673,1.5,2020 Vembanad Backwater Surge,2020-08-04T08:00,0.5,1005.9,23.1,59.0,0.42,0.429,0.416
kochi_vembanad,Kochi,Kerala,West Coast (Arabian Sea),9.9312,76.2673,1.5,2020 Vembanad Backwater Surge,2020-08-04T09:00,1.2,1005.2,22.3,60.1,0.427,0.428,0.415
kochi_vembanad,Kochi,Kerala,West Coast (Arabian Sea),9.9312,76.2673,1.5,2020 Vembanad Backwater Surge,2020-08-04T10:00,0.1,1004.7,20.0,56.9,0.424,0.428,0.415
kochi_vembanad,Kochi,Kerala,West Coast (Arabian Sea),9.9312,76.2673,1.5,2020 Vembanad Backwater Surge,2020-08-04T11:00,0.1,1004.2,23.6,57.2,0.421,0.427,0.415
kochi_vembanad,Kochi,Kerala,West Coast (Arabian Sea),9.9312,76.2673,1.5,2020 Vembanad Backwater Surge,2020-08-04T12:00,0.3,1004.4,14.1,58.0,0.428,0.431,0.416
kochi_vembanad,Kochi,Kerala,West Coast (Arabian Sea),9.9312,76.2673,1.5,2020 Vembanad Backwater Surge,2020-08-04T13:00,0.0,1004.7,12.1,24.5,0.424,0.43,0.416
kochi_vembanad,Kochi,Kerala,West Coast (Arabian Sea),9.9312,76.2673,1.5,2020 Vembanad Backwater Surge,2020-08-04T14:00,0.0,1005.0,12.7,21.6,0.421,0.429,0.416
kochi_vembanad,Kochi,Kerala,West Coast (Arabian Sea),9.9312,76.2673,1.5,2020 Vembanad Backwater Surge,2020-08-04T15:00,0.0,1005.5,7.9,22.0,0.419,0.428,0.416
kochi_vembanad,Kochi,Kerala,West Coast (Arabian Sea),9.9312,76.2673,1.5,2020 Vembanad Backwater Surge,2020-08-04T16:00,0.0,1006.1,5.6,13.3,0.417,0.427,0.415
kochi_vembanad,Kochi,Kerala,West Coast (Arabian Sea),9.9312,76.2673,1.5,2020 Vembanad Backwater Surge,2020-08-04T17:00,0.0,1006.7,9.5,15.8,0.415,0.427,0.415
kochi_vembanad,Kochi,Kerala,West Coast (Arabian Sea),9.9312,76.2673,1.5,2020 Vembanad Backwater Surge,2020-08-04T18:00,0.0,1006.6,13.3,23.4,0.413,0.426,0.415
kochi_vembanad,Kochi,Kerala,West Coast (Arabian Sea),9.9312,76.2673,1.5,2020 Vembanad Backwater Surge,2020-08-04T19:00,1.5,1006.3,15.1,38.9,0.427,0.426,0.414
kochi_vembanad,Kochi,Kerala,West Coast (Arabian Sea),9.9312,76.2673,1.5,2020 Vembanad Backwater Surge,2020-08-04T20:00,2.1,1005.9,23.2,51.5,0.436,0.43,0.414
kochi_vembanad,Kochi,Kerala,West Coast (Arabian Sea),9.9312,76.2673,1.5,2020 Vembanad Backwater Surge,2020-08-04T21:00,0.4,1005.3,24.1,51.1,0.432,0.431,0.414
kochi_vembanad,Kochi,Kerala,West Coast (Arabian Sea),9.9312,76.2673,1.5,2020 Vembanad Backwater Surge,2020-08-04T22:00,0.8,1005.0,24.3,59.8,0.435,0.431,0.414
kochi_vembanad,Kochi,Kerala,West Coast (Arabian Sea),9.9312,76.2673,1.5,2020 Vembanad Backwater Surge,2020-08-04T23:00,0.2,1004.7,22.0,43.2,0.431,0.431,0.414
kochi_vembanad,Kochi,Kerala,West Coast (Arabian Sea),9.9312,76.2673,1.5,2020 Vembanad Backwater Surge,2020-08-05T00:00,0.1,1004.7,15.7,38.5,0.43,0.427,0.413
kochi_vembanad,Kochi,Kerala,West Coast (Arabian Sea),9.9312,76.2673,1.5,2020 Vembanad Backwater Surge,2020-08-05T01:00,0.5,1004.4,12.8,51.5,0.43,0.428,0.413
kochi_vembanad,Kochi,Kerala,West Coast (Arabian Sea),9.9312,76.2673,1.5,2020 Vembanad Backwater Surge,2020-08-05T02:00,0.1,1004.9,13.2,23.4,0.427,0.428,0.413
kochi_vembanad,Kochi,Kerala,West Coast (Arabian Sea),9.9312,76.2673,1.5,2020 Vembanad Backwater Surge,2020-08-05T03:00,0.0,1005.4,16.6,50.8,0.424,0.427,0.412
kochi_vembanad,Kochi,Kerala,West Coast (Arabian Sea),9.9312,76.2673,1.5,2020 Vembanad Backwater Surge,2020-08-05T04:00,0.3,1005.6,16.9,59.4,0.423,0.427,0.412
kochi_vembanad,Kochi,Kerala,West Coast (Arabian Sea),9.9312,76.2673,1.5,2020 Vembanad Backwater Surge,2020-08-05T05:00,0.1,1006.0,16.8,56.5,0.421,0.426,0.412
kochi_vembanad,Kochi,Kerala,West Coast (Arabian Sea),9.9312,76.2673,1.5,2020 Vembanad Backwater Surge,2020-08-05T06:00,0.1,1005.9,22.1,59.0,0.417,0.425,0.411
kochi_vembanad,Kochi,Kerala,West Coast (Arabian Sea),9.9312,76.2673,1.5,2020 Vembanad Backwater Surge,2020-08-05T07:00,0.4,1005.4,21.1,60.5,0.417,0.425,0.411
kochi_vembanad,Kochi,Kerala,West Coast (Arabian Sea),9.9312,76.2673,1.5,2020 Vembanad Backwater Surge,2020-08-05T08:00,1.2,1004.8,21.9,67.3,0.425,0.424,0.411
kochi_vembanad,Kochi,Kerala,West Coast (Arabian Sea),9.9312,76.2673,1.5,2020 Vembanad Backwater Surge,2020-08-05T09:00,2.2,1004.3,27.7,68.8,0.432,0.427,0.411
kochi_vembanad,Kochi,Kerala,West Coast (Arabian Sea),9.9312,76.2673,1.5,2020 Vembanad Backwater Surge,2020-08-05T10:00,0.5,1004.0,23.9,67.3,0.43,0.428,0.41
kochi_vembanad,Kochi,Kerala,West Coast (Arabian Sea),9.9312,76.2673,1.5,2020 Vembanad Backwater Surge,2020-08-05T11:00,0.3,1003.9,23.3,60.8,0.429,0.428,0.41
kochi_vembanad,Kochi,Kerala,West Coast (Arabian Sea),9.9312,76.2673,1.5,2020 Vembanad Backwater Surge,2020-08-05T12:00,0.8,1003.5,15.1,63.7,0.408,0.422,0.41
kochi_vembanad,Kochi,Kerala,West Coast (Arabian Sea),9.9312,76.2673,1.5,2020 Vembanad Backwater Surge,2020-08-05T13:00,0.1,1003.8,18.2,46.8,0.407,0.421,0.409
kochi_vembanad,Kochi,Kerala,West Coast (Arabian Sea),9.9312,76.2673,1.5,2020 Vembanad Backwater Surge,2020-08-05T14:00,0.0,1004.4,15.2,31.7,0.406,0.42,0.409
kochi_vembanad,Kochi,Kerala,West Coast (Arabian Sea),9.9312,76.2673,1.5,2020 Vembanad Backwater Surge,2020-08-05T15:00,0.7,1005.3,19.0,47.9,0.412,0.42,0.409
kochi_vembanad,Kochi,Kerala,West Coast (Arabian Sea),9.9312,76.2673,1.5,2020 Vembanad Backwater Surge,2020-08-05T16:00,0.3,1005.8,12.6,33.5,0.413,0.419,0.408
kochi_vembanad,Kochi,Kerala,West Coast (Arabian Sea),9.9312,76.2673,1.5,2020 Vembanad Backwater Surge,2020-08-05T17:00,0.0,1006.4,11.2,22.0,0.411,0.419,0.408
kochi_vembanad,Kochi,Kerala,West Coast (Arabian Sea),9.9312,76.2673,1.5,2020 Vembanad Backwater Surge,2020-08-05T18:00,0.1,1006.5,13.8,43.9,0.411,0.419,0.408
kochi_vembanad,Kochi,Kerala,West Coast (Arabian Sea),9.9312,76.2673,1.5,2020 Vembanad Backwater Surge,2020-08-05T19:00,4.1,1006.3,26.3,64.1,0.439,0.423,0.407
kochi_vembanad,Kochi,Kerala,West Coast (Arabian Sea),9.9312,76.2673,1.5,2020 Vembanad Backwater Surge,2020-08-05T20:00,0.7,1005.7,22.0,68.0,0.431,0.427,0.407
kochi_vembanad,Kochi,Kerala,West Coast (Arabian Sea),9.9312,76.2673,1.5,2020 Vembanad Backwater Surge,2020-08-05T21:00,1.2,1005.3,23.0,65.5,0.436,0.429,0.407
kochi_vembanad,Kochi,Kerala,West Coast (Arabian Sea),9.9312,76.2673,1.5,2020 Vembanad Backwater Surge,2020-08-05T22:00,0.9,1004.9,20.3,69.5,0.436,0.431,0.407
kochi_vembanad,Kochi,Kerala,West Coast (Arabian Sea),9.9312,76.2673,1.5,2020 Vembanad Backwater Surge,2020-08-05T23:00,1.1,1004.8,22.3,60.8,0.435,0.434,0.407
kochi_vembanad,Kochi,Kerala,West Coast (Arabian Sea),9.9312,76.2673,1.5,2020 Vembanad Backwater Surge,2020-08-06T00:00,0.8,1003.8,19.5,60.8,0.428,0.436,0.415
kochi_vembanad,Kochi,Kerala,West Coast (Arabian Sea),9.9312,76.2673,1.5,2020 Vembanad Backwater Surge,2020-08-06T01:00,0.9,1004.4,18.4,58.0,0.433,0.435,0.416
kochi_vembanad,Kochi,Kerala,West Coast (Arabian Sea),9.9312,76.2673,1.5,2020 Vembanad Backwater Surge,2020-08-06T02:00,0.2,1004.8,18.4,51.1,0.43,0.434,0.416
kochi_vembanad,Kochi,Kerala,West Coast (Arabian Sea),9.9312,76.2673,1.5,2020 Vembanad Backwater Surge,2020-08-06T03:00,0.1,1006.0,22.3,37.8,0.426,0.433,0.416
kochi_vembanad,Kochi,Kerala,West Coast (Arabian Sea),9.9312,76.2673,1.5,2020 Vembanad Backwater Surge,2020-08-06T04:00,0.7,1006.7,20.9,59.8,0.428,0.432,0.416
kochi_vembanad,Kochi,Kerala,West Coast (Arabian Sea),9.9312,76.2673,1.5,2020 Vembanad Backwater Surge,2020-08-06T05:00,0.1,1006.7,19.8,50.8,0.425,0.431,0.416
kochi_vembanad,Kochi,Kerala,West Coast (Arabian Sea),9.9312,76.2673,1.5,2020 Vembanad Backwater Surge,2020-08-06T06:00,3.0,1006.9,28.4,58.3,0.439,0.433,0.416
kochi_vembanad,Kochi,Kerala,West Coast (Arabian Sea),9.9312,76.2673,1.5,2020 Vembanad Backwater Surge,2020-08-06T07:00,4.2,1006.8,24.9,64.8,0.433,0.438,0.418
kochi_vembanad,Kochi,Kerala,West Coast (Arabian Sea),9.9312,76.2673,1.5,2020 Vembanad Backwater Surge,2020-08-06T08:00,1.2,1006.6,22.5,62.3,0.436,0.437,0.419
kochi_vembanad,Kochi,Kerala,West Coast (Arabian Sea),9.9312,76.2673,1.5,2020 Vembanad Backwater Surge,2020-08-06T09:00,0.9,1006.1,15.3,58.7,0.435,0.436,0.419
kochi_vembanad,Kochi,Kerala,West Coast (Arabian Sea),9.9312,76.2673,1.5,2020 Vembanad Backwater Surge,2020-08-06T10:00,1.3,1005.6,15.5,49.7,0.438,0.436,0.42
kochi_vembanad,Kochi,Kerala,West Coast (Arabian Sea),9.9312,76.2673,1.5,2020 Vembanad Backwater Surge,2020-08-06T11:00,0.6,1005.2,12.7,50.8,0.434,0.436,0.42
kochi_vembanad,Kochi,Kerala,West Coast (Arabian Sea),9.9312,76.2673,1.5,2020 Vembanad Backwater Surge,2020-08-06T12:00,1.0,1004.8,7.7,50.0,0.438,0.435,0.425
kochi_vembanad,Kochi,Kerala,West Coast (Arabian Sea),9.9312,76.2673,1.5,2020 Vembanad Backwater Surge,2020-08-06T13:00,2.1,1005.6,10.1,31.0,0.43,0.438,0.426
kochi_vembanad,Kochi,Kerala,West Coast (Arabian Sea),9.9312,76.2673,1.5,2020 Vembanad Backwater Surge,2020-08-06T14:00,1.4,1006.2,11.3,41.4,0.439,0.437,0.427
kochi_vembanad,Kochi,Kerala,West Coast (Arabian Sea),9.9312,76.2673,1.5,2020 Vembanad Backwater Surge,2020-08-06T15:00,1.2,1007.3,7.2,40.0,0.434,0.437,0.428
kochi_vembanad,Kochi,Kerala,West Coast (Arabian Sea),9.9312,76.2673,1.5,2020 Vembanad Backwater Surge,2020-08-06T16:00,1.4,1008.1,6.9,36.4,0.432,0.438,0.429
kochi_vembanad,Kochi,Kerala,West Coast (Arabian Sea),9.9312,76.2673,1.5,2020 Vembanad Backwater Surge,2020-08-06T17:00,1.7,1008.9,4.4,32.4,0.428,0.438,0.431
kochi_vembanad,Kochi,Kerala,West Coast (Arabian Sea),9.9312,76.2673,1.5,2020 Vembanad Backwater Surge,2020-08-06T18:00,1.5,1009.0,3.1,27.4,0.439,0.437,0.432
kochi_vembanad,Kochi,Kerala,West Coast (Arabian Sea),9.9312,76.2673,1.5,2020 Vembanad Backwater Surge,2020-08-06T19:00,3.6,1008.6,3.2,25.6,0.439,0.439,0.435
kochi_vembanad,Kochi,Kerala,West Coast (Arabian Sea),9.9312,76.2673,1.5,2020 Vembanad Backwater Surge,2020-08-06T20:00,3.0,1007.7,8.8,32.0,0.434,0.439,0.438
kochi_vembanad,Kochi,Kerala,West Coast (Arabian Sea),9.9312,76.2673,1.5,2020 Vembanad Backwater Surge,2020-08-06T21:00,1.2,1007.5,8.3,32.8,0.433,0.425,0.439
kochi_vembanad,Kochi,Kerala,West Coast (Arabian Sea),9.9312,76.2673,1.5,2020 Vembanad Backwater Surge,2020-08-06T22:00,1.6,1007.4,11.1,33.8,0.434,0.427,0.438
kochi_vembanad,Kochi,Kerala,West Coast (Arabian Sea),9.9312,76.2673,1.5,2020 Vembanad Backwater Surge,2020-08-06T23:00,1.4,1007.4,9.4,36.7,0.435,0.429,0.438
kochi_vembanad,Kochi,Kerala,West Coast (Arabian Sea),9.9312,76.2673,1.5,2020 Vembanad Backwater Surge,2020-08-07T00:00,2.4,1007.1,2.3,34.2,0.434,0.425,0.438
kochi_vembanad,Kochi,Kerala,West Coast (Arabian Sea),9.9312,76.2673,1.5,2020 Vembanad Backwater Surge,2020-08-07T01:00,0.9,1007.7,11.2,38.2,0.435,0.425,0.437
kochi_vembanad,Kochi,Kerala,West Coast (Arabian Sea),9.9312,76.2673,1.5,2020 Vembanad Backwater Surge,2020-08-07T02:00,1.1,1008.4,5.8,39.2,0.436,0.427,0.437
kochi_vembanad,Kochi,Kerala,West Coast (Arabian Sea),9.9312,76.2673,1.5,2020 Vembanad Backwater Surge,2020-08-07T03:00,1.1,1009.2,4.0,29.5,0.438,0.428,0.436
kochi_vembanad,Kochi,Kerala,West Coast (Arabian Sea),9.9312,76.2673,1.5,2020 Vembanad Backwater Surge,2020-08-07T04:00,3.0,1009.9,8.3,31.0,0.437,0.438,0.436
kochi_vembanad,Kochi,Kerala,West Coast (Arabian Sea),9.9312,76.2673,1.5,2020 Vembanad Backwater Surge,2020-08-07T05:00,2.2,1010.1,8.9,35.6,0.436,0.438,0.437
kochi_vembanad,Kochi,Kerala,West Coast (Arabian Sea),9.9312,76.2673,1.5,2020 Vembanad Backwater Surge,2020-08-07T06:00,4.2,1009.6,11.9,40.3,0.434,0.434,0.439
kochi_vembanad,Kochi,Kerala,West Coast (Arabian Sea),9.9312,76.2673,1.5,2020 Vembanad Backwater Surge,2020-08-07T07:00,1.2,1009.1,9.5,42.5,0.431,0.428,0.436
kochi_vembanad,Kochi,Kerala,West Coast (Arabian Sea),9.9312,76.2673,1.5,2020 Vembanad Backwater Surge,2020-08-07T08:00,0.8,1008.5,13.1,40.3,0.433,0.428,0.431
kochi_vembanad,Kochi,Kerala,West Coast (Arabian Sea),9.9312,76.2673,1.5,2020 Vembanad Backwater Surge,2020-08-07T09:00,1.1,1007.5,14.8,43.6,0.434,0.43,0.426
kochi_vembanad,Kochi,Kerala,West Coast (Arabian Sea),9.9312,76.2673,1.5,2020 Vembanad Backwater Surge,2020-08-07T10:00,1.3,1007.4,15.1,45.4,0.433,0.433,0.421
kochi_vembanad,Kochi,Kerala,West Coast (Arabian Sea),9.9312,76.2673,1.5,2020 Vembanad Backwater Surge,2020-08-07T11:00,0.8,1007.4,13.0,42.5,0.436,0.433,0.419
kochi_vembanad,Kochi,Kerala,West Coast (Arabian Sea),9.9312,76.2673,1.5,2020 Vembanad Backwater Surge,2020-08-07T12:00,2.3,1007.5,10.2,40.0,0.434,0.438,0.428
kochi_vembanad,Kochi,Kerala,West Coast (Arabian Sea),9.9312,76.2673,1.5,2020 Vembanad Backwater Surge,2020-08-07T13:00,4.6,1007.9,15.3,38.9,0.439,0.439,0.43
kochi_vembanad,Kochi,Kerala,West Coast (Arabian Sea),9.9312,76.2673,1.5,2020 Vembanad Backwater Surge,2020-08-07T14:00,5.7,1008.7,9.4,37.8,0.439,0.439,0.435
kochi_vembanad,Kochi,Kerala,West Coast (Arabian Sea),9.9312,76.2673,1.5,2020 Vembanad Backwater Surge,2020-08-07T15:00,3.9,1009.6,7.2,30.2,0.437,0.437,0.439
kochi_vembanad,Kochi,Kerala,West Coast (Arabian Sea),9.9312,76.2673,1.5,2020 Vembanad Backwater Surge,2020-08-07T16:00,3.9,1010.5,15.1,32.8,0.439,0.439,0.436
kochi_vembanad,Kochi,Kerala,West Coast (Arabian Sea),9.9312,76.2673,1.5,2020 Vembanad Backwater Surge,2020-08-07T17:00,5.3,1011.0,16.7,40.3,0.439,0.439,0.436
kochi_vembanad,Kochi,Kerala,West Coast (Arabian Sea),9.9312,76.2673,1.5,2020 Vembanad Backwater Surge,2020-08-07T18:00,5.6,1010.9,14.4,38.2,0.439,0.439,0.436
kochi_vembanad,Kochi,Kerala,West Coast (Arabian Sea),9.9312,76.2673,1.5,2020 Vembanad Backwater Surge,2020-08-07T19:00,5.1,1010.2,11.3,41.0,0.438,0.439,0.436
kochi_vembanad,Kochi,Kerala,West Coast (Arabian Sea),9.9312,76.2673,1.5,2020 Vembanad Backwater Surge,2020-08-07T20:00,3.2,1009.5,7.9,33.5,0.432,0.439,0.435
kochi_vembanad,Kochi,Kerala,West Coast (Arabian Sea),9.9312,76.2673,1.5,2020 Vembanad Backwater Surge,2020-08-07T21:00,1.9,1008.9,10.3,30.2,0.431,0.439,0.432
kochi_vembanad,Kochi,Kerala,West Coast (Arabian Sea),9.9312,76.2673,1.5,2020 Vembanad Backwater Surge,2020-08-07T22:00,0.9,1008.2,10.7,33.1,0.431,0.436,0.428
kochi_vembanad,Kochi,Kerala,West Coast (Arabian Sea),9.9312,76.2673,1.5,2020 Vembanad Backwater Surge,2020-08-07T23:00,1.2,1008.4,10.1,34.6,0.438,0.436,0.423
kochi_vembanad,Kochi,Kerala,West Coast (Arabian Sea),9.9312,76.2673,1.5,2020 Vembanad Backwater Surge,2020-08-08T00:00,1.0,1008.3,8.4,37.1,0.432,0.437,0.428
kochi_vembanad,Kochi,Kerala,West Coast (Arabian Sea),9.9312,76.2673,1.5,2020 Vembanad Backwater Surge,2020-08-08T01:00,2.8,1008.6,12.3,33.8,0.438,0.438,0.429
kochi_vembanad,Kochi,Kerala,West Coast (Arabian Sea),9.9312,76.2673,1.5,2020 Vembanad Backwater Surge,2020-08-08T02:00,2.5,1009.2,11.2,34.6,0.435,0.439,0.43
kochi_vembanad,Kochi,Kerala,West Coast (Arabian Sea),9.9312,76.2673,1.5,2020 Vembanad Backwater Surge,2020-08-08T03:00,1.3,1009.7,7.7,31.7,0.437,0.437,0.43
kochi_vembanad,Kochi,Kerala,West Coast (Arabian Sea),9.9312,76.2673,1.5,2020 Vembanad Backwater Surge,2020-08-08T04:00,1.4,1010.1,6.7,26.6,0.434,0.437,0.431
kochi_vembanad,Kochi,Kerala,West Coast (Arabian Sea),9.9312,76.2673,1.5,2020 Vembanad Backwater Surge,2020-08-08T05:00,0.5,1009.9,6.8,15.5,0.431,0.436,0.431
kochi_vembanad,Kochi,Kerala,West Coast (Arabian Sea),9.9312,76.2673,1.5,2020 Vembanad Backwater Surge,2020-08-08T06:00,0.5,1009.6,5.1,33.1,0.429,0.435,0.43
kochi_vembanad,Kochi,Kerala,West Coast (Arabian Sea),9.9312,76.2673,1.5,2020 Vembanad Backwater Surge,2020-08-08T07:00,0.4,1009.2,6.1,29.9,0.428,0.434,0.43
kochi_vembanad,Kochi,Kerala,West Coast (Arabian Sea),9.9312,76.2673,1.5,2020 Vembanad Backwater Surge,2020-08-08T08:00,1.1,1008.3,11.4,37.4,0.433,0.434,0.429
kochi_vembanad,Kochi,Kerala,West Coast (Arabian Sea),9.9312,76.2673,1.5,2020 Vembanad Backwater Surge,2020-08-08T09:00,1.4,1007.6,10.5,39.6,0.437,0.435,0.428
kochi_vembanad,Kochi,Kerala,West Coast (Arabian Sea),9.9312,76.2673,1.5,2020 Vembanad Backwater Surge,2020-08-08T10:00,0.5,1007.0,11.0,33.5,0.433,0.435,0.428
kochi_vembanad,Kochi,Kerala,West Coast (Arabian Sea),9.9312,76.2673,1.5,2020 Vembanad Backwater Surge,2020-08-08T11:00,0.4,1007.0,15.6,40.0,0.431,0.434,0.427
kochi_vembanad,Kochi,Kerala,West Coast (Arabian Sea),9.9312,76.2673,1.5,2020 Vembanad Backwater Surge,2020-08-08T12:00,2.7,1007.2,18.7,42.1,0.437,0.437,0.435
kochi_vembanad,Kochi,Kerala,West Coast (Arabian Sea),9.9312,76.2673,1.5,2020 Vembanad Backwater Surge,2020-08-08T13:00,2.8,1007.5,18.9,49.3,0.438,0.439,0.436
kochi_vembanad,Kochi,Kerala,West Coast (Arabian Sea),9.9312,76.2673,1.5,2020 Vembanad Backwater Surge,2020-08-08T14:00,3.5,1008.0,18.6,49.7,0.434,0.439,0.439
kochi_vembanad,Kochi,Kerala,West Coast (Arabian Sea),9.9312,76.2673,1.5,2020 Vembanad Backwater Surge,2020-08-08T15:00,2.9,1008.8,13.2,48.6,0.439,0.435,0.437
kochi_vembanad,Kochi,Kerala,West Coast (Arabian Sea),9.9312,76.2673,1.5,2020 Vembanad Backwater Surge,2020-08-08T16:00,1.9,1009.8,12.1,38.9,0.432,0.438,0.433
kochi_vembanad,Kochi,Kerala,West Coast (Arabian Sea),9.9312,76.2673,1.5,2020 Vembanad Backwater Surge,2020-08-08T17:00,2.2,1010.2,6.2,36.7,0.433,0.438,0.43
kochi_vembanad,Kochi,Kerala,West Coast (Arabian Sea),9.9312,76.2673,1.5,2020 Vembanad Backwater Surge,2020-08-08T18:00,1.8,1010.1,4.9,28.8,0.435,0.438,0.427
kochi_vembanad,Kochi,Kerala,West Coast (Arabian Sea),9.9312,76.2673,1.5,2020 Vembanad Backwater Surge,2020-08-08T19:00,1.6,1009.7,5.5,27.7,0.433,0.438,0.427
kochi_vembanad,Kochi,Kerala,West Coast (Arabian Sea),9.9312,76.2673,1.5,2020 Vembanad Backwater Surge,2020-08-08T20:00,1.1,1009.0,7.1,26.6,0.438,0.437,0.427
kochi_vembanad,Kochi,Kerala,West Coast (Arabian Sea),9.9312,76.2673,1.5,2020 Vembanad Backwater Surge,2020-08-08T21:00,1.1,1008.3,7.6,26.6,0.438,0.437,0.426
kochi_vembanad,Kochi,Kerala,West Coast (Arabian Sea),9.9312,76.2673,1.5,2020 Vembanad Backwater Surge,2020-08-08T22:00,1.1,1007.8,5.0,26.3,0.437,0.438,0.426
kochi_vembanad,Kochi,Kerala,West Coast (Arabian Sea),9.9312,76.2673,1.5,2020 Vembanad Backwater Surge,2020-08-08T23:00,1.4,1008.0,12.5,31.0,0.433,0.438,0.427
kochi_vembanad,Kochi,Kerala,West Coast (Arabian Sea),9.9312,76.2673,1.5,2020 Vembanad Backwater Surge,2020-08-09T00:00,1.4,1007.6,5.1,34.9,0.438,0.435,0.436
kochi_vembanad,Kochi,Kerala,West Coast (Arabian Sea),9.9312,76.2673,1.5,2020 Vembanad Backwater Surge,2020-08-09T01:00,5.7,1008.1,9.0,23.4,0.435,0.439,0.439
kochi_vembanad,Kochi,Kerala,West Coast (Arabian Sea),9.9312,76.2673,1.5,2020 Vembanad Backwater Surge,2020-08-09T02:00,4.8,1008.1,5.9,24.8,0.439,0.434,0.439
kochi_vembanad,Kochi,Kerala,West Coast (Arabian Sea),9.9312,76.2673,1.5,2020 Vembanad Backwater Surge,2020-08-09T03:00,4.7,1008.9,5.4,24.1,0.439,0.437,0.437
kochi_vembanad,Kochi,Kerala,West Coast (Arabian Sea),9.9312,76.2673,1.5,2020 Vembanad Backwater Surge,2020-08-09T04:00,6.1,1009.6,12.3,31.3,0.439,0.439,0.437
kochi_vembanad,Kochi,Kerala,West Coast (Arabian Sea),9.9312,76.2673,1.5,2020 Vembanad Backwater Surge,2020-08-09T05:00,7.0,1009.7,12.8,32.0,0.439,0.439,0.437
kochi_vembanad,Kochi,Kerala,West Coast (Arabian Sea),9.9312,76.2673,1.5,2020 Vembanad Backwater Surge,2020-08-09T06:00,6.3,1009.8,10.9,34.9,0.439,0.439,0.437
kochi_vembanad,Kochi,Kerala,West Coast (Arabian Sea),9.9312,76.2673,1.5,2020 Vembanad Backwater Surge,2020-08-09T07:00,5.6,1009.2,6.9,30.6,0.439,0.439,0.437
kochi_vembanad,Kochi,Kerala,West Coast (Arabian Sea),9.9312,76.2673,1.5,2020 Vembanad Backwater Surge,2020-08-09T08:00,4.5,1008.1,4.9,27.7,0.436,0.439,0.437
kochi_vembanad,Kochi,Kerala,West Coast (Arabian Sea),9.9312,76.2673,1.5,2020 Vembanad Backwater Surge,2020-08-09T09:00,2.9,1007.8,8.4,34.6,0.437,0.439,0.434
kochi_vembanad,Kochi,Kerala,West Coast (Arabian Sea),9.9312,76.2673,1.5,2020 Vembanad Backwater Surge,2020-08-09T10:00,3.2,1007.6,8.9,34.2,0.438,0.438,0.433
kochi_vembanad,Kochi,Kerala,West Coast (Arabian Sea),9.9312,76.2673,1.5,2020 Vembanad Backwater Surge,2020-08-09T11:00,4.7,1007.3,13.0,34.2,0.439,0.439,0.437
kochi_vembanad,Kochi,Kerala,West Coast (Arabian Sea),9.9312,76.2673,1.5,2020 Vembanad Backwater Surge,2020-08-09T12:00,4.2,1007.0,6.6,33.8,0.432,0.431,0.433
kochi_vembanad,Kochi,Kerala,West Coast (Arabian Sea),9.9312,76.2673,1.5,2020 Vembanad Backwater Surge,2020-08-09T13:00,2.5,1007.6,4.4,24.1,0.436,0.438,0.428
kochi_vembanad,Kochi,Kerala,West Coast (Arabian Sea),9.9312,76.2673,1.5,2020 Vembanad Backwater Surge,2020-08-09T14:00,3.1,1008.2,8.0,26.6,0.436,0.439,0.426
kochi_vembanad,Kochi,Kerala,West Coast (Arabian Sea),9.9312,76.2673,1.5,2020 Vembanad Backwater Surge,2020-08-09T15:00,2.5,1008.8,8.0,29.2,0.434,0.438,0.424
kochi_vembanad,Kochi,Kerala,West Coast (Arabian Sea),9.9312,76.2673,1.5,2020 Vembanad Backwater Surge,2020-08-09T16:00,1.3,1009.2,8.7,27.4,0.434,0.439,0.424
kochi_vembanad,Kochi,Kerala,West Coast (Arabian Sea),9.9312,76.2673,1.5,2020 Vembanad Backwater Surge,2020-08-09T17:00,2.7,1009.7,10.2,26.3,0.437,0.438,0.426
kochi_vembanad,Kochi,Kerala,West Coast (Arabian Sea),9.9312,76.2673,1.5,2020 Vembanad Backwater Surge,2020-08-09T18:00,2.5,1009.4,7.5,24.8,0.435,0.439,0.427
kochi_vembanad,Kochi,Kerala,West Coast (Arabian Sea),9.9312,76.2673,1.5,2020 Vembanad Backwater Surge,2020-08-09T19:00,2.1,1008.9,5.8,20.9,0.431,0.438,0.429
kochi_vembanad,Kochi,Kerala,West Coast (Arabian Sea),9.9312,76.2673,1.5,2020 Vembanad Backwater Surge,2020-08-09T20:00,2.8,1008.4,6.8,17.6,0.439,0.438,0.431
kochi_vembanad,Kochi,Kerala,West Coast (Arabian Sea),9.9312,76.2673,1.5,2020 Vembanad Backwater Surge,2020-08-09T21:00,2.7,1007.8,7.3,21.6,0.438,0.439,0.432
kochi_vembanad,Kochi,Kerala,West Coast (Arabian Sea),9.9312,76.2673,1.5,2020 Vembanad Backwater Surge,2020-08-09T22:00,4.4,1007.6,8.4,23.0,0.435,0.438,0.436
kochi_vembanad,Kochi,Kerala,West Coast (Arabian Sea),9.9312,76.2673,1.5,2020 Vembanad Backwater Surge,2020-08-09T23:00,1.0,1007.8,10.5,26.3,0.436,0.438,0.436
kochi_vembanad,Kochi,Kerala,West Coast (Arabian Sea),9.9312,76.2673,1.5,2020 Vembanad Backwater Surge,2020-08-10T00:00,1.2,1007.8,13.3,26.6,0.434,0.43,0.427
kochi_vembanad,Kochi,Kerala,West Coast (Arabian Sea),9.9312,76.2673,1.5,2020 Vembanad Backwater Surge,2020-08-10T01:00,0.4,1007.9,9.8,34.6,0.433,0.431,0.427
kochi_vembanad,Kochi,Kerala,West Coast (Arabian Sea),9.9312,76.2673,1.5,2020 Vembanad Backwater Surge,2020-08-10T02:00,1.1,1008.5,10.1,29.2,0.438,0.432,0.426
kochi_vembanad,Kochi,Kerala,West Coast (Arabian Sea),9.9312,76.2673,1.5,2020 Vembanad Backwater Surge,2020-08-10T03:00,0.6,1009.3,8.9,26.3,0.435,0.433,0.425
kochi_vembanad,Kochi,Kerala,West Coast (Arabian Sea),9.9312,76.2673,1.5,2020 Vembanad Backwater Surge,2020-08-10T04:00,0.7,1009.4,9.0,25.9,0.436,0.434,0.425
kochi_vembanad,Kochi,Kerala,West Coast (Arabian Sea),9.9312,76.2673,1.5,2020 Vembanad Backwater Surge,2020-08-10T05:00,0.4,1009.7,10.6,32.8,0.432,0.434,0.424
kochi_vembanad,Kochi,Kerala,West Coast (Arabian Sea),9.9312,76.2673,1.5,2020 Vembanad Backwater Surge,2020-08-10T06:00,0.8,1009.4,14.1,37.8,0.435,0.434,0.424
kochi_vembanad,Kochi,Kerala,West Coast (Arabian Sea),9.9312,76.2673,1.5,2020 Vembanad Backwater Surge,2020-08-10T07:00,0.4,1009.2,13.1,36.4,0.432,0.434,0.423
kochi_vembanad,Kochi,Kerala,West Coast (Arabian Sea),9.9312,76.2673,1.5,2020 Vembanad Backwater Surge,2020-08-10T08:00,0.9,1009.0,17.7,41.8,0.434,0.433,0.423
kochi_vembanad,Kochi,Kerala,West Coast (Arabian Sea),9.9312,76.2673,1.5,2020 Vembanad Backwater Surge,2020-08-10T09:00,0.6,1008.2,14.9,43.6,0.433,0.433,0.423
kochi_vembanad,Kochi,Kerala,West Coast (Arabian Sea),9.9312,76.2673,1.5,2020 Vembanad Backwater Surge,2020-08-10T10:00,1.0,1008.0,13.4,35.6,0.436,0.434,0.422
kochi_vembanad,Kochi,Kerala,West Coast (Arabian Sea),9.9312,76.2673,1.5,2020 Vembanad Backwater Surge,2020-08-10T11:00,0.4,1007.6,8.9,33.8,0.433,0.434,0.422
kochi_vembanad,Kochi,Kerala,West Coast (Arabian Sea),9.9312,76.2673,1.5,2020 Vembanad Backwater Surge,2020-08-10T12:00,0.3,1007.1,11.4,34.6,0.436,0.432,0.421
kochi_vembanad,Kochi,Kerala,West Coast (Arabian Sea),9.9312,76.2673,1.5,2020 Vembanad Backwater Surge,2020-08-10T13:00,0.7,1007.5,10.1,31.7,0.434,0.434,0.421
kochi_vembanad,Kochi,Kerala,West Coast (Arabian Sea),9.9312,76.2673,1.5,2020 Vembanad Backwater Surge,2020-08-10T14:00,0.1,1008.0,10.3,20.5,0.429,0.433,0.42
kochi_vembanad,Kochi,Kerala,West Coast (Arabian Sea),9.9312,76.2673,1.5,2020 Vembanad Backwater Surge,2020-08-10T15:00,0.4,1008.6,7.7,27.4,0.429,0.432,0.42
kochi_vembanad,Kochi,Kerala,West Coast (Arabian Sea),9.9312,76.2673,1.5,2020 Vembanad Backwater Surge,2020-08-10T16:00,0.6,1009.5,3.3,23.8,0.432,0.432,0.42
kochi_vembanad,Kochi,Kerala,West Coast (Arabian Sea),9.9312,76.2673,1.5,2020 Vembanad Backwater Surge,2020-08-10T17:00,0.4,1010.0,5.8,18.4,0.432,0.432,0.419
kochi_vembanad,Kochi,Kerala,West Coast (Arabian Sea),9.9312,76.2673,1.5,2020 Vembanad Backwater Surge,2020-08-10T18:00,0.5,1009.9,9.7,25.6,0.433,0.431,0.419
kochi_vembanad,Kochi,Kerala,West Coast (Arabian Sea),9.9312,76.2673,1.5,2020 Vembanad Backwater Surge,2020-08-10T19:00,0.9,1009.2,11.9,27.4,0.436,0.433,0.418
kochi_vembanad,Kochi,Kerala,West Coast (Arabian Sea),9.9312,76.2673,1.5,2020 Vembanad Backwater Surge,2020-08-10T20:00,0.3,1008.9,15.3,33.1,0.433,0.433,0.418
kochi_vembanad,Kochi,Kerala,West Coast (Arabian Sea),9.9312,76.2673,1.5,2020 Vembanad Backwater Surge,2020-08-10T21:00,0.7,1008.4,14.6,36.7,0.434,0.433,0.418
kochi_vembanad,Kochi,Kerala,West Coast (Arabian Sea),9.9312,76.2673,1.5,2020 Vembanad Backwater Surge,2020-08-10T22:00,0.7,1008.5,13.7,33.8,0.436,0.433,0.418
kochi_vembanad,Kochi,Kerala,West Coast (Arabian Sea),9.9312,76.2673,1.5,2020 Vembanad Backwater Surge,2020-08-10T23:00,0.6,1008.5,11.9,32.4,0.435,0.434,0.417
kochi_vembanad,Kochi,Kerala,West Coast (Arabian Sea),9.9312,76.2673,1.5,2020 Vembanad Backwater Surge,2020-08-11T00:00,0.7,1008.1,10.5,32.0,0.433,0.433,0.418
kochi_vembanad,Kochi,Kerala,West Coast (Arabian Sea),9.9312,76.2673,1.5,2020 Vembanad Backwater Surge,2020-08-11T01:00,0.6,1008.6,8.4,29.2,0.434,0.433,0.418
kochi_vembanad,Kochi,Kerala,West Coast (Arabian Sea),9.9312,76.2673,1.5,2020 Vembanad Backwater Surge,2020-08-11T02:00,0.5,1009.2,7.7,26.6,0.434,0.433,0.418
kochi_vembanad,Kochi,Kerala,West Coast (Arabian Sea),9.9312,76.2673,1.5,2020 Vembanad Backwater Surge,2020-08-11T03:00,0.4,1009.8,6.0,30.6,0.432,0.432,0.418
kochi_vembanad,Kochi,Kerala,West Coast (Arabian Sea),9.9312,76.2673,1.5,2020 Vembanad Backwater Surge,2020-08-11T04:00,0.5,1010.4,2.9,31.7,0.431,0.432,0.417
kochi_vembanad,Kochi,Kerala,West Coast (Arabian Sea),9.9312,76.2673,1.5,2020 Vembanad Backwater Surge,2020-08-11T05:00,1.3,1010.7,10.8,36.7,0.436,0.432,0.417
kochi_vembanad,Kochi,Kerala,West Coast (Arabian Sea),9.9312,76.2673,1.5,2020 Vembanad Backwater Surge,2020-08-11T06:00,0.3,1010.6,9.1,38.2,0.432,0.432,0.417
kochi_vembanad,Kochi,Kerala,West Coast (Arabian Sea),9.9312,76.2673,1.5,2020 Vembanad Backwater Surge,2020-08-11T07:00,0.0,1010.2,8.2,38.5,0.426,0.431,0.417
kochi_vembanad,Kochi,Kerala,West Coast (Arabian Sea),9.9312,76.2673,1.5,2020 Vembanad Backwater Surge,2020-08-11T08:00,0.1,1009.5,13.6,41.0,0.42,0.43,0.416
kochi_vembanad,Kochi,Kerala,West Coast (Arabian Sea),9.9312,76.2673,1.5,2020 Vembanad Backwater Surge,2020-08-11T09:00,0.0,1008.7,12.9,40.0,0.416,0.429,0.416
kochi_vembanad,Kochi,Kerala,West Coast (Arabian Sea),9.9312,76.2673,1.5,2020 Vembanad Backwater Surge,2020-08-11T10:00,0.1,1008.5,15.5,40.3,0.412,0.427,0.415
kochi_vembanad,Kochi,Kerala,West Coast (Arabian Sea),9.9312,76.2673,1.5,2020 Vembanad Backwater Surge,2020-08-11T11:00,0.1,1008.3,13.8,43.2,0.41,0.426,0.415
kochi_vembanad,Kochi,Kerala,West Coast (Arabian Sea),9.9312,76.2673,1.5,2020 Vembanad Backwater Surge,2020-08-11T12:00,0.2,1008.3,13.2,37.8,0.409,0.424,0.414
kochi_vembanad,Kochi,Kerala,West Coast (Arabian Sea),9.9312,76.2673,1.5,2020 Vembanad Backwater Surge,2020-08-11T13:00,0.1,1008.8,6.6,27.0,0.409,0.423,0.413
kochi_vembanad,Kochi,Kerala,West Coast (Arabian Sea),9.9312,76.2673,1.5,2020 Vembanad Backwater Surge,2020-08-11T14:00,0.1,1009.7,12.8,23.4,0.409,0.422,0.413
kochi_vembanad,Kochi,Kerala,West Coast (Arabian Sea),9.9312,76.2673,1.5,2020 Vembanad Backwater Surge,2020-08-11T15:00,0.1,1010.8,9.2,22.7,0.409,0.422,0.412
kochi_vembanad,Kochi,Kerala,West Coast (Arabian Sea),9.9312,76.2673,1.5,2020 Vembanad Backwater Surge,2020-08-11T16:00,0.4,1011.7,9.9,22.0,0.412,0.421,0.412
kochi_vembanad,Kochi,Kerala,West Coast (Arabian Sea),9.9312,76.2673,1.5,2020 Vembanad Backwater Surge,2020-08-11T17:00,0.2,1011.7,9.1,19.1,0.412,0.421,0.411
kochi_vembanad,Kochi,Kerala,West Coast (Arabian Sea),9.9312,76.2673,1.5,2020 Vembanad Backwater Surge,2020-08-11T18:00,0.2,1011.8,8.4,24.8,0.413,0.42,0.411
kochi_vembanad,Kochi,Kerala,West Coast (Arabian Sea),9.9312,76.2673,1.5,2020 Vembanad Backwater Surge,2020-08-11T19:00,0.0,1011.0,5.5,15.1,0.412,0.42,0.41
kochi_vembanad,Kochi,Kerala,West Coast (Arabian Sea),9.9312,76.2673,1.5,2020 Vembanad Backwater Surge,2020-08-11T20:00,0.4,1010.6,9.5,27.7,0.415,0.42,0.41
kochi_vembanad,Kochi,Kerala,West Coast (Arabian Sea),9.9312,76.2673,1.5,2020 Vembanad Backwater Surge,2020-08-11T21:00,0.1,1010.3,5.2,28.1,0.414,0.419,0.409
kochi_vembanad,Kochi,Kerala,West Coast (Arabian Sea),9.9312,76.2673,1.5,2020 Vembanad Backwater Surge,2020-08-11T22:00,0.0,1010.2,4.4,10.1,0.412,0.419,0.409
kochi_vembanad,Kochi,Kerala,West Coast (Arabian Sea),9.9312,76.2673,1.5,2020 Vembanad Backwater Surge,2020-08-11T23:00,0.3,1010.3,6.6,21.2,0.415,0.419,0.408
kochi_vembanad,Kochi,Kerala,West Coast (Arabian Sea),9.9312,76.2673,1.5,2020 Vembanad Backwater Surge,2020-08-12T00:00,0.2,1009.3,3.2,23.4,0.419,0.421,0.408
kochi_vembanad,Kochi,Kerala,West Coast (Arabian Sea),9.9312,76.2673,1.5,2020 Vembanad Backwater Surge,2020-08-12T01:00,0.1,1009.8,6.1,10.8,0.417,0.421,0.407
kochi_vembanad,Kochi,Kerala,West Coast (Arabian Sea),9.9312,76.2673,1.5,2020 Vembanad Backwater Surge,2020-08-12T02:00,0.3,1010.2,8.6,24.8,0.418,0.421,0.407
kochi_vembanad,Kochi,Kerala,West Coast (Arabian Sea),9.9312,76.2673,1.5,2020 Vembanad Backwater Surge,2020-08-12T03:00,0.1,1011.1,7.9,27.4,0.417,0.421,0.407
kochi_vembanad,Kochi,Kerala,West Coast (Arabian Sea),9.9312,76.2673,1.5,2020 Vembanad Backwater Surge,2020-08-12T04:00,0.0,1011.4,10.0,30.6,0.415,0.42,0.406
kochi_vembanad,Kochi,Kerala,West Coast (Arabian Sea),9.9312,76.2673,1.5,2020 Vembanad Backwater Surge,2020-08-12T05:00,0.0,1011.3,10.9,32.0,0.412,0.419,0.406
kochi_vembanad,Kochi,Kerala,West Coast (Arabian Sea),9.9312,76.2673,1.5,2020 Vembanad Backwater Surge,2020-08-12T06:00,0.1,1011.1,12.7,33.8,0.409,0.419,0.405
kochi_vembanad,Kochi,Kerala,West Coast (Arabian Sea),9.9312,76.2673,1.5,2020 Vembanad Backwater Surge,2020-08-12T07:00,0.1,1010.6,14.6,30.6,0.406,0.418,0.405
kochi_vembanad,Kochi,Kerala,West Coast (Arabian Sea),9.9312,76.2673,1.5,2020 Vembanad Backwater Surge,2020-08-12T08:00,0.1,1009.8,15.2,31.7,0.403,0.417,0.404
kochi_vembanad,Kochi,Kerala,West Coast (Arabian Sea),9.9312,76.2673,1.5,2020 Vembanad Backwater Surge,2020-08-12T09:00,0.0,1009.2,17.0,34.6,0.4,0.416,0.404
kochi_vembanad,Kochi,Kerala,West Coast (Arabian Sea),9.9312,76.2673,1.5,2020 Vembanad Backwater Surge,2020-08-12T10:00,0.0,1008.9,17.4,34.6,0.398,0.415,0.403
kochi_vembanad,Kochi,Kerala,West Coast (Arabian Sea),9.9312,76.2673,1.5,2020 Vembanad Backwater Surge,2020-08-12T11:00,0.0,1008.6,16.9,34.2,0.396,0.414,0.403
kochi_vembanad,Kochi,Kerala,West Coast (Arabian Sea),9.9312,76.2673,1.5,2020 Vembanad Backwater Surge,2020-08-12T12:00,0.0,1008.3,11.8,32.8,0.392,0.408,0.403
kochi_vembanad,Kochi,Kerala,West Coast (Arabian Sea),9.9312,76.2673,1.5,2020 Vembanad Backwater Surge,2020-08-12T13:00,0.0,1008.6,9.4,22.3,0.391,0.408,0.402
kochi_vembanad,Kochi,Kerala,West Coast (Arabian Sea),9.9312,76.2673,1.5,2020 Vembanad Backwater Surge,2020-08-12T14:00,0.0,1009.3,6.6,16.6,0.391,0.407,0.402
kochi_vembanad,Kochi,Kerala,West Coast (Arabian Sea),9.9312,76.2673,1.5,2020 Vembanad Backwater Surge,2020-08-12T15:00,0.0,1010.2,4.1,11.5,0.391,0.407,0.401
kochi_vembanad,Kochi,Kerala,West Coast (Arabian Sea),9.9312,76.2673,1.5,2020 Vembanad Backwater Surge,2020-08-12T16:00,0.1,1011.1,4.0,10.8,0.392,0.407,0.401
kochi_vembanad,Kochi,Kerala,West Coast (Arabian Sea),9.9312,76.2673,1.5,2020 Vembanad Backwater Surge,2020-08-12T17:00,0.0,1011.4,4.0,8.3,0.392,0.406,0.4
kochi_vembanad,Kochi,Kerala,West Coast (Arabian Sea),9.9312,76.2673,1.5,2020 Vembanad Backwater Surge,2020-08-12T18:00,0.2,1011.2,4.0,11.9,0.393,0.406,0.4
kochi_vembanad,Kochi,Kerala,West Coast (Arabian Sea),9.9312,76.2673,1.5,2020 Vembanad Backwater Surge,2020-08-12T19:00,0.2,1010.5,5.2,16.9,0.395,0.406,0.399
kochi_vembanad,Kochi,Kerala,West Coast (Arabian Sea),9.9312,76.2673,1.5,2020 Vembanad Backwater Surge,2020-08-12T20:00,0.1,1009.8,4.7,10.1,0.395,0.405,0.399
kochi_vembanad,Kochi,Kerala,West Coast (Arabian Sea),9.9312,76.2673,1.5,2020 Vembanad Backwater Surge,2020-08-12T21:00,0.3,1009.2,6.3,17.6,0.398,0.405,0.398
kochi_vembanad,Kochi,Kerala,West Coast (Arabian Sea),9.9312,76.2673,1.5,2020 Vembanad Backwater Surge,2020-08-12T22:00,0.5,1008.7,9.8,22.7,0.402,0.405,0.398
kochi_vembanad,Kochi,Kerala,West Coast (Arabian Sea),9.9312,76.2673,1.5,2020 Vembanad Backwater Surge,2020-08-12T23:00,0.4,1008.6,11.7,24.1,0.405,0.405,0.398
kochi_vembanad,Kochi,Kerala,West Coast (Arabian Sea),9.9312,76.2673,1.5,2020 Vembanad Backwater Surge,2020-08-13T00:00,0.3,1008.6,12.1,24.8,0.397,0.391,0.397
kochi_vembanad,Kochi,Kerala,West Coast (Arabian Sea),9.9312,76.2673,1.5,2020 Vembanad Backwater Surge,2020-08-13T01:00,0.2,1008.5,9.4,21.6,0.398,0.391,0.397
kochi_vembanad,Kochi,Kerala,West Coast (Arabian Sea),9.9312,76.2673,1.5,2020 Vembanad Backwater Surge,2020-08-13T02:00,0.1,1009.0,8.7,20.5,0.397,0.391,0.396
kochi_vembanad,Kochi,Kerala,West Coast (Arabian Sea),9.9312,76.2673,1.5,2020 Vembanad Backwater Surge,2020-08-13T03:00,0.1,1009.5,8.4,23.8,0.397,0.391,0.396
kochi_vembanad,Kochi,Kerala,West Coast (Arabian Sea),9.9312,76.2673,1.5,2020 Vembanad Backwater Surge,2020-08-13T04:00,0.1,1009.9,9.4,25.2,0.396,0.391,0.395
kochi_vembanad,Kochi,Kerala,West Coast (Arabian Sea),9.9312,76.2673,1.5,2020 Vembanad Backwater Surge,2020-08-13T05:00,0.1,1010.1,9.4,27.0,0.394,0.391,0.395
kochi_vembanad,Kochi,Kerala,West Coast (Arabian Sea),9.9312,76.2673,1.5,2020 Vembanad Backwater Surge,2020-08-13T06:00,0.0,1009.5,10.5,30.2,0.392,0.391,0.394
kochi_vembanad,Kochi,Kerala,West Coast (Arabian Sea),9.9312,76.2673,1.5,2020 Vembanad Backwater Surge,2020-08-13T07:00,0.0,1008.6,12.6,32.0,0.388,0.391,0.393
kochi_vembanad,Kochi,Kerala,West Coast (Arabian Sea),9.9312,76.2673,1.5,2020 Vembanad Backwater Surge,2020-08-13T08:00,0.1,1007.6,14.2,31.7,0.386,0.39,0.393
kochi_vembanad,Kochi,Kerala,West Coast (Arabian Sea),9.9312,76.2673,1.5,2020 Vembanad Backwater Surge,2020-08-13T09:00,0.0,1007.0,15.5,32.8,0.383,0.39,0.392
kochi_vembanad,Kochi,Kerala,West Coast (Arabian Sea),9.9312,76.2673,1.5,2020 Vembanad Backwater Surge,2020-08-13T10:00,0.2,1006.4,16.5,33.5,0.382,0.389,0.392
kochi_vembanad,Kochi,Kerala,West Coast (Arabian Sea),9.9312,76.2673,1.5,2020 Vembanad Backwater Surge,2020-08-13T11:00,0.1,1006.1,17.9,35.6,0.381,0.389,0.391
kochi_vembanad,Kochi,Kerala,West Coast (Arabian Sea),9.9312,76.2673,1.5,2020 Vembanad Backwater Surge,2020-08-13T12:00,0.1,1006.0,13.1,36.0,0.368,0.376,0.388
kochi_vembanad,Kochi,Kerala,West Coast (Arabian Sea),9.9312,76.2673,1.5,2020 Vembanad Backwater Surge,2020-08-13T13:00,0.0,1006.6,9.2,24.5,0.367,0.376,0.388
kochi_vembanad,Kochi,Kerala,West Coast (Arabian Sea),9.9312,76.2673,1.5,2020 Vembanad Backwater Surge,2020-08-13T14:00,0.1,1006.9,8.7,16.9,0.368,0.376,0.388
kochi_vembanad,Kochi,Kerala,West Coast (Arabian Sea),9.9312,76.2673,1.5,2020 Vembanad Backwater Surge,2020-08-13T15:00,0.1,1007.8,8.2,19.4,0.369,0.376,0.387
kochi_vembanad,Kochi,Kerala,West Coast (Arabian Sea),9.9312,76.2673,1.5,2020 Vembanad Backwater Surge,2020-08-13T16:00,0.3,1008.5,8.8,18.4,0.372,0.376,0.387
kochi_vembanad,Kochi,Kerala,West Coast (Arabian Sea),9.9312,76.2673,1.5,2020 Vembanad Backwater Surge,2020-08-13T17:00,0.2,1009.0,10.3,20.5,0.373,0.376,0.386
kochi_vembanad,Kochi,Kerala,West Coast (Arabian Sea),9.9312,76.2673,1.5,2020 Vembanad Backwater Surge,2020-08-13T18:00,0.2,1009.0,12.5,26.3,0.374,0.376,0.386
kochi_vembanad,Kochi,Kerala,West Coast (Arabian Sea),9.9312,76.2673,1.5,2020 Vembanad Backwater Surge,2020-08-13T19:00,0.1,1008.6,10.2,24.1,0.375,0.376,0.385
kochi_vembanad,Kochi,Kerala,West Coast (Arabian Sea),9.9312,76.2673,1.5,2020 Vembanad Backwater Surge,2020-08-13T20:00,0.4,1008.0,12.0,24.8,0.379,0.376,0.385
kochi_vembanad,Kochi,Kerala,West Coast (Arabian Sea),9.9312,76.2673,1.5,2020 Vembanad Backwater Surge,2020-08-13T21:00,0.4,1007.3,11.7,23.0,0.382,0.376,0.385
kochi_vembanad,Kochi,Kerala,West Coast (Arabian Sea),9.9312,76.2673,1.5,2020 Vembanad Backwater Surge,2020-08-13T22:00,0.5,1007.2,13.0,25.6,0.387,0.376,0.384
kochi_vembanad,Kochi,Kerala,West Coast (Arabian Sea),9.9312,76.2673,1.5,2020 Vembanad Backwater Surge,2020-08-13T23:00,0.1,1007.2,9.7,25.9,0.388,0.376,0.384
kochi_vembanad,Kochi,Kerala,West Coast (Arabian Sea),9.9312,76.2673,1.5,2020 Vembanad Backwater Surge,2020-08-14T00:00,0.2,1006.8,9.2,21.6,0.392,0.371,0.382
kochi_vembanad,Kochi,Kerala,West Coast (Arabian Sea),9.9312,76.2673,1.5,2020 Vembanad Backwater Surge,2020-08-14T01:00,0.2,1007.0,6.0,20.9,0.393,0.372,0.382
kochi_vembanad,Kochi,Kerala,West Coast (Arabian Sea),9.9312,76.2673,1.5,2020 Vembanad Backwater Surge,2020-08-14T02:00,0.2,1007.6,4.4,20.2,0.393,0.372,0.381
kochi_vembanad,Kochi,Kerala,West Coast (Arabian Sea),9.9312,76.2673,1.5,2020 Vembanad Backwater Surge,2020-08-14T03:00,0.2,1008.4,3.5,20.5,0.393,0.373,0.381
kochi_vembanad,Kochi,Kerala,West Coast (Arabian Sea),9.9312,76.2673,1.5,2020 Vembanad Backwater Surge,2020-08-14T04:00,0.1,1008.7,2.6,20.9,0.392,0.373,0.381
kochi_vembanad,Kochi,Kerala,West Coast (Arabian Sea),9.9312,76.2673,1.5,2020 Vembanad Backwater Surge,2020-08-14T05:00,0.1,1008.8,3.9,21.2,0.39,0.373,0.38
kochi_vembanad,Kochi,Kerala,West Coast (Arabian Sea),9.9312,76.2673,1.5,2020 Vembanad Backwater Surge,2020-08-14T06:00,0.1,1008.5,5.2,25.2,0.388,0.373,0.38
kochi_vembanad,Kochi,Kerala,West Coast (Arabian Sea),9.9312,76.2673,1.5,2020 Vembanad Backwater Surge,2020-08-14T07:00,0.0,1007.6,7.1,27.4,0.384,0.373,0.379
kochi_vembanad,Kochi,Kerala,West Coast (Arabian Sea),9.9312,76.2673,1.5,2020 Vembanad Backwater Surge,2020-08-14T08:00,0.1,1006.8,9.0,28.4,0.382,0.373,0.379
kochi_vembanad,Kochi,Kerala,West Coast (Arabian Sea),9.9312,76.2673,1.5,2020 Vembanad Backwater Surge,2020-08-14T09:00,0.0,1005.9,12.5,26.6,0.38,0.373,0.378
kochi_vembanad,Kochi,Kerala,West Coast (Arabian Sea),9.9312,76.2673,1.5,2020 Vembanad Backwater Surge,2020-08-14T10:00,0.0,1005.5,13.3,28.4,0.377,0.373,0.378
kochi_vembanad,Kochi,Kerala,West Coast (Arabian Sea),9.9312,76.2673,1.5,2020 Vembanad Backwater Surge,2020-08-14T11:00,0.0,1005.7,11.3,32.4,0.375,0.372,0.377
kochi_vembanad,Kochi,Kerala,West Coast (Arabian Sea),9.9312,76.2673,1.5,2020 Vembanad Backwater Surge,2020-08-14T12:00,0.1,1005.7,8.2,28.4,0.365,0.371,0.383
kochi_vembanad,Kochi,Kerala,West Coast (Arabian Sea),9.9312,76.2673,1.5,2020 Vembanad Backwater Surge,2020-08-14T13:00,0.0,1006.2,5.6,16.2,0.365,0.371,0.382
kochi_vembanad,Kochi,Kerala,West Coast (Arabian Sea),9.9312,76.2673,1.5,2020 Vembanad Backwater Surge,2020-08-14T14:00,0.0,1006.9,4.3,10.4,0.365,0.37,0.382
kochi_vembanad,Kochi,Kerala,West Coast (Arabian Sea),9.9312,76.2673,1.5,2020 Vembanad Backwater Surge,2020-08-14T15:00,0.0,1007.5,5.9,10.4,0.365,0.37,0.381
kochi_vembanad,Kochi,Kerala,West Coast (Arabian Sea),9.9312,76.2673,1.5,2020 Vembanad Backwater Surge,2020-08-14T16:00,0.0,1008.1,4.6,10.8,0.365,0.37,0.381
kochi_vembanad,Kochi,Kerala,West Coast (Arabian Sea),9.9312,76.2673,1.5,2020 Vembanad Backwater Surge,2020-08-14T17:00,0.4,1008.3,8.0,25.2,0.369,0.37,0.381
kochi_vembanad,Kochi,Kerala,West Coast (Arabian Sea),9.9312,76.2673,1.5,2020 Vembanad Backwater Surge,2020-08-14T18:00,0.3,1008.3,7.4,26.3,0.371,0.37,0.38
kochi_vembanad,Kochi,Kerala,West Coast (Arabian Sea),9.9312,76.2673,1.5,2020 Vembanad Backwater Surge,2020-08-14T19:00,0.4,1007.6,8.5,27.4,0.375,0.37,0.38
kochi_vembanad,Kochi,Kerala,West Coast (Arabian Sea),9.9312,76.2673,1.5,2020 Vembanad Backwater Surge,2020-08-14T20:00,0.4,1007.1,6.8,31.3,0.377,0.37,0.38
kochi_vembanad,Kochi,Kerala,West Coast (Arabian Sea),9.9312,76.2673,1.5,2020 Vembanad Backwater Surge,2020-08-14T21:00,0.1,1006.6,2.8,19.4,0.378,0.37,0.379
kochi_vembanad,Kochi,Kerala,West Coast (Arabian Sea),9.9312,76.2673,1.5,2020 Vembanad Backwater Surge,2020-08-14T22:00,0.4,1006.5,5.5,25.6,0.382,0.371,0.379
kochi_vembanad,Kochi,Kerala,West Coast (Arabian Sea),9.9312,76.2673,1.5,2020 Vembanad Backwater Surge,2020-08-14T23:00,0.2,1006.8,3.6,22.7,0.384,0.371,0.378
kochi_vembanad,Kochi,Kerala,West Coast (Arabian Sea),9.9312,76.2673,1.5,2020 Vembanad Backwater Surge,2020-08-15T00:00,0.3,1006.4,1.3,22.0,0.382,0.368,0.375
kochi_vembanad,Kochi,Kerala,West Coast (Arabian Sea),9.9312,76.2673,1.5,2020 Vembanad Backwater Surge,2020-08-15T01:00,0.0,1006.9,4.6,20.2,0.381,0.368,0.375
kochi_vembanad,Kochi,Kerala,West Coast (Arabian Sea),9.9312,76.2673,1.5,2020 Vembanad Backwater Surge,2020-08-15T02:00,0.2,1007.9,3.0,25.2,0.382,0.368,0.374
kochi_vembanad,Kochi,Kerala,West Coast (Arabian Sea),9.9312,76.2673,1.5,2020 Vembanad Backwater Surge,2020-08-15T03:00,0.2,1008.4,2.8,24.8,0.383,0.368,0.374
kochi_vembanad,Kochi,Kerala,West Coast (Arabian Sea),9.9312,76.2673,1.5,2020 Vembanad Backwater Surge,2020-08-15T04:00,0.1,1009.0,3.1,28.1,0.382,0.368,0.374
kochi_vembanad,Kochi,Kerala,West Coast (Arabian Sea),9.9312,76.2673,1.5,2020 Vembanad Backwater Surge,2020-08-15T05:00,0.0,1008.7,2.7,28.1,0.38,0.368,0.373
kochi_vembanad,Kochi,Kerala,West Coast (Arabian Sea),9.9312,76.2673,1.5,2020 Vembanad Backwater Surge,2020-08-15T06:00,0.0,1008.5,5.5,31.7,0.377,0.368,0.373
kochi_vembanad,Kochi,Kerala,West Coast (Arabian Sea),9.9312,76.2673,1.5,2020 Vembanad Backwater Surge,2020-08-15T07:00,0.1,1007.9,8.7,34.6,0.374,0.368,0.372
kochi_vembanad,Kochi,Kerala,West Coast (Arabian Sea),9.9312,76.2673,1.5,2020 Vembanad Backwater Surge,2020-08-15T08:00,0.4,1007.4,13.0,28.4,0.375,0.368,0.372
kochi_vembanad,Kochi,Kerala,West Coast (Arabian Sea),9.9312,76.2673,1.5,2020 Vembanad Backwater Surge,2020-08-15T09:00,0.4,1006.8,12.5,28.8,0.375,0.367,0.371
kochi_vembanad,Kochi,Kerala,West Coast (Arabian Sea),9.9312,76.2673,1.5,2020 Vembanad Backwater Surge,2020-08-15T10:00,0.2,1006.4,11.3,27.7,0.375,0.367,0.371
kochi_vembanad,Kochi,Kerala,West Coast (Arabian Sea),9.9312,76.2673,1.5,2020 Vembanad Backwater Surge,2020-08-15T11:00,0.2,1006.3,12.2,24.5,0.374,0.367,0.371
kochi_vembanad,Kochi,Kerala,West Coast (Arabian Sea),9.9312,76.2673,1.5,2020 Vembanad Backwater Surge,2020-08-15T12:00,0.1,1006.8,7.9,24.5,0.362,0.365,0.37
kochi_vembanad,Kochi,Kerala,West Coast (Arabian Sea),9.9312,76.2673,1.5,2020 Vembanad Backwater Surge,2020-08-15T13:00,0.2,1007.7,3.8,14.8,0.363,0.364,0.37
kochi_vembanad,Kochi,Kerala,West Coast (Arabian Sea),9.9312,76.2673,1.5,2020 Vembanad Backwater Surge,2020-08-15T14:00,0.0,1007.9,5.2,7.2,0.363,0.364,0.37
kochi_vembanad,Kochi,Kerala,West Coast (Arabian Sea),9.9312,76.2673,1.5,2020 Vembanad Backwater Surge,2020-08-15T15:00,0.0,1008.4,4.0,7.6,0.363,0.364,0.369
kochi_vembanad,Kochi,Kerala,West Coast (Arabian Sea),9.9312,76.2673,1.5,2020 Vembanad Backwater Surge,2020-08-15T16:00,0.0,1009.3,4.4,6.1,0.363,0.364,0.369
kochi_vembanad,Kochi,Kerala,West Coast (Arabian Sea),9.9312,76.2673,1.5,2020 Vembanad Backwater Surge,2020-08-15T17:00,0.0,1009.3,6.0,8.6,0.363,0.364,0.369
kochi_vembanad,Kochi,Kerala,West Coast (Arabian Sea),9.9312,76.2673,1.5,2020 Vembanad Backwater Surge,2020-08-15T18:00,0.0,1009.2,5.8,8.3,0.363,0.364,0.368
kochi_vembanad,Kochi,Kerala,West Coast (Arabian Sea),9.9312,76.2673,1.5,2020 Vembanad Backwater Surge,2020-08-15T19:00,0.0,1008.6,5.1,8.3,0.362,0.364,0.368
kochi_vembanad,Kochi,Kerala,West Coast (Arabian Sea),9.9312,76.2673,1.5,2020 Vembanad Backwater Surge,2020-08-15T20:00,0.3,1008.1,4.6,26.6,0.365,0.364,0.368
kochi_vembanad,Kochi,Kerala,West Coast (Arabian Sea),9.9312,76.2673,1.5,2020 Vembanad Backwater Surge,2020-08-15T21:00,0.4,1007.6,4.8,28.4,0.368,0.364,0.368
kochi_vembanad,Kochi,Kerala,West Coast (Arabian Sea),9.9312,76.2673,1.5,2020 Vembanad Backwater Surge,2020-08-15T22:00,0.7,1007.6,5.5,30.6,0.376,0.364,0.367
kochi_vembanad,Kochi,Kerala,West Coast (Arabian Sea),9.9312,76.2673,1.5,2020 Vembanad Backwater Surge,2020-08-15T23:00,0.2,1007.8,5.5,28.4,0.377,0.365,0.367
kochi_vembanad,Kochi,Kerala,West Coast (Arabian Sea),9.9312,76.2673,1.5,2020 Vembanad Backwater Surge,2020-08-16T00:00,0.2,1007.5,4.6,28.1,0.391,0.37,0.37
kochi_vembanad,Kochi,Kerala,West Coast (Arabian Sea),9.9312,76.2673,1.5,2020 Vembanad Backwater Surge,2020-08-16T01:00,0.1,1007.6,4.0,10.1,0.391,0.371,0.37
kochi_vembanad,Kochi,Kerala,West Coast (Arabian Sea),9.9312,76.2673,1.5,2020 Vembanad Backwater Surge,2020-08-16T02:00,0.0,1008.1,4.5,31.0,0.39,0.371,0.37
kochi_vembanad,Kochi,Kerala,West Coast (Arabian Sea),9.9312,76.2673,1.5,2020 Vembanad Backwater Surge,2020-08-16T03:00,0.0,1008.6,3.7,34.2,0.389,0.371,0.369
kochi_vembanad,Kochi,Kerala,West Coast (Arabian Sea),9.9312,76.2673,1.5,2020 Vembanad Backwater Surge,2020-08-16T04:00,0.0,1008.9,2.0,33.8,0.387,0.372,0.369
kochi_vembanad,Kochi,Kerala,West Coast (Arabian Sea),9.9312,76.2673,1.5,2020 Vembanad Backwater Surge,2020-08-16T05:00,0.0,1009.1,1.0,31.0,0.385,0.372,0.369
kochi_vembanad,Kochi,Kerala,West Coast (Arabian Sea),9.9312,76.2673,1.5,2020 Vembanad Backwater Surge,2020-08-16T06:00,0.1,1008.6,2.1,29.2,0.383,0.372,0.368
kochi_vembanad,Kochi,Kerala,West Coast (Arabian Sea),9.9312,76.2673,1.5,2020 Vembanad Backwater Surge,2020-08-16T07:00,0.0,1008.0,5.4,34.2,0.38,0.371,0.368
kochi_vembanad,Kochi,Kerala,West Coast (Arabian Sea),9.9312,76.2673,1.5,2020 Vembanad Backwater Surge,2020-08-16T08:00,0.0,1007.4,8.7,36.4,0.377,0.371,0.368
kochi_vembanad,Kochi,Kerala,West Coast (Arabian Sea),9.9312,76.2673,1.5,2020 Vembanad Backwater Surge,2020-08-16T09:00,0.1,1006.7,10.9,37.4,0.374,0.371,0.367
kochi_vembanad,Kochi,Kerala,West Coast (Arabian Sea),9.9312,76.2673,1.5,2020 Vembanad Backwater Surge,2020-08-16T10:00,0.0,1006.5,11.5,24.5,0.372,0.371,0.367
kochi_vembanad,Kochi,Kerala,West Coast (Arabian Sea),9.9312,76.2673,1.5,2020 Vembanad Backwater Surge,2020-08-16T11:00,0.1,1006.3,13.2,27.4,0.371,0.37,0.367
kochi_vembanad,Kochi,Kerala,West Coast (Arabian Sea),9.9312,76.2673,1.5,2020 Vembanad Backwater Surge,2020-08-16T12:00,0.2,1007.0,12.6,37.8,0.377,0.375,0.368
kochi_vembanad,Kochi,Kerala,West Coast (Arabian Sea),9.9312,76.2673,1.5,2020 Vembanad Backwater Surge,2020-08-16T13:00,0.1,1007.4,10.6,36.0,0.377,0.375,0.367
kochi_vembanad,Kochi,Kerala,West Coast (Arabian Sea),9.9312,76.2673,1.5,2020 Vembanad Backwater Surge,2020-08-16T14:00,0.0,1007.8,7.9,19.1,0.377,0.375,0.367
kochi_vembanad,Kochi,Kerala,West Coast (Arabian Sea),9.9312,76.2673,1.5,2020 Vembanad Backwater Surge,2020-08-16T15:00,0.0,1008.5,4.4,14.4,0.376,0.375,0.367
kochi_vembanad,Kochi,Kerala,West Coast (Arabian Sea),9.9312,76.2673,1.5,2020 Vembanad Backwater Surge,2020-08-16T16:00,0.0,1009.5,2.8,7.9,0.376,0.375,0.366
kochi_vembanad,Kochi,Kerala,West Coast (Arabian Sea),9.9312,76.2673,1.5,2020 Vembanad Backwater Surge,2020-08-16T17:00,0.1,1009.6,4.1,26.6,0.377,0.375,0.366
kochi_vembanad,Kochi,Kerala,West Coast (Arabian Sea),9.9312,76.2673,1.5,2020 Vembanad Backwater Surge,2020-08-16T18:00,0.2,1009.6,3.6,28.1,0.378,0.375,0.366
kochi_vembanad,Kochi,Kerala,West Coast (Arabian Sea),9.9312,76.2673,1.5,2020 Vembanad Backwater Surge,2020-08-16T19:00,0.3,1009.2,3.3,20.9,0.381,0.375,0.366
kochi_vembanad,Kochi,Kerala,West Coast (Arabian Sea),9.9312,76.2673,1.5,2020 Vembanad Backwater Surge,2020-08-16T20:00,0.9,1008.6,7.5,30.2,0.39,0.375,0.365
kochi_vembanad,Kochi,Kerala,West Coast (Arabian Sea),9.9312,76.2673,1.5,2020 Vembanad Backwater Surge,2020-08-16T21:00,0.3,1007.8,6.0,25.2,0.393,0.375,0.365
kochi_vembanad,Kochi,Kerala,West Coast (Arabian Sea),9.9312,76.2673,1.5,2020 Vembanad Backwater Surge,2020-08-16T22:00,0.2,1007.5,4.4,28.1,0.394,0.376,0.365
kochi_vembanad,Kochi,Kerala,West Coast (Arabian Sea),9.9312,76.2673,1.5,2020 Vembanad Backwater Surge,2020-08-16T23:00,0.3,1007.6,5.9,22.0,0.397,0.376,0.365
kochi_vembanad,Kochi,Kerala,West Coast (Arabian Sea),9.9312,76.2673,1.5,2020 Vembanad Backwater Surge,2020-08-17T00:00,0.4,1007.5,7.1,27.0,0.391,0.371,0.36
kochi_vembanad,Kochi,Kerala,West Coast (Arabian Sea),9.9312,76.2673,1.5,2020 Vembanad Backwater Surge,2020-08-17T01:00,0.3,1007.7,6.1,26.3,0.393,0.371,0.359
kochi_vembanad,Kochi,Kerala,West Coast (Arabian Sea),9.9312,76.2673,1.5,2020 Vembanad Backwater Surge,2020-08-17T02:00,0.1,1008.2,3.7,23.4,0.393,0.372,0.359
kochi_vembanad,Kochi,Kerala,West Coast (Arabian Sea),9.9312,76.2673,1.5,2020 Vembanad Backwater Surge,2020-08-17T03:00,0.0,1008.7,3.7,28.4,0.391,0.372,0.359
kochi_vembanad,Kochi,Kerala,West Coast (Arabian Sea),9.9312,76.2673,1.5,2020 Vembanad Backwater Surge,2020-08-17T04:00,0.0,1008.9,3.4,31.7,0.39,0.372,0.359
kochi_vembanad,Kochi,Kerala,West Coast (Arabian Sea),9.9312,76.2673,1.5,2020 Vembanad Backwater Surge,2020-08-17T05:00,0.1,1009.0,4.9,35.3,0.388,0.373,0.358
kochi_vembanad,Kochi,Kerala,West Coast (Arabian Sea),9.9312,76.2673,1.5,2020 Vembanad Backwater Surge,2020-08-17T06:00,0.0,1008.6,6.4,39.2,0.385,0.372,0.358
kochi_vembanad,Kochi,Kerala,West Coast (Arabian Sea),9.9312,76.2673,1.5,2020 Vembanad Backwater Surge,2020-08-17T07:00,0.0,1007.9,6.6,39.2,0.382,0.372,0.358
kochi_vembanad,Kochi,Kerala,West Coast (Arabian Sea),9.9312,76.2673,1.5,2020 Vembanad Backwater Surge,2020-08-17T08:00,0.0,1006.8,9.4,23.0,0.377,0.372,0.357
kochi_vembanad,Kochi,Kerala,West Coast (Arabian Sea),9.9312,76.2673,1.5,2020 Vembanad Backwater Surge,2020-08-17T09:00,0.0,1006.2,10.8,36.7,0.373,0.371,0.357
kochi_vembanad,Kochi,Kerala,West Coast (Arabian Sea),9.9312,76.2673,1.5,2020 Vembanad Backwater Surge,2020-08-17T10:00,0.0,1005.8,11.0,25.2,0.37,0.371,0.357
kochi_vembanad,Kochi,Kerala,West Coast (Arabian Sea),9.9312,76.2673,1.5,2020 Vembanad Backwater Surge,2020-08-17T11:00,0.0,1005.8,9.3,36.0,0.368,0.371,0.356
kochi_vembanad,Kochi,Kerala,West Coast (Arabian Sea),9.9312,76.2673,1.5,2020 Vembanad Backwater Surge,2020-08-17T12:00,0.0,1005.9,6.1,20.5,0.367,0.372,0.362
kochi_vembanad,Kochi,Kerala,West Coast (Arabian Sea),9.9312,76.2673,1.5,2020 Vembanad Backwater Surge,2020-08-17T13:00,0.0,1006.3,5.9,14.0,0.366,0.372,0.361
kochi_vembanad,Kochi,Kerala,West Coast (Arabian Sea),9.9312,76.2673,1.5,2020 Vembanad Backwater Surge,2020-08-17T14:00,0.0,1006.7,5.6,11.2,0.366,0.372,0.361
kochi_vembanad,Kochi,Kerala,West Coast (Arabian Sea),9.9312,76.2673,1.5,2020 Vembanad Backwater Surge,2020-08-17T15:00,0.0,1007.6,3.9,10.4,0.366,0.372,0.361
kochi_vembanad,Kochi,Kerala,West Coast (Arabian Sea),9.9312,76.2673,1.5,2020 Vembanad Backwater Surge,2020-08-17T16:00,0.0,1008.5,2.9,7.6,0.366,0.371,0.361
kochi_vembanad,Kochi,Kerala,West Coast (Arabian Sea),9.9312,76.2673,1.5,2020 Vembanad Backwater Surge,2020-08-17T17:00,0.0,1008.7,3.7,5.8,0.366,0.371,0.361
kochi_vembanad,Kochi,Kerala,West Coast (Arabian Sea),9.9312,76.2673,1.5,2020 Vembanad Backwater Surge,2020-08-17T18:00,0.0,1008.7,3.6,5.8,0.366,0.371,0.36
kochi_vembanad,Kochi,Kerala,West Coast (Arabian Sea),9.9312,76.2673,1.5,2020 Vembanad Backwater Surge,2020-08-17T19:00,0.6,1008.4,4.1,22.7,0.371,0.371,0.36
kochi_vembanad,Kochi,Kerala,West Coast (Arabian Sea),9.9312,76.2673,1.5,2020 Vembanad Backwater Surge,2020-08-17T20:00,0.3,1007.9,2.9,24.1,0.374,0.371,0.36
kochi_vembanad,Kochi,Kerala,West Coast (Arabian Sea),9.9312,76.2673,1.5,2020 Vembanad Backwater Surge,2020-08-17T21:00,0.7,1007.5,4.9,22.7,0.38,0.371,0.36
kochi_vembanad,Kochi,Kerala,West Coast (Arabian Sea),9.9312,76.2673,1.5,2020 Vembanad Backwater Surge,2020-08-17T22:00,0.3,1007.3,7.4,20.9,0.384,0.371,0.359
kochi_vembanad,Kochi,Kerala,West Coast (Arabian Sea),9.9312,76.2673,1.5,2020 Vembanad Backwater Surge,2020-08-17T23:00,0.2,1007.6,6.3,24.8,0.386,0.372,0.359
kochi_vembanad,Kochi,Kerala,West Coast (Arabian Sea),9.9312,76.2673,1.5,2020 Vembanad Backwater Surge,2020-08-18T00:00,0.2,1007.4,7.4,25.2,0.385,0.368,0.346
kochi_vembanad,Kochi,Kerala,West Coast (Arabian Sea),9.9312,76.2673,1.5,2020 Vembanad Backwater Surge,2020-08-18T01:00,0.1,1007.7,5.4,25.2,0.385,0.368,0.346
kochi_vembanad,Kochi,Kerala,West Coast (Arabian Sea),9.9312,76.2673,1.5,2020 Vembanad Backwater Surge,2020-08-18T02:00,0.0,1008.2,5.1,22.7,0.384,0.368,0.346
kochi_vembanad,Kochi,Kerala,West Coast (Arabian Sea),9.9312,76.2673,1.5,2020 Vembanad Backwater Surge,2020-08-18T03:00,0.2,1009.3,8.2,27.4,0.385,0.368,0.345
kochi_vembanad,Kochi,Kerala,West Coast (Arabian Sea),9.9312,76.2673,1.5,2020 Vembanad Backwater Surge,2020-08-18T04:00,0.3,1009.9,7.4,31.7,0.386,0.368,0.345
kochi_vembanad,Kochi,Kerala,West Coast (Arabian Sea),9.9312,76.2673,1.5,2020 Vembanad Backwater Surge,2020-08-18T05:00,0.1,1009.8,8.4,31.7,0.385,0.369,0.345
kochi_vembanad,Kochi,Kerala,West Coast (Arabian Sea),9.9312,76.2673,1.5,2020 Vembanad Backwater Surge,2020-08-18T06:00,0.1,1009.3,8.4,35.6,0.383,0.369,0.345
kochi_vembanad,Kochi,Kerala,West Coast (Arabian Sea),9.9312,76.2673,1.5,2020 Vembanad Backwater Surge,2020-08-18T07:00,0.0,1008.4,9.8,35.6,0.379,0.368,0.345
kochi_vembanad,Kochi,Kerala,West Coast (Arabian Sea),9.9312,76.2673,1.5,2020 Vembanad Backwater Surge,2020-08-18T08:00,0.1,1007.6,11.3,36.7,0.376,0.368,0.344
kochi_vembanad,Kochi,Kerala,West Coast (Arabian Sea),9.9312,76.2673,1.5,2020 Vembanad Backwater Surge,2020-08-18T09:00,0.1,1006.9,13.9,29.9,0.373,0.367,0.344
kochi_vembanad,Kochi,Kerala,West Coast (Arabian Sea),9.9312,76.2673,1.5,2020 Vembanad Backwater Surge,2020-08-18T10:00,0.1,1006.5,14.7,38.2,0.371,0.367,0.344
kochi_vembanad,Kochi,Kerala,West Coast (Arabian Sea),9.9312,76.2673,1.5,2020 Vembanad Backwater Surge,2020-08-18T11:00,0.0,1006.2,15.1,41.0,0.369,0.367,0.344
kochi_vembanad,Kochi,Kerala,West Coast (Arabian Sea),9.9312,76.2673,1.5,2020 Vembanad Backwater Surge,2020-08-18T12:00,0.0,1006.1,11.5,39.6,0.365,0.367,0.341
kochi_vembanad,Kochi,Kerala,West Coast (Arabian Sea),9.9312,76.2673,1.5,2020 Vembanad Backwater Surge,2020-08-18T13:00,0.0,1006.5,8.9,22.0,0.364,0.366,0.341
kochi_vembanad,Kochi,Kerala,West Coast (Arabian Sea),9.9312,76.2673,1.5,2020 Vembanad Backwater Surge,2020-08-18T14:00,0.0,1007.0,8.4,16.9,0.364,0.366,0.341
kochi_vembanad,Kochi,Kerala,West Coast (Arabian Sea),9.9312,76.2673,1.5,2020 Vembanad Backwater Surge,2020-08-18T15:00,0.2,1007.9,9.1,24.8,0.366,0.366,0.341
kochi_vembanad,Kochi,Kerala,West Coast (Arabian Sea),9.9312,76.2673,1.5,2020 Vembanad Backwater Surge,2020-08-18T16:00,0.1,1008.7,10.1,27.7,0.366,0.366,0.341
kochi_vembanad,Kochi,Kerala,West Coast (Arabian Sea),9.9312,76.2673,1.5,2020 Vembanad Backwater Surge,2020-08-18T17:00,0.0,1008.9,9.0,23.4,0.366,0.366,0.34
kochi_vembanad,Kochi,Kerala,West Coast (Arabian Sea),9.9312,76.2673,1.5,2020 Vembanad Backwater Surge,2020-08-18T18:00,0.0,1009.0,9.1,16.6,0.366,0.366,0.34
kochi_vembanad,Kochi,Kerala,West Coast (Arabian Sea),9.9312,76.2673,1.5,2020 Vembanad Backwater Surge,2020-08-18T19:00,0.1,1008.3,9.9,24.8,0.367,0.366,0.34
kochi_vembanad,Kochi,Kerala,West Coast (Arabian Sea),9.9312,76.2673,1.5,2020 Vembanad Backwater Surge,2020-08-18T20:00,0.2,1007.4,10.2,19.4,0.369,0.366,0.34
kochi_vembanad,Kochi,Kerala,West Coast (Arabian Sea),9.9312,76.2673,1.5,2020 Vembanad Backwater Surge,2020-08-18T21:00,0.0,1006.7,7.6,18.7,0.369,0.366,0.34
kochi_vembanad,Kochi,Kerala,West Coast (Arabian Sea),9.9312,76.2673,1.5,2020 Vembanad Backwater Surge,2020-08-18T22:00,0.3,1006.6,8.9,24.1,0.371,0.366,0.34
kochi_vembanad,Kochi,Kerala,West Coast (Arabian Sea),9.9312,76.2673,1.5,2020 Vembanad Backwater Surge,2020-08-18T23:00,0.1,1006.6,6.1,25.2,0.372,0.366,0.339
kochi_vembanad,Kochi,Kerala,West Coast (Arabian Sea),9.9312,76.2673,1.5,2020 Vembanad Backwater Surge,2020-08-19T00:00,0.2,1006.5,8.7,25.2,0.374,0.362,0.332
kochi_vembanad,Kochi,Kerala,West Coast (Arabian Sea),9.9312,76.2673,1.5,2020 Vembanad Backwater Surge,2020-08-19T01:00,0.3,1006.7,8.3,24.8,0.376,0.362,0.332
kochi_vembanad,Kochi,Kerala,West Coast (Arabian Sea),9.9312,76.2673,1.5,2020 Vembanad Backwater Surge,2020-08-19T02:00,0.0,1007.0,7.5,15.5,0.375,0.363,0.332
kochi_vembanad,Kochi,Kerala,West Coast (Arabian Sea),9.9312,76.2673,1.5,2020 Vembanad Backwater Surge,2020-08-19T03:00,0.2,1007.8,11.2,28.8,0.376,0.363,0.332
kochi_vembanad,Kochi,Kerala,West Coast (Arabian Sea),9.9312,76.2673,1.5,2020 Vembanad Backwater Surge,2020-08-19T04:00,0.0,1008.1,9.8,29.9,0.375,0.363,0.332
kochi_vembanad,Kochi,Kerala,West Coast (Arabian Sea),9.9312,76.2673,1.5,2020 Vembanad Backwater Surge,2020-08-19T05:00,0.1,1007.8,11.2,29.5,0.373,0.362,0.332
kochi_vembanad,Kochi,Kerala,West Coast (Arabian Sea),9.9312,76.2673,1.5,2020 Vembanad Backwater Surge,2020-08-19T06:00,0.0,1007.6,13.9,29.9,0.37,0.362,0.331
kochi_vembanad,Kochi,Kerala,West Coast (Arabian Sea),9.9312,76.2673,1.5,2020 Vembanad Backwater Surge,2020-08-19T07:00,0.0,1006.9,16.1,33.8,0.366,0.362,0.331
kochi_vembanad,Kochi,Kerala,West Coast (Arabian Sea),9.9312,76.2673,1.5,2020 Vembanad Backwater Surge,2020-08-19T08:00,0.0,1006.1,17.4,36.0,0.361,0.361,0.331
kochi_vembanad,Kochi,Kerala,West Coast (Arabian Sea),9.9312,76.2673,1.5,2020 Vembanad Backwater Surge,2020-08-19T09:00,0.0,1005.6,17.4,36.4,0.357,0.361,0.331
kochi_vembanad,Kochi,Kerala,West Coast (Arabian Sea),9.9312,76.2673,1.5,2020 Vembanad Backwater Surge,2020-08-19T10:00,0.0,1005.1,17.6,36.0,0.354,0.36,0.331
kochi_vembanad,Kochi,Kerala,West Coast (Arabian Sea),9.9312,76.2673,1.5,2020 Vembanad Backwater Surge,2020-08-19T11:00,0.0,1005.1,16.6,35.3,0.352,0.36,0.33
kochi_vembanad,Kochi,Kerala,West Coast (Arabian Sea),9.9312,76.2673,1.5,2020 Vembanad Backwater Surge,2020-08-19T12:00,0.0,1004.9,13.8,32.8,0.351,0.359,0.33
kochi_vembanad,Kochi,Kerala,West Coast (Arabian Sea),9.9312,76.2673,1.5,2020 Vembanad Backwater Surge,2020-08-19T13:00,0.0,1005.4,10.2,25.6,0.351,0.359,0.33
kochi_vembanad,Kochi,Kerala,West Coast (Arabian Sea),9.9312,76.2673,1.5,2020 Vembanad Backwater Surge,2020-08-19T14:00,0.0,1005.8,9.7,18.4,0.351,0.359,0.33
kochi_vembanad,Kochi,Kerala,West Coast (Arabian Sea),9.9312,76.2673,1.5,2020 Vembanad Backwater Surge,2020-08-19T15:00,0.0,1006.7,7.9,17.3,0.35,0.359,0.33
kochi_vembanad,Kochi,Kerala,West Coast (Arabian Sea),9.9312,76.2673,1.5,2020 Vembanad Backwater Surge,2020-08-19T16:00,0.1,1007.4,8.5,14.8,0.351,0.359,0.329
kochi_vembanad,Kochi,Kerala,West Coast (Arabian Sea),9.9312,76.2673,1.5,2020 Vembanad Backwater Surge,2020-08-19T17:00,0.1,1007.8,8.4,17.3,0.352,0.359,0.329
kochi_vembanad,Kochi,Kerala,West Coast (Arabian Sea),9.9312,76.2673,1.5,2020 Vembanad Backwater Surge,2020-08-19T18:00,0.2,1007.8,8.7,21.6,0.353,0.358,0.329
kochi_vembanad,Kochi,Kerala,West Coast (Arabian Sea),9.9312,76.2673,1.5,2020 Vembanad Backwater Surge,2020-08-19T19:00,0.1,1007.6,8.1,15.1,0.354,0.358,0.329
kochi_vembanad,Kochi,Kerala,West Coast (Arabian Sea),9.9312,76.2673,1.5,2020 Vembanad Backwater Surge,2020-08-19T20:00,0.1,1006.9,9.5,17.6,0.355,0.358,0.329
kochi_vembanad,Kochi,Kerala,West Coast (Arabian Sea),9.9312,76.2673,1.5,2020 Vembanad Backwater Surge,2020-08-19T21:00,0.3,1006.6,11.8,24.1,0.358,0.358,0.329
kochi_vembanad,Kochi,Kerala,West Coast (Arabian Sea),9.9312,76.2673,1.5,2020 Vembanad Backwater Surge,2020-08-19T22:00,0.5,1006.2,11.5,25.2,0.362,0.358,0.329
kochi_vembanad,Kochi,Kerala,West Coast (Arabian Sea),9.9312,76.2673,1.5,2020 Vembanad Backwater Surge,2020-08-19T23:00,0.1,1005.9,9.1,20.9,0.362,0.358,0.329
kochi_vembanad,Kochi,Kerala,West Coast (Arabian Sea),9.9312,76.2673,1.5,2020 Vembanad Backwater Surge,2020-08-20T00:00,0.2,1006.0,9.3,18.7,0.366,0.36,0.331
kochi_vembanad,Kochi,Kerala,West Coast (Arabian Sea),9.9312,76.2673,1.5,2020 Vembanad Backwater Surge,2020-08-20T01:00,0.4,1006.1,10.3,23.0,0.371,0.36,0.331
kochi_vembanad,Kochi,Kerala,West Coast (Arabian Sea),9.9312,76.2673,1.5,2020 Vembanad Backwater Surge,2020-08-20T02:00,0.3,1006.9,8.7,26.3,0.374,0.36,0.33
kochi_vembanad,Kochi,Kerala,West Coast (Arabian Sea),9.9312,76.2673,1.5,2020 Vembanad Backwater Surge,2020-08-20T03:00,0.1,1007.7,8.6,23.8,0.374,0.36,0.33
kochi_vembanad,Kochi,Kerala,West Coast (Arabian Sea),9.9312,76.2673,1.5,2020 Vembanad Backwater Surge,2020-08-20T04:00,0.1,1008.0,7.2,23.8,0.373,0.36,0.33
kochi_vembanad,Kochi,Kerala,West Coast (Arabian Sea),9.9312,76.2673,1.5,2020 Vembanad Backwater Surge,2020-08-20T05:00,0.2,1007.7,8.9,21.6,0.372,0.36,0.33
kochi_vembanad,Kochi,Kerala,West Coast (Arabian Sea),9.9312,76.2673,1.5,2020 Vembanad Backwater Surge,2020-08-20T06:00,0.2,1007.6,13.0,27.7,0.372,0.36,0.33
kochi_vembanad,Kochi,Kerala,West Coast (Arabian Sea),9.9312,76.2673,1.5,2020 Vembanad Backwater Surge,2020-08-20T07:00,0.2,1007.0,14.5,33.1,0.37,0.36,0.33
kochi_vembanad,Kochi,Kerala,West Coast (Arabian Sea),9.9312,76.2673,1.5,2020 Vembanad Backwater Surge,2020-08-20T08:00,0.1,1006.5,16.7,38.9,0.367,0.359,0.329
kochi_vembanad,Kochi,Kerala,West Coast (Arabian Sea),9.9312,76.2673,1.5,2020 Vembanad Backwater Surge,2020-08-20T09:00,0.0,1005.7,14.8,38.9,0.365,0.359,0.329
kochi_vembanad,Kochi,Kerala,West Coast (Arabian Sea),9.9312,76.2673,1.5,2020 Vembanad Backwater Surge,2020-08-20T10:00,0.0,1005.6,15.7,31.0,0.362,0.359,0.329
kochi_vembanad,Kochi,Kerala,West Coast (Arabian Sea),9.9312,76.2673,1.5,2020 Vembanad Backwater Surge,2020-08-20T11:00,0.0,1005.5,13.2,32.4,0.36,0.358,0.329
kochi_vembanad,Kochi,Kerala,West Coast (Arabian Sea),9.9312,76.2673,1.5,2020 Vembanad Backwater Surge,2020-08-20T12:00,0.0,1005.5,11.5,26.3,0.35,0.358,0.332
kochi_vembanad,Kochi,Kerala,West Coast (Arabian Sea),9.9312,76.2673,1.5,2020 Vembanad Backwater Surge,2020-08-20T13:00,0.0,1005.9,8.2,21.2,0.35,0.358,0.332
kochi_vembanad,Kochi,Kerala,West Coast (Arabian Sea),9.9312,76.2673,1.5,2020 Vembanad Backwater Surge,2020-08-20T14:00,0.0,1006.5,6.8,15.8,0.349,0.358,0.332
kochi_vembanad,Kochi,Kerala,West Coast (Arabian Sea),9.9312,76.2673,1.5,2020 Vembanad Backwater Surge,2020-08-20T15:00,0.0,1007.5,5.8,12.6,0.349,0.358,0.332
kochi_vembanad,Kochi,Kerala,West Coast (Arabian Sea),9.9312,76.2673,1.5,2020 Vembanad Backwater Surge,2020-08-20T16:00,0.0,1008.3,3.8,10.8,0.349,0.358,0.331
kochi_vembanad,Kochi,Kerala,West Coast (Arabian Sea),9.9312,76.2673,1.5,2020 Vembanad Backwater Surge,2020-08-20T17:00,0.0,1008.5,3.1,6.8,0.349,0.358,0.331
kochi_vembanad,Kochi,Kerala,West Coast (Arabian Sea),9.9312,76.2673,1.5,2020 Vembanad Backwater Surge,2020-08-20T18:00,0.0,1008.7,3.4,5.8,0.349,0.358,0.331
kochi_vembanad,Kochi,Kerala,West Coast (Arabian Sea),9.9312,76.2673,1.5,2020 Vembanad Backwater Surge,2020-08-20T19:00,0.0,1008.3,3.2,5.8,0.349,0.357,0.331
kochi_vembanad,Kochi,Kerala,West Coast (Arabian Sea),9.9312,76.2673,1.5,2020 Vembanad Backwater Surge,2020-08-20T20:00,0.1,1007.9,3.3,15.5,0.35,0.357,0.331
kochi_vembanad,Kochi,Kerala,West Coast (Arabian Sea),9.9312,76.2673,1.5,2020 Vembanad Backwater Surge,2020-08-20T21:00,0.2,1007.5,4.6,17.3,0.352,0.357,0.331
kochi_vembanad,Kochi,Kerala,West Coast (Arabian Sea),9.9312,76.2673,1.5,2020 Vembanad Backwater Surge,2020-08-20T22:00,0.5,1007.7,8.7,23.4,0.356,0.357,0.331
kochi_vembanad,Kochi,Kerala,West Coast (Arabian Sea),9.9312,76.2673,1.5,2020 Vembanad Backwater Surge,2020-08-20T23:00,0.4,1008.0,5.1,24.1,0.36,0.357,0.331
kochi_vembanad,Kochi,Kerala,West Coast (Arabian Sea),9.9312,76.2673,1.5,2020 Vembanad Backwater Surge,2020-08-21T00:00,0.5,1008.1,4.7,20.2,0.373,0.357,0.331
kochi_vembanad,Kochi,Kerala,West Coast (Arabian Sea),9.9312,76.2673,1.5,2020 Vembanad Backwater Surge,2020-08-21T01:00,0.3,1008.3,4.7,19.8,0.376,0.358,0.331
kochi_vembanad,Kochi,Kerala,West Coast (Arabian Sea),9.9312,76.2673,1.5,2020 Vembanad Backwater Surge,2020-08-21T02:00,0.0,1008.8,5.9,12.6,0.375,0.358,0.331
kochi_vembanad,Kochi,Kerala,West Coast (Arabian Sea),9.9312,76.2673,1.5,2020 Vembanad Backwater Surge,2020-08-21T03:00,0.0,1009.3,5.6,15.1,0.374,0.358,0.331
kochi_vembanad,Kochi,Kerala,West Coast (Arabian Sea),9.9312,76.2673,1.5,2020 Vembanad Backwater Surge,2020-08-21T04:00,0.1,1009.7,2.5,15.1,0.373,0.358,0.331
kochi_vembanad,Kochi,Kerala,West Coast (Arabian Sea),9.9312,76.2673,1.5,2020 Vembanad Backwater Surge,2020-08-21T05:00,0.1,1009.7,5.8,16.9,0.372,0.358,0.331
kochi_vembanad,Kochi,Kerala,West Coast (Arabian Sea),9.9312,76.2673,1.5,2020 Vembanad Backwater Surge,2020-08-21T06:00,0.1,1009.6,10.9,25.2,0.369,0.357,0.331
kochi_vembanad,Kochi,Kerala,West Coast (Arabian Sea),9.9312,76.2673,1.5,2020 Vembanad Backwater Surge,2020-08-21T07:00,0.0,1008.6,12.3,28.1,0.365,0.357,0.33
kochi_vembanad,Kochi,Kerala,West Coast (Arabian Sea),9.9312,76.2673,1.5,2020 Vembanad Backwater Surge,2020-08-21T08:00,0.0,1008.0,13.6,29.9,0.361,0.357,0.33
kochi_vembanad,Kochi,Kerala,West Coast (Arabian Sea),9.9312,76.2673,1.5,2020 Vembanad Backwater Surge,2020-08-21T09:00,0.0,1007.4,15.0,32.0,0.357,0.356,0.33
kochi_vembanad,Kochi,Kerala,West Coast (Arabian Sea),9.9312,76.2673,1.5,2020 Vembanad Backwater Surge,2020-08-21T10:00,0.0,1007.0,15.6,33.1,0.353,0.356,0.33
kochi_vembanad,Kochi,Kerala,West Coast (Arabian Sea),9.9312,76.2673,1.5,2020 Vembanad Backwater Surge,2020-08-21T11:00,0.0,1006.7,15.0,32.8,0.351,0.355,0.33
kochi_vembanad,Kochi,Kerala,West Coast (Arabian Sea),9.9312,76.2673,1.5,2020 Vembanad Backwater Surge,2020-08-21T12:00,0.0,1006.5,12.9,30.2,0.353,0.356,0.333
kochi_vembanad,Kochi,Kerala,West Coast (Arabian Sea),9.9312,76.2673,1.5,2020 Vembanad Backwater Surge,2020-08-21T13:00,0.0,1007.1,10.9,24.8,0.352,0.356,0.333
kochi_vembanad,Kochi,Kerala,West Coast (Arabian Sea),9.9312,76.2673,1.5,2020 Vembanad Backwater Surge,2020-08-21T14:00,0.0,1007.6,9.7,19.4,0.352,0.356,0.333
kochi_vembanad,Kochi,Kerala,West Coast (Arabian Sea),9.9312,76.2673,1.5,2020 Vembanad Backwater Surge,2020-08-21T15:00,0.0,1008.3,8.9,17.6,0.352,0.356,0.333
kochi_vembanad,Kochi,Kerala,West Coast (Arabian Sea),9.9312,76.2673,1.5,2020 Vembanad Backwater Surge,2020-08-21T16:00,0.0,1009.1,7.3,15.8,0.352,0.356,0.332
kochi_vembanad,Kochi,Kerala,West Coast (Arabian Sea),9.9312,76.2673,1.5,2020 Vembanad Backwater Surge,2020-08-21T17:00,0.0,1009.5,5.4,13.0,0.352,0.356,0.332
kochi_vembanad,Kochi,Kerala,West Coast (Arabian Sea),9.9312,76.2673,1.5,2020 Vembanad Backwater Surge,2020-08-21T18:00,0.0,1009.7,4.6,9.4,0.352,0.356,0.332
kochi_vembanad,Kochi,Kerala,West Coast (Arabian Sea),9.9312,76.2673,1.5,2020 Vembanad Backwater Surge,2020-08-21T19:00,0.0,1009.3,4.4,8.6,0.352,0.356,0.332
kochi_vembanad,Kochi,Kerala,West Coast (Arabian Sea),9.9312,76.2673,1.5,2020 Vembanad Backwater Surge,2020-08-21T20:00,0.0,1008.6,3.8,8.3,0.352,0.356,0.332
kochi_vembanad,Kochi,Kerala,West Coast (Arabian Sea),9.9312,76.2673,1.5,2020 Vembanad Backwater Surge,2020-08-21T21:00,0.2,1008.1,4.1,14.4,0.353,0.355,0.332
kochi_vembanad,Kochi,Kerala,West Coast (Arabian Sea),9.9312,76.2673,1.5,2020 Vembanad Backwater Surge,2020-08-21T22:00,0.2,1008.1,4.5,15.1,0.355,0.355,0.332
kochi_vembanad,Kochi,Kerala,West Coast (Arabian Sea),9.9312,76.2673,1.5,2020 Vembanad Backwater Surge,2020-08-21T23:00,0.1,1008.2,5.0,16.6,0.355,0.355,0.332
kochi_vembanad,Kochi,Kerala,West Coast (Arabian Sea),9.9312,76.2673,1.5,2020 Vembanad Backwater Surge,2020-08-22T00:00,0.0,1008.2,6.9,10.4,0.355,0.351,0.327
kochi_vembanad,Kochi,Kerala,West Coast (Arabian Sea),9.9312,76.2673,1.5,2020 Vembanad Backwater Surge,2020-08-22T01:00,0.3,1008.7,5.8,17.6,0.357,0.351,0.326
kochi_vembanad,Kochi,Kerala,West Coast (Arabian Sea),9.9312,76.2673,1.5,2020 Vembanad Backwater Surge,2020-08-22T02:00,0.1,1009.5,3.3,18.0,0.358,0.351,0.326
kochi_vembanad,Kochi,Kerala,West Coast (Arabian Sea),9.9312,76.2673,1.5,2020 Vembanad Backwater Surge,2020-08-22T03:00,0.0,1010.2,3.3,19.8,0.357,0.351,0.326
kochi_vembanad,Kochi,Kerala,West Coast (Arabian Sea),9.9312,76.2673,1.5,2020 Vembanad Backwater Surge,2020-08-22T04:00,0.0,1010.7,4.7,22.3,0.356,0.351,0.326
kochi_vembanad,Kochi,Kerala,West Coast (Arabian Sea),9.9312,76.2673,1.5,2020 Vembanad Backwater Surge,2020-08-22T05:00,0.0,1010.4,6.1,24.1,0.354,0.35,0.326
kochi_vembanad,Kochi,Kerala,West Coast (Arabian Sea),9.9312,76.2673,1.5,2020 Vembanad Backwater Surge,2020-08-22T06:00,0.0,1010.0,10.9,29.2,0.352,0.35,0.326
kochi_vembanad,Kochi,Kerala,West Coast (Arabian Sea),9.9312,76.2673,1.5,2020 Vembanad Backwater Surge,2020-08-22T07:00,0.0,1009.3,13.0,30.6,0.348,0.349,0.325
kochi_vembanad,Kochi,Kerala,West Coast (Arabian Sea),9.9312,76.2673,1.5,2020 Vembanad Backwater Surge,2020-08-22T08:00,0.0,1008.2,16.6,34.9,0.344,0.349,0.325
kochi_vembanad,Kochi,Kerala,West Coast (Arabian Sea),9.9312,76.2673,1.5,2020 Vembanad Backwater Surge,2020-08-22T09:00,0.0,1007.6,16.8,36.0,0.34,0.348,0.325
kochi_vembanad,Kochi,Kerala,West Coast (Arabian Sea),9.9312,76.2673,1.5,2020 Vembanad Backwater Surge,2020-08-22T10:00,0.0,1007.1,16.4,34.9,0.337,0.348,0.325
kochi_vembanad,Kochi,Kerala,West Coast (Arabian Sea),9.9312,76.2673,1.5,2020 Vembanad Backwater Surge,2020-08-22T11:00,0.0,1007.0,16.2,33.8,0.335,0.347,0.325
kochi_vembanad,Kochi,Kerala,West Coast (Arabian Sea),9.9312,76.2673,1.5,2020 Vembanad Backwater Surge,2020-08-22T12:00,0.0,1006.6,14.6,32.0,0.337,0.346,0.325
kochi_vembanad,Kochi,Kerala,West Coast (Arabian Sea),9.9312,76.2673,1.5,2020 Vembanad Backwater Surge,2020-08-22T13:00,0.0,1007.2,12.1,27.4,0.337,0.346,0.325
kochi_vembanad,Kochi,Kerala,West Coast (Arabian Sea),9.9312,76.2673,1.5,2020 Vembanad Backwater Surge,2020-08-22T14:00,0.0,1007.7,10.0,22.3,0.337,0.346,0.325
kochi_vembanad,Kochi,Kerala,West Coast (Arabian Sea),9.9312,76.2673,1.5,2020 Vembanad Backwater Surge,2020-08-22T15:00,0.0,1008.7,8.4,18.0,0.337,0.346,0.325
kochi_vembanad,Kochi,Kerala,West Coast (Arabian Sea),9.9312,76.2673,1.5,2020 Vembanad Backwater Surge,2020-08-22T16:00,0.0,1009.4,7.1,15.1,0.337,0.346,0.325
kochi_vembanad,Kochi,Kerala,West Coast (Arabian Sea),9.9312,76.2673,1.5,2020 Vembanad Backwater Surge,2020-08-22T17:00,0.1,1010.0,6.3,14.4,0.338,0.346,0.325
kochi_vembanad,Kochi,Kerala,West Coast (Arabian Sea),9.9312,76.2673,1.5,2020 Vembanad Backwater Surge,2020-08-22T18:00,0.2,1010.1,8.4,18.0,0.34,0.346,0.325
kochi_vembanad,Kochi,Kerala,West Coast (Arabian Sea),9.9312,76.2673,1.5,2020 Vembanad Backwater Surge,2020-08-22T19:00,0.3,1009.4,4.6,20.5,0.344,0.346,0.324
kochi_vembanad,Kochi,Kerala,West Coast (Arabian Sea),9.9312,76.2673,1.5,2020 Vembanad Backwater Surge,2020-08-22T20:00,0.6,1008.6,3.9,15.8,0.349,0.346,0.324
kochi_vembanad,Kochi,Kerala,West Coast (Arabian Sea),9.9312,76.2673,1.5,2020 Vembanad Backwater Surge,2020-08-22T21:00,0.7,1008.1,4.0,16.6,0.357,0.346,0.324
kochi_vembanad,Kochi,Kerala,West Coast (Arabian Sea),9.9312,76.2673,1.5,2020 Vembanad Backwater Surge,2020-08-22T22:00,1.3,1008.2,4.8,17.3,0.374,0.346,0.324
kochi_vembanad,Kochi,Kerala,West Coast (Arabian Sea),9.9312,76.2673,1.5,2020 Vembanad Backwater Surge,2020-08-22T23:00,0.6,1008.4,3.3,19.1,0.381,0.346,0.324
kochi_vembanad,Kochi,Kerala,West Coast (Arabian Sea),9.9312,76.2673,1.5,2020 Vembanad Backwater Surge,2020-08-23T00:00,0.5,1008.3,3.3,15.8,0.369,0.339,0.323
kochi_vembanad,Kochi,Kerala,West Coast (Arabian Sea),9.9312,76.2673,1.5,2020 Vembanad Backwater Surge,2020-08-23T01:00,0.0,1008.3,2.6,6.8,0.368,0.339,0.323
kochi_vembanad,Kochi,Kerala,West Coast (Arabian Sea),9.9312,76.2673,1.5,2020 Vembanad Backwater Surge,2020-08-23T02:00,0.0,1008.9,6.3,19.1,0.367,0.34,0.322
kochi_vembanad,Kochi,Kerala,West Coast (Arabian Sea),9.9312,76.2673,1.5,2020 Vembanad Backwater Surge,2020-08-23T03:00,0.2,1009.8,8.1,25.6,0.368,0.34,0.322
kochi_vembanad,Kochi,Kerala,West Coast (Arabian Sea),9.9312,76.2673,1.5,2020 Vembanad Backwater Surge,2020-08-23T04:00,0.2,1010.2,8.2,28.8,0.368,0.34,0.322
kochi_vembanad,Kochi,Kerala,West Coast (Arabian Sea),9.9312,76.2673,1.5,2020 Vembanad Backwater Surge,2020-08-23T05:00,0.2,1010.2,11.3,31.0,0.367,0.34,0.322
kochi_vembanad,Kochi,Kerala,West Coast (Arabian Sea),9.9312,76.2673,1.5,2020 Vembanad Backwater Surge,2020-08-23T06:00,0.2,1009.8,13.9,36.4,0.366,0.34,0.322
kochi_vembanad,Kochi,Kerala,West Coast (Arabian Sea),9.9312,76.2673,1.5,2020 Vembanad Backwater Surge,2020-08-23T07:00,0.1,1009.0,14.5,37.1,0.363,0.34,0.322
kochi_vembanad,Kochi,Kerala,West Coast (Arabian Sea),9.9312,76.2673,1.5,2020 Vembanad Backwater Surge,2020-08-23T08:00,0.0,1008.2,14.5,38.5,0.359,0.34,0.321
kochi_vembanad,Kochi,Kerala,West Coast (Arabian Sea),9.9312,76.2673,1.5,2020 Vembanad Backwater Surge,2020-08-23T09:00,0.0,1007.4,12.2,38.9,0.356,0.34,0.321
kochi_vembanad,Kochi,Kerala,West Coast (Arabian Sea),9.9312,76.2673,1.5,2020 Vembanad Backwater Surge,2020-08-23T10:00,0.0,1007.0,11.9,38.2,0.353,0.339,0.321
kochi_vembanad,Kochi,Kerala,West Coast (Arabian Sea),9.9312,76.2673,1.5,2020 Vembanad Backwater Surge,2020-08-23T11:00,0.0,1006.9,12.2,27.0,0.351,0.339,0.321
kochi_vembanad,Kochi,Kerala,West Coast (Arabian Sea),9.9312,76.2673,1.5,2020 Vembanad Backwater Surge,2020-08-23T12:00,0.0,1006.9,8.8,30.6,0.354,0.339,0.318
kochi_vembanad,Kochi,Kerala,West Coast (Arabian Sea),9.9312,76.2673,1.5,2020 Vembanad Backwater Surge,2020-08-23T13:00,0.0,1007.5,6.5,17.3,0.353,0.339,0.318
kochi_vembanad,Kochi,Kerala,West Coast (Arabian Sea),9.9312,76.2673,1.5,2020 Vembanad Backwater Surge,2020-08-23T14:00,0.0,1008.2,5.4,12.2,0.352,0.339,0.318
kochi_vembanad,Kochi,Kerala,West Coast (Arabian Sea),9.9312,76.2673,1.5,2020 Vembanad Backwater Surge,2020-08-23T15:00,0.0,1009.2,4.0,13.3,0.352,0.339,0.318
kochi_vembanad,Kochi,Kerala,West Coast (Arabian Sea),9.9312,76.2673,1.5,2020 Vembanad Backwater Surge,2020-08-23T16:00,0.0,1010.0,4.4,7.9,0.351,0.339,0.317
kochi_vembanad,Kochi,Kerala,West Coast (Arabian Sea),9.9312,76.2673,1.5,2020 Vembanad Backwater Surge,2020-08-23T17:00,0.0,1010.1,5.1,9.0,0.351,0.339,0.317
kochi_vembanad,Kochi,Kerala,West Coast (Arabian Sea),9.9312,76.2673,1.5,2020 Vembanad Backwater Surge,2020-08-23T18:00,0.2,1010.0,7.2,18.7,0.353,0.339,0.317
kochi_vembanad,Kochi,Kerala,West Coast (Arabian Sea),9.9312,76.2673,1.5,2020 Vembanad Backwater Surge,2020-08-23T19:00,0.1,1009.8,7.3,19.4,0.354,0.34,0.317
kochi_vembanad,Kochi,Kerala,West Coast (Arabian Sea),9.9312,76.2673,1.5,2020 Vembanad Backwater Surge,2020-08-23T20:00,0.5,1009.2,5.8,17.3,0.358,0.34,0.317
kochi_vembanad,Kochi,Kerala,West Coast (Arabian Sea),9.9312,76.2673,1.5,2020 Vembanad Backwater Surge,2020-08-23T21:00,0.1,1008.7,4.0,11.5,0.358,0.34,0.317
kochi_vembanad,Kochi,Kerala,West Coast (Arabian Sea),9.9312,76.2673,1.5,2020 Vembanad Backwater Surge,2020-08-23T22:00,0.1,1008.4,3.4,7.9,0.358,0.34,0.317
kochi_vembanad,Kochi,Kerala,West Coast (Arabian Sea),9.9312,76.2673,1.5,2020 Vembanad Backwater Surge,2020-08-23T23:00,0.6,1008.4,5.6,20.5,0.365,0.34,0.317
kochi_vembanad,Kochi,Kerala,West Coast (Arabian Sea),9.9312,76.2673,1.5,2020 Vembanad Backwater Surge,2020-08-24T00:00,0.8,1008.7,2.5,19.8,0.392,0.336,0.311
kochi_vembanad,Kochi,Kerala,West Coast (Arabian Sea),9.9312,76.2673,1.5,2020 Vembanad Backwater Surge,2020-08-24T01:00,0.9,1008.7,4.4,14.8,0.4,0.338,0.311
kochi_vembanad,Kochi,Kerala,West Coast (Arabian Sea),9.9312,76.2673,1.5,2020 Vembanad Backwater Surge,2020-08-24T02:00,0.0,1009.0,5.4,11.9,0.396,0.339,0.311
kochi_vembanad,Kochi,Kerala,West Coast (Arabian Sea),9.9312,76.2673,1.5,2020 Vembanad Backwater Surge,2020-08-24T03:00,0.1,1009.6,5.5,14.8,0.393,0.34,0.311
kochi_vembanad,Kochi,Kerala,West Coast (Arabian Sea),9.9312,76.2673,1.5,2020 Vembanad Backwater Surge,2020-08-24T04:00,0.1,1009.8,7.9,19.4,0.391,0.341,0.311
kochi_vembanad,Kochi,Kerala,West Coast (Arabian Sea),9.9312,76.2673,1.5,2020 Vembanad Backwater Surge,2020-08-24T05:00,0.1,1009.4,10.1,23.0,0.386,0.341,0.311
kochi_vembanad,Kochi,Kerala,West Coast (Arabian Sea),9.9312,76.2673,1.5,2020 Vembanad Backwater Surge,2020-08-24T06:00,0.1,1008.9,11.6,26.3,0.382,0.341,0.311
kochi_vembanad,Kochi,Kerala,West Coast (Arabian Sea),9.9312,76.2673,1.5,2020 Vembanad Backwater Surge,2020-08-24T07:00,0.1,1008.2,12.4,28.4,0.376,0.341,0.31
kochi_vembanad,Kochi,Kerala,West Coast (Arabian Sea),9.9312,76.2673,1.5,2020 Vembanad Backwater Surge,2020-08-24T08:00,0.0,1007.6,13.0,28.8,0.371,0.341,0.31
kochi_vembanad,Kochi,Kerala,West Coast (Arabian Sea),9.9312,76.2673,1.5,2020 Vembanad Backwater Surge,2020-08-24T09:00,0.0,1007.2,12.2,29.2,0.367,0.341,0.31
kochi_vembanad,Kochi,Kerala,West Coast (Arabian Sea),9.9312,76.2673,1.5,2020 Vembanad Backwater Surge,2020-08-24T10:00,0.0,1006.9,11.3,27.0,0.365,0.341,0.31
kochi_vembanad,Kochi,Kerala,West Coast (Arabian Sea),9.9312,76.2673,1.5,2020 Vembanad Backwater Surge,2020-08-24T11:00,0.0,1007.3,12.4,24.5,0.363,0.341,0.31
kochi_vembanad,Kochi,Kerala,West Coast (Arabian Sea),9.9312,76.2673,1.5,2020 Vembanad Backwater Surge,2020-08-24T12:00,0.0,1007.2,10.8,25.9,0.366,0.343,0.317
kochi_vembanad,Kochi,Kerala,West Coast (Arabian Sea),9.9312,76.2673,1.5,2020 Vembanad Backwater Surge,2020-08-24T13:00,0.0,1008.0,7.4,19.8,0.365,0.343,0.317
kochi_vembanad,Kochi,Kerala,West Coast (Arabian Sea),9.9312,76.2673,1.5,2020 Vembanad Backwater Surge,2020-08-24T14:00,0.0,1008.9,9.0,16.6,0.364,0.343,0.317
kochi_vembanad,Kochi,Kerala,West Coast (Arabian Sea),9.9312,76.2673,1.5,2020 Vembanad Backwater Surge,2020-08-24T15:00,0.0,1009.5,5.4,16.6,0.363,0.344,0.317
kochi_vembanad,Kochi,Kerala,West Coast (Arabian Sea),9.9312,76.2673,1.5,2020 Vembanad Backwater Surge,2020-08-24T16:00,0.0,1009.6,5.9,9.7,0.363,0.344,0.317
kochi_vembanad,Kochi,Kerala,West Coast (Arabian Sea),9.9312,76.2673,1.5,2020 Vembanad Backwater Surge,2020-08-24T17:00,0.2,1010.2,8.2,14.8,0.364,0.344,0.317
kochi_vembanad,Kochi,Kerala,West Coast (Arabian Sea),9.9312,76.2673,1.5,2020 Vembanad Backwater Surge,2020-08-24T18:00,0.1,1009.9,5.6,14.4,0.364,0.344,0.317
kochi_vembanad,Kochi,Kerala,West Coast (Arabian Sea),9.9312,76.2673,1.5,2020 Vembanad Backwater Surge,2020-08-24T19:00,0.2,1009.3,5.2,10.4,0.365,0.344,0.317
kochi_vembanad,Kochi,Kerala,West Coast (Arabian Sea),9.9312,76.2673,1.5,2020 Vembanad Backwater Surge,2020-08-24T20:00,0.1,1008.8,6.5,11.5,0.365,0.344,0.316
kochi_vembanad,Kochi,Kerala,West Coast (Arabian Sea),9.9312,76.2673,1.5,2020 Vembanad Backwater Surge,2020-08-24T21:00,0.4,1008.6,6.4,13.0,0.368,0.345,0.316
kochi_vembanad,Kochi,Kerala,West Coast (Arabian Sea),9.9312,76.2673,1.5,2020 Vembanad Backwater Surge,2020-08-24T22:00,0.4,1008.4,7.7,14.4,0.371,0.345,0.316
kochi_vembanad,Kochi,Kerala,West Coast (Arabian Sea),9.9312,76.2673,1.5,2020 Vembanad Backwater Surge,2020-08-24T23:00,0.5,1008.7,7.2,15.5,0.376,0.345,0.316
kochi_vembanad,Kochi,Kerala,West Coast (Arabian Sea),9.9312,76.2673,1.5,2020 Vembanad Backwater Surge,2020-08-25T00:00,0.0,1008.9,4.0,13.3,0.396,0.351,0.329
kochi_vembanad,Kochi,Kerala,West Coast (Arabian Sea),9.9312,76.2673,1.5,2020 Vembanad Backwater Surge,2020-08-25T01:00,0.0,1009.3,4.0,7.9,0.393,0.352,0.329
kochi_vembanad,Kochi,Kerala,West Coast (Arabian Sea),9.9312,76.2673,1.5,2020 Vembanad Backwater Surge,2020-08-25T02:00,0.1,1009.9,5.5,12.2,0.391,0.352,0.329
kochi_vembanad,Kochi,Kerala,West Coast (Arabian Sea),9.9312,76.2673,1.5,2020 Vembanad Backwater Surge,2020-08-25T03:00,0.1,1010.4,5.8,15.1,0.39,0.353,0.328
kochi_vembanad,Kochi,Kerala,West Coast (Arabian Sea),9.9312,76.2673,1.5,2020 Vembanad Backwater Surge,2020-08-25T04:00,0.1,1010.6,7.9,18.7,0.388,0.354,0.328
kochi_vembanad,Kochi,Kerala,West Coast (Arabian Sea),9.9312,76.2673,1.5,2020 Vembanad Backwater Surge,2020-08-25T05:00,0.1,1010.5,11.5,25.2,0.384,0.354,0.328
kochi_vembanad,Kochi,Kerala,West Coast (Arabian Sea),9.9312,76.2673,1.5,2020 Vembanad Backwater Surge,2020-08-25T06:00,0.1,1010.2,13.6,29.2,0.38,0.354,0.328
kochi_vembanad,Kochi,Kerala,West Coast (Arabian Sea),9.9312,76.2673,1.5,2020 Vembanad Backwater Surge,2020-08-25T07:00,0.1,1009.5,15.2,32.4,0.376,0.354,0.328
kochi_vembanad,Kochi,Kerala,West Coast (Arabian Sea),9.9312,76.2673,1.5,2020 Vembanad Backwater Surge,2020-08-25T08:00,0.0,1008.6,17.4,36.0,0.371,0.353,0.328
kochi_vembanad,Kochi,Kerala,West Coast (Arabian Sea),9.9312,76.2673,1.5,2020 Vembanad Backwater Surge,2020-08-25T09:00,0.0,1008.2,17.9,36.4,0.367,0.353,0.327
kochi_vembanad,Kochi,Kerala,West Coast (Arabian Sea),9.9312,76.2673,1.5,2020 Vembanad Backwater Surge,2020-08-25T10:00,0.0,1007.9,19.3,37.8,0.364,0.353,0.327
kochi_vembanad,Kochi,Kerala,West Coast (Arabian Sea),9.9312,76.2673,1.5,2020 Vembanad Backwater Surge,2020-08-25T11:00,0.0,1008.1,18.2,38.2,0.361,0.353,0.327
kochi_vembanad,Kochi,Kerala,West Coast (Arabian Sea),9.9312,76.2673,1.5,2020 Vembanad Backwater Surge,2020-08-25T12:00,0.0,1007.9,13.8,34.9,0.363,0.353,0.33
kochi_vembanad,Kochi,Kerala,West Coast (Arabian Sea),9.9312,76.2673,1.5,2020 Vembanad Backwater Surge,2020-08-25T13:00,0.0,1008.8,11.2,25.6,0.362,0.353,0.329
kochi_vembanad,Kochi,Kerala,West Coast (Arabian Sea),9.9312,76.2673,1.5,2020 Vembanad Backwater Surge,2020-08-25T14:00,0.0,1009.4,10.5,19.8,0.362,0.353,0.329
kochi_vembanad,Kochi,Kerala,West Coast (Arabian Sea),9.9312,76.2673,1.5,2020 Vembanad Backwater Surge,2020-08-25T15:00,0.0,1010.2,10.8,19.1,0.361,0.353,0.329
kochi_vembanad,Kochi,Kerala,West Coast (Arabian Sea),9.9312,76.2673,1.5,2020 Vembanad Backwater Surge,2020-08-25T16:00,0.1,1010.8,11.5,20.2,0.362,0.353,0.329
kochi_vembanad,Kochi,Kerala,West Coast (Arabian Sea),9.9312,76.2673,1.5,2020 Vembanad Backwater Surge,2020-08-25T17:00,0.1,1011.1,9.5,20.5,0.362,0.353,0.329
kochi_vembanad,Kochi,Kerala,West Coast (Arabian Sea),9.9312,76.2673,1.5,2020 Vembanad Backwater Surge,2020-08-25T18:00,0.1,1011.1,11.6,20.2,0.362,0.353,0.329
kochi_vembanad,Kochi,Kerala,West Coast (Arabian Sea),9.9312,76.2673,1.5,2020 Vembanad Backwater Surge,2020-08-25T19:00,0.1,1010.4,10.6,21.2,0.363,0.353,0.329
kochi_vembanad,Kochi,Kerala,West Coast (Arabian Sea),9.9312,76.2673,1.5,2020 Vembanad Backwater Surge,2020-08-25T20:00,0.3,1009.7,12.7,23.0,0.366,0.353,0.329
kochi_vembanad,Kochi,Kerala,West Coast (Arabian Sea),9.9312,76.2673,1.5,2020 Vembanad Backwater Surge,2020-08-25T21:00,0.2,1009.1,13.0,23.0,0.367,0.353,0.329
kochi_vembanad,Kochi,Kerala,West Coast (Arabian Sea),9.9312,76.2673,1.5,2020 Vembanad Backwater Surge,2020-08-25T22:00,0.2,1008.9,12.8,26.3,0.369,0.353,0.329
kochi_vembanad,Kochi,Kerala,West Coast (Arabian Sea),9.9312,76.2673,1.5,2020 Vembanad Backwater Surge,2020-08-25T23:00,0.2,1009.0,10.6,22.7,0.369,0.354,0.329
kochi_vembanad,Kochi,Kerala,West Coast (Arabian Sea),9.9312,76.2673,1.5,2020 Vembanad Backwater Surge,2020-08-26T00:00,0.1,1009.0,9.4,19.1,0.369,0.351,0.318
kochi_vembanad,Kochi,Kerala,West Coast (Arabian Sea),9.9312,76.2673,1.5,2020 Vembanad Backwater Surge,2020-08-26T01:00,0.0,1009.1,8.4,16.9,0.369,0.351,0.318
kochi_vembanad,Kochi,Kerala,West Coast (Arabian Sea),9.9312,76.2673,1.5,2020 Vembanad Backwater Surge,2020-08-26T02:00,0.0,1009.5,8.3,16.6,0.368,0.352,0.318
kochi_vembanad,Kochi,Kerala,West Coast (Arabian Sea),9.9312,76.2673,1.5,2020 Vembanad Backwater Surge,2020-08-26T03:00,0.0,1010.4,8.0,18.4,0.367,0.352,0.318
kochi_vembanad,Kochi,Kerala,West Coast (Arabian Sea),9.9312,76.2673,1.5,2020 Vembanad Backwater Surge,2020-08-26T04:00,0.0,1010.7,9.7,21.2,0.365,0.352,0.318
kochi_vembanad,Kochi,Kerala,West Coast (Arabian Sea),9.9312,76.2673,1.5,2020 Vembanad Backwater Surge,2020-08-26T05:00,0.0,1010.6,14.7,29.5,0.362,0.351,0.317
kochi_vembanad,Kochi,Kerala,West Coast (Arabian Sea),9.9312,76.2673,1.5,2020 Vembanad Backwater Surge,2020-08-26T06:00,0.0,1010.1,16.3,33.1,0.359,0.351,0.317
kochi_vembanad,Kochi,Kerala,West Coast (Arabian Sea),9.9312,76.2673,1.5,2020 Vembanad Backwater Surge,2020-08-26T07:00,0.0,1009.1,16.8,34.9,0.355,0.35,0.317
kochi_vembanad,Kochi,Kerala,West Coast (Arabian Sea),9.9312,76.2673,1.5,2020 Vembanad Backwater Surge,2020-08-26T08:00,0.0,1008.4,17.7,35.3,0.352,0.35,0.317
kochi_vembanad,Kochi,Kerala,West Coast (Arabian Sea),9.9312,76.2673,1.5,2020 Vembanad Backwater Surge,2020-08-26T09:00,0.1,1007.7,20.2,40.0,0.349,0.35,0.317
kochi_vembanad,Kochi,Kerala,West Coast (Arabian Sea),9.9312,76.2673,1.5,2020 Vembanad Backwater Surge,2020-08-26T10:00,0.1,1007.5,20.1,39.6,0.349,0.349,0.317
kochi_vembanad,Kochi,Kerala,West Coast (Arabian Sea),9.9312,76.2673,1.5,2020 Vembanad Backwater Surge,2020-08-26T11:00,0.1,1007.4,18.8,38.2,0.348,0.349,0.317
kochi_vembanad,Kochi,Kerala,West Coast (Arabian Sea),9.9312,76.2673,1.5,2020 Vembanad Backwater Surge,2020-08-26T12:00,0.2,1007.6,15.0,35.6,0.361,0.35,0.321
kochi_vembanad,Kochi,Kerala,West Coast (Arabian Sea),9.9312,76.2673,1.5,2020 Vembanad Backwater Surge,2020-08-26T13:00,0.1,1008.1,13.1,26.6,0.362,0.35,0.321
kochi_vembanad,Kochi,Kerala,West Coast (Arabian Sea),9.9312,76.2673,1.5,2020 Vembanad Backwater Surge,2020-08-26T14:00,0.0,1008.9,11.6,23.4,0.361,0.35,0.321
kochi_vembanad,Kochi,Kerala,West Coast (Arabian Sea),9.9312,76.2673,1.5,2020 Vembanad Backwater Surge,2020-08-26T15:00,0.0,1009.9,10.2,20.5,0.361,0.35,0.321
kochi_vembanad,Kochi,Kerala,West Coast (Arabian Sea),9.9312,76.2673,1.5,2020 Vembanad Backwater Surge,2020-08-26T16:00,0.0,1010.6,9.4,18.4,0.36,0.35,0.321
kochi_vembanad,Kochi,Kerala,West Coast (Arabian Sea),9.9312,76.2673,1.5,2020 Vembanad Backwater Surge,2020-08-26T17:00,0.1,1011.1,9.7,18.0,0.361,0.35,0.32
kochi_vembanad,Kochi,Kerala,West Coast (Arabian Sea),9.9312,76.2673,1.5,2020 Vembanad Backwater Surge,2020-08-26T18:00,0.1,1010.8,8.7,17.3,0.361,0.351,0.32
kochi_vembanad,Kochi,Kerala,West Coast (Arabian Sea),9.9312,76.2673,1.5,2020 Vembanad Backwater Surge,2020-08-26T19:00,0.1,1010.2,8.7,16.6,0.362,0.351,0.32
kochi_vembanad,Kochi,Kerala,West Coast (Arabian Sea),9.9312,76.2673,1.5,2020 Vembanad Backwater Surge,2020-08-26T20:00,0.1,1009.4,8.4,15.8,0.362,0.351,0.32
kochi_vembanad,Kochi,Kerala,West Coast (Arabian Sea),9.9312,76.2673,1.5,2020 Vembanad Backwater Surge,2020-08-26T21:00,0.1,1008.8,8.9,15.8,0.362,0.351,0.32
kochi_vembanad,Kochi,Kerala,West Coast (Arabian Sea),9.9312,76.2673,1.5,2020 Vembanad Backwater Surge,2020-08-26T22:00,0.4,1008.6,9.4,16.2,0.365,0.351,0.32
kochi_vembanad,Kochi,Kerala,West Coast (Arabian Sea),9.9312,76.2673,1.5,2020 Vembanad Backwater Surge,2020-08-26T23:00,0.3,1008.1,10.1,18.4,0.367,0.351,0.32
kochi_vembanad,Kochi,Kerala,West Coast (Arabian Sea),9.9312,76.2673,1.5,2020 Vembanad Backwater Surge,2020-08-27T00:00,0.1,1008.0,9.8,18.0,0.366,0.351,0.319
kochi_vembanad,Kochi,Kerala,West Coast (Arabian Sea),9.9312,76.2673,1.5,2020 Vembanad Backwater Surge,2020-08-27T01:00,0.1,1008.4,8.9,17.3,0.366,0.351,0.319
kochi_vembanad,Kochi,Kerala,West Coast (Arabian Sea),9.9312,76.2673,1.5,2020 Vembanad Backwater Surge,2020-08-27T02:00,0.1,1009.1,9.3,18.4,0.366,0.351,0.319
kochi_vembanad,Kochi,Kerala,West Coast (Arabian Sea),9.9312,76.2673,1.5,2020 Vembanad Backwater Surge,2020-08-27T03:00,0.3,1009.7,9.5,20.5,0.368,0.351,0.319
kochi_vembanad,Kochi,Kerala,West Coast (Arabian Sea),9.9312,76.2673,1.5,2020 Vembanad Backwater Surge,2020-08-27T04:00,0.3,1010.0,12.7,26.3,0.369,0.351,0.319
kochi_vembanad,Kochi,Kerala,West Coast (Arabian Sea),9.9312,76.2673,1.5,2020 Vembanad Backwater Surge,2020-08-27T05:00,0.3,1009.8,15.4,31.7,0.369,0.351,0.319
kochi_vembanad,Kochi,Kerala,West Coast (Arabian Sea),9.9312,76.2673,1.5,2020 Vembanad Backwater Surge,2020-08-27T06:00,0.3,1009.4,17.8,34.9,0.369,0.351,0.319
kochi_vembanad,Kochi,Kerala,West Coast (Arabian Sea),9.9312,76.2673,1.5,2020 Vembanad Backwater Surge,2020-08-27T07:00,0.2,1008.8,17.7,37.1,0.367,0.351,0.319
kochi_vembanad,Kochi,Kerala,West Coast (Arabian Sea),9.9312,76.2673,1.5,2020 Vembanad Backwater Surge,2020-08-27T08:00,0.0,1008.0,15.6,36.0,0.363,0.35,0.319
kochi_vembanad,Kochi,Kerala,West Coast (Arabian Sea),9.9312,76.2673,1.5,2020 Vembanad Backwater Surge,2020-08-27T09:00,0.1,1007.5,19.5,38.9,0.36,0.35,0.318
kochi_vembanad,Kochi,Kerala,West Coast (Arabian Sea),9.9312,76.2673,1.5,2020 Vembanad Backwater Surge,2020-08-27T10:00,0.1,1007.1,20.0,40.3,0.357,0.35,0.318
kochi_vembanad,Kochi,Kerala,West Coast (Arabian Sea),9.9312,76.2673,1.5,2020 Vembanad Backwater Surge,2020-08-27T11:00,0.0,1007.0,19.3,39.2,0.355,0.349,0.318
kochi_vembanad,Kochi,Kerala,West Coast (Arabian Sea),9.9312,76.2673,1.5,2020 Vembanad Backwater Surge,2020-08-27T12:00,0.0,1006.7,18.7,37.4,0.345,0.347,0.312
kochi_vembanad,Kochi,Kerala,West Coast (Arabian Sea),9.9312,76.2673,1.5,2020 Vembanad Backwater Surge,2020-08-27T13:00,0.0,1007.2,14.7,34.6,0.345,0.346,0.312
kochi_vembanad,Kochi,Kerala,West Coast (Arabian Sea),9.9312,76.2673,1.5,2020 Vembanad Backwater Surge,2020-08-27T14:00,0.0,1008.1,10.7,26.3,0.344,0.346,0.312
kochi_vembanad,Kochi,Kerala,West Coast (Arabian Sea),9.9312,76.2673,1.5,2020 Vembanad Backwater Surge,2020-08-27T15:00,0.0,1008.9,7.6,19.1,0.344,0.346,0.312
kochi_vembanad,Kochi,Kerala,West Coast (Arabian Sea),9.9312,76.2673,1.5,2020 Vembanad Backwater Surge,2020-08-27T16:00,0.0,1009.4,4.7,13.7,0.344,0.346,0.312
kochi_vembanad,Kochi,Kerala,West Coast (Arabian Sea),9.9312,76.2673,1.5,2020 Vembanad Backwater Surge,2020-08-27T17:00,0.0,1009.7,3.5,8.3,0.344,0.346,0.312
kochi_vembanad,Kochi,Kerala,West Coast (Arabian Sea),9.9312,76.2673,1.5,2020 Vembanad Backwater Surge,2020-08-27T18:00,0.1,1009.5,3.2,6.8,0.346,0.346,0.312
kochi_vembanad,Kochi,Kerala,West Coast (Arabian Sea),9.9312,76.2673,1.5,2020 Vembanad Backwater Surge,2020-08-27T19:00,0.2,1008.9,4.1,7.6,0.347,0.346,0.312
kochi_vembanad,Kochi,Kerala,West Coast (Arabian Sea),9.9312,76.2673,1.5,2020 Vembanad Backwater Surge,2020-08-27T20:00,0.2,1008.1,4.2,8.6,0.349,0.346,0.312
kochi_vembanad,Kochi,Kerala,West Coast (Arabian Sea),9.9312,76.2673,1.5,2020 Vembanad Backwater Surge,2020-08-27T21:00,0.1,1007.5,5.5,11.2,0.35,0.346,0.312
kochi_vembanad,Kochi,Kerala,West Coast (Arabian Sea),9.9312,76.2673,1.5,2020 Vembanad Backwater Surge,2020-08-27T22:00,0.1,1007.5,4.3,11.2,0.35,0.346,0.312
kochi_vembanad,Kochi,Kerala,West Coast (Arabian Sea),9.9312,76.2673,1.5,2020 Vembanad Backwater Surge,2020-08-27T23:00,0.0,1007.6,3.6,9.0,0.35,0.346,0.311
kochi_vembanad,Kochi,Kerala,West Coast (Arabian Sea),9.9312,76.2673,1.5,2020 Vembanad Backwater Surge,2020-08-28T00:00,0.2,1007.6,5.6,10.1,0.352,0.345,0.31
kochi_vembanad,Kochi,Kerala,West Coast (Arabian Sea),9.9312,76.2673,1.5,2020 Vembanad Backwater Surge,2020-08-28T01:00,0.0,1007.7,3.9,10.8,0.351,0.345,0.31
kochi_vembanad,Kochi,Kerala,West Coast (Arabian Sea),9.9312,76.2673,1.5,2020 Vembanad Backwater Surge,2020-08-28T02:00,0.0,1008.2,5.8,13.0,0.351,0.345,0.31
kochi_vembanad,Kochi,Kerala,West Coast (Arabian Sea),9.9312,76.2673,1.5,2020 Vembanad Backwater Surge,2020-08-28T03:00,0.1,1009.0,8.1,18.7,0.351,0.345,0.31
kochi_vembanad,Kochi,Kerala,West Coast (Arabian Sea),9.9312,76.2673,1.5,2020 Vembanad Backwater Surge,2020-08-28T04:00,0.0,1009.4,9.5,22.0,0.349,0.345,0.31
kochi_vembanad,Kochi,Kerala,West Coast (Arabian Sea),9.9312,76.2673,1.5,2020 Vembanad Backwater Surge,2020-08-28T05:00,0.0,1009.1,10.7,24.8,0.346,0.344,0.31
kochi_vembanad,Kochi,Kerala,West Coast (Arabian Sea),9.9312,76.2673,1.5,2020 Vembanad Backwater Surge,2020-08-28T06:00,0.1,1008.6,14.0,30.2,0.343,0.344,0.31
kochi_vembanad,Kochi,Kerala,West Coast (Arabian Sea),9.9312,76.2673,1.5,2020 Vembanad Backwater Surge,2020-08-28T07:00,0.0,1007.9,15.6,33.5,0.34,0.343,0.31
kochi_vembanad,Kochi,Kerala,West Coast (Arabian Sea),9.9312,76.2673,1.5,2020 Vembanad Backwater Surge,2020-08-28T08:00,0.0,1006.9,16.1,34.2,0.335,0.343,0.309
kochi_vembanad,Kochi,Kerala,West Coast (Arabian Sea),9.9312,76.2673,1.5,2020 Vembanad Backwater Surge,2020-08-28T09:00,0.0,1006.1,15.5,34.2,0.332,0.342,0.309
kochi_vembanad,Kochi,Kerala,West Coast (Arabian Sea),9.9312,76.2673,1.5,2020 Vembanad Backwater Surge,2020-08-28T10:00,0.0,1005.7,14.4,33.1,0.329,0.341,0.309
kochi_vembanad,Kochi,Kerala,West Coast (Arabian Sea),9.9312,76.2673,1.5,2020 Vembanad Backwater Surge,2020-08-28T11:00,0.0,1005.9,13.9,30.6,0.326,0.341,0.309
kochi_vembanad,Kochi,Kerala,West Coast (Arabian Sea),9.9312,76.2673,1.5,2020 Vembanad Backwater Surge,2020-08-28T12:00,0.0,1006.1,12.2,28.8,0.326,0.341,0.31
kochi_vembanad,Kochi,Kerala,West Coast (Arabian Sea),9.9312,76.2673,1.5,2020 Vembanad Backwater Surge,2020-08-28T13:00,0.0,1006.7,8.7,22.7,0.326,0.34,0.31
kochi_vembanad,Kochi,Kerala,West Coast (Arabian Sea),9.9312,76.2673,1.5,2020 Vembanad Backwater Surge,2020-08-28T14:00,0.0,1007.6,6.8,15.8,0.326,0.34,0.31
kochi_vembanad,Kochi,Kerala,West Coast (Arabian Sea),9.9312,76.2673,1.5,2020 Vembanad Backwater Surge,2020-08-28T15:00,0.0,1008.5,4.2,11.9,0.326,0.34,0.31
kochi_vembanad,Kochi,Kerala,West Coast (Arabian Sea),9.9312,76.2673,1.5,2020 Vembanad Backwater Surge,2020-08-28T16:00,0.0,1009.1,4.7,7.2,0.326,0.34,0.309
kochi_vembanad,Kochi,Kerala,West Coast (Arabian Sea),9.9312,76.2673,1.5,2020 Vembanad Backwater Surge,2020-08-28T17:00,0.1,1009.4,4.4,7.2,0.327,0.34,0.309
kochi_vembanad,Kochi,Kerala,West Coast (Arabian Sea),9.9312,76.2673,1.5,2020 Vembanad Backwater Surge,2020-08-28T18:00,0.1,1009.3,3.3,6.8,0.327,0.34,0.309
kochi_vembanad,Kochi,Kerala,West Coast (Arabian Sea),9.9312,76.2673,1.5,2020 Vembanad Backwater Surge,2020-08-28T19:00,0.1,1008.7,3.1,6.1,0.329,0.34,0.309
kochi_vembanad,Kochi,Kerala,West Coast (Arabian Sea),9.9312,76.2673,1.5,2020 Vembanad Backwater Surge,2020-08-28T20:00,0.3,1008.2,3.3,7.2,0.331,0.34,0.309
kochi_vembanad,Kochi,Kerala,West Coast (Arabian Sea),9.9312,76.2673,1.5,2020 Vembanad Backwater Surge,2020-08-28T21:00,0.2,1007.8,3.6,8.6,0.333,0.339,0.309
kochi_vembanad,Kochi,Kerala,West Coast (Arabian Sea),9.9312,76.2673,1.5,2020 Vembanad Backwater Surge,2020-08-28T22:00,0.0,1007.4,4.3,9.0,0.334,0.339,0.309
kochi_vembanad,Kochi,Kerala,West Coast (Arabian Sea),9.9312,76.2673,1.5,2020 Vembanad Backwater Surge,2020-08-28T23:00,0.0,1007.3,5.8,11.5,0.334,0.339,0.309
kochi_vembanad,Kochi,Kerala,West Coast (Arabian Sea),9.9312,76.2673,1.5,2020 Vembanad Backwater Surge,2020-08-29T00:00,0.1,1007.5,6.7,11.5,0.34,0.338,0.307
kochi_vembanad,Kochi,Kerala,West Coast (Arabian Sea),9.9312,76.2673,1.5,2020 Vembanad Backwater Surge,2020-08-29T01:00,0.1,1007.9,3.2,12.6,0.341,0.338,0.307
kochi_vembanad,Kochi,Kerala,West Coast (Arabian Sea),9.9312,76.2673,1.5,2020 Vembanad Backwater Surge,2020-08-29T02:00,0.1,1008.6,4.5,11.2,0.341,0.338,0.307
kochi_vembanad,Kochi,Kerala,West Coast (Arabian Sea),9.9312,76.2673,1.5,2020 Vembanad Backwater Surge,2020-08-29T03:00,0.3,1009.3,3.8,13.0,0.343,0.338,0.307
kochi_vembanad,Kochi,Kerala,West Coast (Arabian Sea),9.9312,76.2673,1.5,2020 Vembanad Backwater Surge,2020-08-29T04:00,0.1,1009.8,5.2,18.4,0.343,0.338,0.307
kochi_vembanad,Kochi,Kerala,West Coast (Arabian Sea),9.9312,76.2673,1.5,2020 Vembanad Backwater Surge,2020-08-29T05:00,0.0,1009.7,7.1,21.2,0.341,0.338,0.307
kochi_vembanad,Kochi,Kerala,West Coast (Arabian Sea),9.9312,76.2673,1.5,2020 Vembanad Backwater Surge,2020-08-29T06:00,0.0,1009.2,9.1,23.0,0.338,0.337,0.307
kochi_vembanad,Kochi,Kerala,West Coast (Arabian Sea),9.9312,76.2673,1.5,2020 Vembanad Backwater Surge,2020-08-29T07:00,0.0,1008.2,11.5,27.0,0.334,0.337,0.307
kochi_vembanad,Kochi,Kerala,West Coast (Arabian Sea),9.9312,76.2673,1.5,2020 Vembanad Backwater Surge,2020-08-29T08:00,0.0,1007.3,13.4,30.2,0.33,0.336,0.306
kochi_vembanad,Kochi,Kerala,West Coast (Arabian Sea),9.9312,76.2673,1.5,2020 Vembanad Backwater Surge,2020-08-29T09:00,0.0,1006.4,13.7,30.2,0.327,0.335,0.306
kochi_vembanad,Kochi,Kerala,West Coast (Arabian Sea),9.9312,76.2673,1.5,2020 Vembanad Backwater Surge,2020-08-29T10:00,0.0,1006.0,13.8,30.2,0.324,0.335,0.306
kochi_vembanad,Kochi,Kerala,West Coast (Arabian Sea),9.9312,76.2673,1.5,2020 Vembanad Backwater Surge,2020-08-29T11:00,0.0,1006.0,12.5,29.9,0.322,0.335,0.306
kochi_vembanad,Kochi,Kerala,West Coast (Arabian Sea),9.9312,76.2673,1.5,2020 Vembanad Backwater Surge,2020-08-29T12:00,0.0,1006.1,10.7,26.3,0.322,0.337,0.31
kochi_vembanad,Kochi,Kerala,West Coast (Arabian Sea),9.9312,76.2673,1.5,2020 Vembanad Backwater Surge,2020-08-29T13:00,0.0,1006.6,8.9,20.5,0.322,0.337,0.31
kochi_vembanad,Kochi,Kerala,West Coast (Arabian Sea),9.9312,76.2673,1.5,2020 Vembanad Backwater Surge,2020-08-29T14:00,0.0,1007.4,7.4,15.8,0.322,0.336,0.31
kochi_vembanad,Kochi,Kerala,West Coast (Arabian Sea),9.9312,76.2673,1.5,2020 Vembanad Backwater Surge,2020-08-29T15:00,0.2,1008.3,7.2,13.0,0.324,0.336,0.31
kochi_vembanad,Kochi,Kerala,West Coast (Arabian Sea),9.9312,76.2673,1.5,2020 Vembanad Backwater Surge,2020-08-29T16:00,0.4,1009.2,5.1,13.0,0.328,0.336,0.31
kochi_vembanad,Kochi,Kerala,West Coast (Arabian Sea),9.9312,76.2673,1.5,2020 Vembanad Backwater Surge,2020-08-29T17:00,0.5,1009.4,3.6,10.1,0.332,0.336,0.31
kochi_vembanad,Kochi,Kerala,West Coast (Arabian Sea),9.9312,76.2673,1.5,2020 Vembanad Backwater Surge,2020-08-29T18:00,0.6,1009.2,5.9,10.8,0.338,0.336,0.31
kochi_vembanad,Kochi,Kerala,West Coast (Arabian Sea),9.9312,76.2673,1.5,2020 Vembanad Backwater Surge,2020-08-29T19:00,0.6,1008.7,9.3,18.0,0.346,0.336,0.31
kochi_vembanad,Kochi,Kerala,West Coast (Arabian Sea),9.9312,76.2673,1.5,2020 Vembanad Backwater Surge,2020-08-29T20:00,0.4,1008.1,7.4,18.4,0.351,0.336,0.31
kochi_vembanad,Kochi,Kerala,West Coast (Arabian Sea),9.9312,76.2673,1.5,2020 Vembanad Backwater Surge,2020-08-29T21:00,1.4,1007.9,7.5,18.4,0.369,0.336,0.31
kochi_vembanad,Kochi,Kerala,West Coast (Arabian Sea),9.9312,76.2673,1.5,2020 Vembanad Backwater Surge,2020-08-29T22:00,1.2,1007.6,6.4,18.7,0.383,0.337,0.31
kochi_vembanad,Kochi,Kerala,West Coast (Arabian Sea),9.9312,76.2673,1.5,2020 Vembanad Backwater Surge,2020-08-29T23:00,2.8,1007.8,9.4,23.4,0.416,0.339,0.31
kochi_vembanad,Kochi,Kerala,West Coast (Arabian Sea),9.9312,76.2673,1.5,2020 Vembanad Backwater Surge,2020-08-30T00:00,0.1,1008.0,7.2,17.3,0.391,0.341,0.312
kochi_vembanad,Kochi,Kerala,West Coast (Arabian Sea),9.9312,76.2673,1.5,2020 Vembanad Backwater Surge,2020-08-30T01:00,0.1,1008.5,4.8,16.2,0.389,0.342,0.312
kochi_vembanad,Kochi,Kerala,West Coast (Arabian Sea),9.9312,76.2673,1.5,2020 Vembanad Backwater Surge,2020-08-30T02:00,0.1,1008.9,6.6,14.0,0.388,0.343,0.312
kochi_vembanad,Kochi,Kerala,West Coast (Arabian Sea),9.9312,76.2673,1.5,2020 Vembanad Backwater Surge,2020-08-30T03:00,0.1,1009.7,6.2,15.8,0.386,0.343,0.312
kochi_vembanad,Kochi,Kerala,West Coast (Arabian Sea),9.9312,76.2673,1.5,2020 Vembanad Backwater Surge,2020-08-30T04:00,0.1,1010.0,8.4,20.2,0.383,0.344,0.312
kochi_vembanad,Kochi,Kerala,West Coast (Arabian Sea),9.9312,76.2673,1.5,2020 Vembanad Backwater Surge,2020-08-30T05:00,0.1,1009.5,9.4,22.3,0.38,0.344,0.312
kochi_vembanad,Kochi,Kerala,West Coast (Arabian Sea),9.9312,76.2673,1.5,2020 Vembanad Backwater Surge,2020-08-30T06:00,0.0,1009.1,12.2,29.2,0.375,0.344,0.312
kochi_vembanad,Kochi,Kerala,West Coast (Arabian Sea),9.9312,76.2673,1.5,2020 Vembanad Backwater Surge,2020-08-30T07:00,0.0,1008.2,13.8,31.0,0.37,0.344,0.312
kochi_vembanad,Kochi,Kerala,West Coast (Arabian Sea),9.9312,76.2673,1.5,2020 Vembanad Backwater Surge,2020-08-30T08:00,0.0,1007.3,13.7,31.0,0.365,0.343,0.312
kochi_vembanad,Kochi,Kerala,West Coast (Arabian Sea),9.9312,76.2673,1.5,2020 Vembanad Backwater Surge,2020-08-30T09:00,0.0,1006.6,14.9,31.7,0.361,0.343,0.311
kochi_vembanad,Kochi,Kerala,West Coast (Arabian Sea),9.9312,76.2673,1.5,2020 Vembanad Backwater Surge,2020-08-30T10:00,0.0,1006.1,14.7,32.0,0.358,0.343,0.311
kochi_vembanad,Kochi,Kerala,West Coast (Arabian Sea),9.9312,76.2673,1.5,2020 Vembanad Backwater Surge,2020-08-30T11:00,0.0,1006.3,14.0,30.2,0.356,0.343,0.311
kochi_vembanad,Kochi,Kerala,West Coast (Arabian Sea),9.9312,76.2673,1.5,2020 Vembanad Backwater Surge,2020-08-30T12:00,0.0,1006.1,12.4,29.2,0.355,0.342,0.313
kochi_vembanad,Kochi,Kerala,West Coast (Arabian Sea),9.9312,76.2673,1.5,2020 Vembanad Backwater Surge,2020-08-30T13:00,0.0,1006.6,8.4,23.4,0.354,0.342,0.313
kochi_vembanad,Kochi,Kerala,West Coast (Arabian Sea),9.9312,76.2673,1.5,2020 Vembanad Backwater Surge,2020-08-30T14:00,0.0,1007.8,6.8,15.5,0.353,0.342,0.313
kochi_vembanad,Kochi,Kerala,West Coast (Arabian Sea),9.9312,76.2673,1.5,2020 Vembanad Backwater Surge,2020-08-30T15:00,0.1,1008.9,6.5,12.2,0.354,0.342,0.313
kochi_vembanad,Kochi,Kerala,West Coast (Arabian Sea),9.9312,76.2673,1.5,2020 Vembanad Backwater Surge,2020-08-30T16:00,0.1,1009.9,3.4,11.5,0.354,0.343,0.313
kochi_vembanad,Kochi,Kerala,West Coast (Arabian Sea),9.9312,76.2673,1.5,2020 Vembanad Backwater Surge,2020-08-30T17:00,0.6,1010.2,4.0,9.4,0.36,0.343,0.313
kochi_vembanad,Kochi,Kerala,West Coast (Arabian Sea),9.9312,76.2673,1.5,2020 Vembanad Backwater Surge,2020-08-30T18:00,0.9,1010.0,4.2,10.8,0.368,0.343,0.313
kochi_vembanad,Kochi,Kerala,West Coast (Arabian Sea),9.9312,76.2673,1.5,2020 Vembanad Backwater Surge,2020-08-30T19:00,1.3,1009.3,4.2,13.7,0.384,0.343,0.313
kochi_vembanad,Kochi,Kerala,West Coast (Arabian Sea),9.9312,76.2673,1.5,2020 Vembanad Backwater Surge,2020-08-30T20:00,1.4,1008.7,7.1,17.3,0.4,0.344,0.312
kochi_vembanad,Kochi,Kerala,West Coast (Arabian Sea),9.9312,76.2673,1.5,2020 Vembanad Backwater Surge,2020-08-30T21:00,0.5,1007.9,8.1,21.2,0.403,0.345,0.312
kochi_vembanad,Kochi,Kerala,West Coast (Arabian Sea),9.9312,76.2673,1.5,2020 Vembanad Backwater Surge,2020-08-30T22:00,0.9,1008.0,11.8,25.6,0.411,0.347,0.312
kochi_vembanad,Kochi,Kerala,West Coast (Arabian Sea),9.9312,76.2673,1.5,2020 Vembanad Backwater Surge,2020-08-30T23:00,1.0,1008.5,9.7,25.6,0.415,0.35,0.312
kochi_vembanad,Kochi,Kerala,West Coast (Arabian Sea),9.9312,76.2673,1.5,2020 Vembanad Backwater Surge,2020-08-31T00:00,0.5,1008.8,7.9,22.0,0.413,0.35,0.311
kochi_vembanad,Kochi,Kerala,West Coast (Arabian Sea),9.9312,76.2673,1.5,2020 Vembanad Backwater Surge,2020-08-31T01:00,0.1,1008.8,8.0,16.2,0.407,0.352,0.311
kochi_vembanad,Kochi,Kerala,West Coast (Arabian Sea),9.9312,76.2673,1.5,2020 Vembanad Backwater Surge,2020-08-31T02:00,0.0,1009.1,7.9,16.6,0.403,0.353,0.311
kochi_vembanad,Kochi,Kerala,West Coast (Arabian Sea),9.9312,76.2673,1.5,2020 Vembanad Backwater Surge,2020-08-31T03:00,0.1,1009.9,7.2,17.3,0.4,0.354,0.311
kochi_vembanad,Kochi,Kerala,West Coast (Arabian Sea),9.9312,76.2673,1.5,2020 Vembanad Backwater Surge,2020-08-31T04:00,0.1,1010.1,8.5,19.8,0.397,0.355,0.311
kochi_vembanad,Kochi,Kerala,West Coast (Arabian Sea),9.9312,76.2673,1.5,2020 Vembanad Backwater Surge,2020-08-31T05:00,0.1,1010.0,10.6,24.5,0.393,0.356,0.311
kochi_vembanad,Kochi,Kerala,West Coast (Arabian Sea),9.9312,76.2673,1.5,2020 Vembanad Backwater Surge,2020-08-31T06:00,0.2,1009.9,12.7,28.1,0.389,0.356,0.311
kochi_vembanad,Kochi,Kerala,West Coast (Arabian Sea),9.9312,76.2673,1.5,2020 Vembanad Backwater Surge,2020-08-31T07:00,0.2,1009.1,14.8,33.8,0.385,0.356,0.31
kochi_vembanad,Kochi,Kerala,West Coast (Arabian Sea),9.9312,76.2673,1.5,2020 Vembanad Backwater Surge,2020-08-31T08:00,0.1,1008.3,12.6,32.0,0.382,0.356,0.31
kochi_vembanad,Kochi,Kerala,West Coast (Arabian Sea),9.9312,76.2673,1.5,2020 Vembanad Backwater Surge,2020-08-31T09:00,0.2,1007.3,14.2,29.5,0.381,0.356,0.31
kochi_vembanad,Kochi,Kerala,West Coast (Arabian Sea),9.9312,76.2673,1.5,2020 Vembanad Backwater Surge,2020-08-31T10:00,0.0,1007.1,12.9,29.9,0.378,0.356,0.31
kochi_vembanad,Kochi,Kerala,West Coast (Arabian Sea),9.9312,76.2673,1.5,2020 Vembanad Backwater Surge,2020-08-31T11:00,0.0,1006.9,10.8,26.3,0.376,0.356,0.31
kochi_vembanad,Kochi,Kerala,West Coast (Arabian Sea),9.9312,76.2673,1.5,2020 Vembanad Backwater Surge,2020-08-31T12:00,0.0,1005.8,11.4,22.7,0.361,0.353,0.306
kochi_vembanad,Kochi,Kerala,West Coast (Arabian Sea),9.9312,76.2673,1.5,2020 Vembanad Backwater Surge,2020-08-31T13:00,0.0,1006.9,7.9,20.9,0.36,0.353,0.306
kochi_vembanad,Kochi,Kerala,West Coast (Arabian Sea),9.9312,76.2673,1.5,2020 Vembanad Backwater Surge,2020-08-31T14:00,0.0,1007.8,7.7,14.8,0.36,0.353,0.306
kochi_vembanad,Kochi,Kerala,West Coast (Arabian Sea),9.9312,76.2673,1.5,2020 Vembanad Backwater Surge,2020-08-31T15:00,0.0,1008.6,6.8,14.0,0.36,0.353,0.306
kochi_vembanad,Kochi,Kerala,West Coast (Arabian Sea),9.9312,76.2673,1.5,2020 Vembanad Backwater Surge,2020-08-31T16:00,0.6,1009.7,4.2,14.0,0.365,0.353,0.306
kochi_vembanad,Kochi,Kerala,West Coast (Arabian Sea),9.9312,76.2673,1.5,2020 Vembanad Backwater Surge,2020-08-31T17:00,0.8,1010.0,4.5,10.8,0.374,0.353,0.306
kochi_vembanad,Kochi,Kerala,West Coast (Arabian Sea),9.9312,76.2673,1.5,2020 Vembanad Backwater Surge,2020-08-31T18:00,0.0,1009.9,3.6,7.6,0.373,0.353,0.306
kochi_vembanad,Kochi,Kerala,West Coast (Arabian Sea),9.9312,76.2673,1.5,2020 Vembanad Backwater Surge,2020-08-31T19:00,0.1,1008.9,5.0,9.7,0.373,0.353,0.306
kochi_vembanad,Kochi,Kerala,West Coast (Arabian Sea),9.9312,76.2673,1.5,2020 Vembanad Backwater Surge,2020-08-31T20:00,0.9,1008.3,7.2,16.2,0.383,0.353,0.306
kochi_vembanad,Kochi,Kerala,West Coast (Arabian Sea),9.9312,76.2673,1.5,2020 Vembanad Backwater Surge,2020-08-31T21:00,0.1,1007.6,6.6,16.6,0.382,0.354,0.306
kochi_vembanad,Kochi,Kerala,West Coast (Arabian Sea),9.9312,76.2673,1.5,2020 Vembanad Backwater Surge,2020-08-31T22:00,1.4,1007.7,11.1,25.2,0.399,0.354,0.306
kochi_vembanad,Kochi,Kerala,West Coast (Arabian Sea),9.9312,76.2673,1.5,2020 Vembanad Backwater Surge,2020-08-31T23:00,1.9,1007.8,14.8,32.4,0.419,0.356,0.306
mangalore_netravati,Mangalore,Karnataka,West Coast (Arabian Sea),12.8615,74.843,2.0,May 2018 Flash Flood (Western Ghats Runoff),2018-05-15T00:00,2.8,1004.5,8.0,10.4,0.247,0.122,0.052
mangalore_netravati,Mangalore,Karnataka,West Coast (Arabian Sea),12.8615,74.843,2.0,May 2018 Flash Flood (Western Ghats Runoff),2018-05-15T01:00,0.0,1005.1,3.4,15.1,0.243,0.123,0.052
mangalore_netravati,Mangalore,Karnataka,West Coast (Arabian Sea),12.8615,74.843,2.0,May 2018 Flash Flood (Western Ghats Runoff),2018-05-15T02:00,0.0,1005.6,3.6,10.8,0.24,0.124,0.052
mangalore_netravati,Mangalore,Karnataka,West Coast (Arabian Sea),12.8615,74.843,2.0,May 2018 Flash Flood (Western Ghats Runoff),2018-05-15T03:00,0.0,1006.1,2.8,12.6,0.236,0.125,0.052
mangalore_netravati,Mangalore,Karnataka,West Coast (Arabian Sea),12.8615,74.843,2.0,May 2018 Flash Flood (Western Ghats Runoff),2018-05-15T04:00,0.0,1006.3,0.8,13.0,0.231,0.126,0.052
mangalore_netravati,Mangalore,Karnataka,West Coast (Arabian Sea),12.8615,74.843,2.0,May 2018 Flash Flood (Western Ghats Runoff),2018-05-15T05:00,0.0,1005.8,4.1,15.1,0.226,0.126,0.052
mangalore_netravati,Mangalore,Karnataka,West Coast (Arabian Sea),12.8615,74.843,2.0,May 2018 Flash Flood (Western Ghats Runoff),2018-05-15T06:00,0.0,1005.4,8.4,23.0,0.22,0.126,0.052
mangalore_netravati,Mangalore,Karnataka,West Coast (Arabian Sea),12.8615,74.843,2.0,May 2018 Flash Flood (Western Ghats Runoff),2018-05-15T07:00,0.0,1004.7,11.5,28.4,0.214,0.125,0.052
mangalore_netravati,Mangalore,Karnataka,West Coast (Arabian Sea),12.8615,74.843,2.0,May 2018 Flash Flood (Western Ghats Runoff),2018-05-15T08:00,0.0,1003.4,12.5,31.3,0.209,0.125,0.052
mangalore_netravati,Mangalore,Karnataka,West Coast (Arabian Sea),12.8615,74.843,2.0,May 2018 Flash Flood (Western Ghats Runoff),2018-05-15T09:00,0.0,1002.5,11.2,30.6,0.205,0.125,0.052
mangalore_netravati,Mangalore,Karnataka,West Coast (Arabian Sea),12.8615,74.843,2.0,May 2018 Flash Flood (Western Ghats Runoff),2018-05-15T10:00,0.0,1002.0,11.2,27.7,0.201,0.124,0.052
mangalore_netravati,Mangalore,Karnataka,West Coast (Arabian Sea),12.8615,74.843,2.0,May 2018 Flash Flood (Western Ghats Runoff),2018-05-15T11:00,0.0,1001.6,11.3,26.3,0.199,0.124,0.052
mangalore_netravati,Mangalore,Karnataka,West Coast (Arabian Sea),12.8615,74.843,2.0,May 2018 Flash Flood (Western Ghats Runoff),2018-05-15T12:00,0.0,1001.8,14.3,25.6,0.23,0.163,0.052
mangalore_netravati,Mangalore,Karnataka,West Coast (Arabian Sea),12.8615,74.843,2.0,May 2018 Flash Flood (Western Ghats Runoff),2018-05-15T13:00,0.0,1002.2,14.5,28.8,0.228,0.163,0.052
mangalore_netravati,Mangalore,Karnataka,West Coast (Arabian Sea),12.8615,74.843,2.0,May 2018 Flash Flood (Western Ghats Runoff),2018-05-15T14:00,0.0,1002.9,14.6,28.4,0.227,0.164,0.052
mangalore_netravati,Mangalore,Karnataka,West Coast (Arabian Sea),12.8615,74.843,2.0,May 2018 Flash Flood (Western Ghats Runoff),2018-05-15T15:00,0.0,1003.8,13.2,27.7,0.225,0.164,0.052
mangalore_netravati,Mangalore,Karnataka,West Coast (Arabian Sea),12.8615,74.843,2.0,May 2018 Flash Flood (Western Ghats Runoff),2018-05-15T16:00,0.1,1004.7,9.0,24.8,0.225,0.164,0.052
mangalore_netravati,Mangalore,Karnataka,West Coast (Arabian Sea),12.8615,74.843,2.0,May 2018 Flash Flood (Western Ghats Runoff),2018-05-15T17:00,0.3,1005.4,11.1,18.7,0.226,0.165,0.052
mangalore_netravati,Mangalore,Karnataka,West Coast (Arabian Sea),12.8615,74.843,2.0,May 2018 Flash Flood (Western Ghats Runoff),2018-05-15T18:00,0.1,1004.6,7.7,21.2,0.225,0.165,0.052
mangalore_netravati,Mangalore,Karnataka,West Coast (Arabian Sea),12.8615,74.843,2.0,May 2018 Flash Flood (Western Ghats Runoff),2018-05-15T19:00,0.0,1004.0,6.3,14.0,0.224,0.165,0.052
mangalore_netravati,Mangalore,Karnataka,West Coast (Arabian Sea),12.8615,74.843,2.0,May 2018 Flash Flood (Western Ghats Runoff),2018-05-15T20:00,0.0,1003.1,5.6,12.2,0.223,0.166,0.052
mangalore_netravati,Mangalore,Karnataka,West Coast (Arabian Sea),12.8615,74.843,2.0,May 2018 Flash Flood (Western Ghats Runoff),2018-05-15T21:00,0.0,1002.5,4.4,10.8,0.222,0.166,0.052
mangalore_netravati,Mangalore,Karnataka,West Coast (Arabian Sea),12.8615,74.843,2.0,May 2018 Flash Flood (Western Ghats Runoff),2018-05-15T22:00,0.0,1002.6,6.5,11.5,0.221,0.166,0.052
mangalore_netravati,Mangalore,Karnataka,West Coast (Arabian Sea),12.8615,74.843,2.0,May 2018 Flash Flood (Western Ghats Runoff),2018-05-15T23:00,0.4,1002.4,6.4,19.1,0.223,0.167,0.052
mangalore_netravati,Mangalore,Karnataka,West Coast (Arabian Sea),12.8615,74.843,2.0,May 2018 Flash Flood (Western Ghats Runoff),2018-05-16T00:00,0.1,1003.0,4.4,12.2,0.217,0.166,0.052
mangalore_netravati,Mangalore,Karnataka,West Coast (Arabian Sea),12.8615,74.843,2.0,May 2018 Flash Flood (Western Ghats Runoff),2018-05-16T01:00,0.0,1003.4,3.2,6.5,0.216,0.167,0.052
mangalore_netravati,Mangalore,Karnataka,West Coast (Arabian Sea),12.8615,74.843,2.0,May 2018 Flash Flood (Western Ghats Runoff),2018-05-16T02:00,0.0,1004.3,4.8,12.2,0.215,0.167,0.052
mangalore_netravati,Mangalore,Karnataka,West Coast (Arabian Sea),12.8615,74.843,2.0,May 2018 Flash Flood (Western Ghats Runoff),2018-05-16T03:00,0.0,1005.2,3.6,13.3,0.213,0.167,0.052
mangalore_netravati,Mangalore,Karnataka,West Coast (Arabian Sea),12.8615,74.843,2.0,May 2018 Flash Flood (Western Ghats Runoff),2018-05-16T04:00,0.3,1005.9,4.8,18.0,0.213,0.166,0.052
mangalore_netravati,Mangalore,Karnataka,West Coast (Arabian Sea),12.8615,74.843,2.0,May 2018 Flash Flood (Western Ghats Runoff),2018-05-16T05:00,7.2,1006.7,8.4,30.6,0.297,0.17,0.052
mangalore_netravati,Mangalore,Karnataka,West Coast (Arabian Sea),12.8615,74.843,2.0,May 2018 Flash Flood (Western Ghats Runoff),2018-05-16T06:00,0.0,1006.2,6.0,21.6,0.285,0.173,0.052
mangalore_netravati,Mangalore,Karnataka,West Coast (Arabian Sea),12.8615,74.843,2.0,May 2018 Flash Flood (Western Ghats Runoff),2018-05-16T07:00,0.0,1005.4,5.2,20.9,0.275,0.176,0.052
mangalore_netravati,Mangalore,Karnataka,West Coast (Arabian Sea),12.8615,74.843,2.0,May 2018 Flash Flood (Western Ghats Runoff),2018-05-16T08:00,1.4,1005.0,9.4,24.1,0.282,0.177,0.053
mangalore_netravati,Mangalore,Karnataka,West Coast (Arabian Sea),12.8615,74.843,2.0,May 2018 Flash Flood (Western Ghats Runoff),2018-05-16T09:00,2.7,1004.3,7.9,24.5,0.3,0.183,0.053
mangalore_netravati,Mangalore,Karnataka,West Coast (Arabian Sea),12.8615,74.843,2.0,May 2018 Flash Flood (Western Ghats Runoff),2018-05-16T10:00,0.0,1003.1,8.6,21.6,0.287,0.187,0.053
mangalore_netravati,Mangalore,Karnataka,West Coast (Arabian Sea),12.8615,74.843,2.0,May 2018 Flash Flood (Western Ghats Runoff),2018-05-16T11:00,0.1,1003.3,4.3,20.9,0.279,0.189,0.053
mangalore_netravati,Mangalore,Karnataka,West Coast (Arabian Sea),12.8615,74.843,2.0,May 2018 Flash Flood (Western Ghats Runoff),2018-05-16T12:00,0.2,1003.2,4.6,13.0,0.291,0.217,0.052
mangalore_netravati,Mangalore,Karnataka,West Coast (Arabian Sea),12.8615,74.843,2.0,May 2018 Flash Flood (Western Ghats Runoff),2018-05-16T13:00,0.0,1003.4,3.8,11.2,0.284,0.219,0.052
mangalore_netravati,Mangalore,Karnataka,West Coast (Arabian Sea),12.8615,74.843,2.0,May 2018 Flash Flood (Western Ghats Runoff),2018-05-16T14:00,0.0,1003.9,5.1,10.1,0.278,0.221,0.053
mangalore_netravati,Mangalore,Karnataka,West Coast (Arabian Sea),12.8615,74.843,2.0,May 2018 Flash Flood (Western Ghats Runoff),2018-05-16T15:00,0.0,1004.5,6.9,13.0,0.274,0.222,0.053
mangalore_netravati,Mangalore,Karnataka,West Coast (Arabian Sea),12.8615,74.843,2.0,May 2018 Flash Flood (Western Ghats Runoff),2018-05-16T16:00,0.0,1004.9,6.4,13.0,0.27,0.223,0.053
mangalore_netravati,Mangalore,Karnataka,West Coast (Arabian Sea),12.8615,74.843,2.0,May 2018 Flash Flood (Western Ghats Runoff),2018-05-16T17:00,0.0,1005.1,4.3,11.5,0.267,0.223,0.053
mangalore_netravati,Mangalore,Karnataka,West Coast (Arabian Sea),12.8615,74.843,2.0,May 2018 Flash Flood (Western Ghats Runoff),2018-05-16T18:00,0.0,1005.1,4.0,8.3,0.265,0.224,0.053
mangalore_netravati,Mangalore,Karnataka,West Coast (Arabian Sea),12.8615,74.843,2.0,May 2018 Flash Flood (Western Ghats Runoff),2018-05-16T19:00,0.0,1004.6,3.2,7.2,0.262,0.225,0.053
mangalore_netravati,Mangalore,Karnataka,West Coast (Arabian Sea),12.8615,74.843,2.0,May 2018 Flash Flood (Western Ghats Runoff),2018-05-16T20:00,0.0,1004.3,2.6,6.5,0.26,0.225,0.053
mangalore_netravati,Mangalore,Karnataka,West Coast (Arabian Sea),12.8615,74.843,2.0,May 2018 Flash Flood (Western Ghats Runoff),2018-05-16T21:00,0.0,1003.6,3.1,6.1,0.258,0.225,0.053
mangalore_netravati,Mangalore,Karnataka,West Coast (Arabian Sea),12.8615,74.843,2.0,May 2018 Flash Flood (Western Ghats Runoff),2018-05-16T22:00,0.0,1003.1,5.0,9.0,0.256,0.225,0.053
mangalore_netravati,Mangalore,Karnataka,West Coast (Arabian Sea),12.8615,74.843,2.0,May 2018 Flash Flood (Western Ghats Runoff),2018-05-16T23:00,0.0,1002.9,6.5,12.6,0.255,0.226,0.053
mangalore_netravati,Mangalore,Karnataka,West Coast (Arabian Sea),12.8615,74.843,2.0,May 2018 Flash Flood (Western Ghats Runoff),2018-05-17T00:00,0.0,1003.2,4.6,12.2,0.254,0.226,0.053
mangalore_netravati,Mangalore,Karnataka,West Coast (Arabian Sea),12.8615,74.843,2.0,May 2018 Flash Flood (Western Ghats Runoff),2018-05-17T01:00,0.0,1003.7,5.4,10.8,0.252,0.226,0.053
mangalore_netravati,Mangalore,Karnataka,West Coast (Arabian Sea),12.8615,74.843,2.0,May 2018 Flash Flood (Western Ghats Runoff),2018-05-17T02:00,0.0,1004.4,4.5,12.2,0.251,0.226,0.053
mangalore_netravati,Mangalore,Karnataka,West Coast (Arabian Sea),12.8615,74.843,2.0,May 2018 Flash Flood (Western Ghats Runoff),2018-05-17T03:00,0.0,1005.4,3.2,12.6,0.249,0.225,0.053
mangalore_netravati,Mangalore,Karnataka,West Coast (Arabian Sea),12.8615,74.843,2.0,May 2018 Flash Flood (Western Ghats Runoff),2018-05-17T04:00,0.0,1005.8,4.1,14.4,0.246,0.225,0.054
mangalore_netravati,Mangalore,Karnataka,West Coast (Arabian Sea),12.8615,74.843,2.0,May 2018 Flash Flood (Western Ghats Runoff),2018-05-17T05:00,0.0,1005.7,5.1,16.9,0.243,0.224,0.054
mangalore_netravati,Mangalore,Karnataka,West Coast (Arabian Sea),12.8615,74.843,2.0,May 2018 Flash Flood (Western Ghats Runoff),2018-05-17T06:00,0.0,1005.6,9.3,24.1,0.24,0.223,0.054
mangalore_netravati,Mangalore,Karnataka,West Coast (Arabian Sea),12.8615,74.843,2.0,May 2018 Flash Flood (Western Ghats Runoff),2018-05-17T07:00,0.1,1005.3,9.1,24.8,0.237,0.221,0.054
mangalore_netravati,Mangalore,Karnataka,West Coast (Arabian Sea),12.8615,74.843,2.0,May 2018 Flash Flood (Western Ghats Runoff),2018-05-17T08:00,1.7,1004.6,5.4,27.0,0.253,0.221,0.054
mangalore_netravati,Mangalore,Karnataka,West Coast (Arabian Sea),12.8615,74.843,2.0,May 2018 Flash Flood (Western Ghats Runoff),2018-05-17T09:00,0.1,1003.2,10.4,25.6,0.25,0.22,0.054
mangalore_netravati,Mangalore,Karnataka,West Coast (Arabian Sea),12.8615,74.843,2.0,May 2018 Flash Flood (Western Ghats Runoff),2018-05-17T10:00,1.2,1002.2,9.2,26.6,0.258,0.22,0.054
mangalore_netravati,Mangalore,Karnataka,West Coast (Arabian Sea),12.8615,74.843,2.0,May 2018 Flash Flood (Western Ghats Runoff),2018-05-17T11:00,6.8,1002.7,5.2,23.8,0.333,0.224,0.054
mangalore_netravati,Mangalore,Karnataka,West Coast (Arabian Sea),12.8615,74.843,2.0,May 2018 Flash Flood (Western Ghats Runoff),2018-05-17T12:00,0.2,1002.7,1.8,15.8,0.266,0.219,0.054
mangalore_netravati,Mangalore,Karnataka,West Coast (Arabian Sea),12.8615,74.843,2.0,May 2018 Flash Flood (Western Ghats Runoff),2018-05-17T13:00,0.0,1003.1,1.8,8.3,0.263,0.219,0.054
mangalore_netravati,Mangalore,Karnataka,West Coast (Arabian Sea),12.8615,74.843,2.0,May 2018 Flash Flood (Western Ghats Runoff),2018-05-17T14:00,0.5,1004.0,1.1,4.7,0.266,0.22,0.054
mangalore_netravati,Mangalore,Karnataka,West Coast (Arabian Sea),12.8615,74.843,2.0,May 2018 Flash Flood (Western Ghats Runoff),2018-05-17T15:00,1.6,1005.3,2.6,9.4,0.284,0.221,0.054
mangalore_netravati,Mangalore,Karnataka,West Coast (Arabian Sea),12.8615,74.843,2.0,May 2018 Flash Flood (Western Ghats Runoff),2018-05-17T16:00,2.1,1006.1,1.3,11.5,0.304,0.223,0.055
mangalore_netravati,Mangalore,Karnataka,West Coast (Arabian Sea),12.8615,74.843,2.0,May 2018 Flash Flood (Western Ghats Runoff),2018-05-17T17:00,0.0,1006.6,3.6,5.8,0.294,0.226,0.055
mangalore_netravati,Mangalore,Karnataka,West Coast (Arabian Sea),12.8615,74.843,2.0,May 2018 Flash Flood (Western Ghats Runoff),2018-05-17T18:00,4.5,1006.6,10.0,20.2,0.34,0.232,0.055
mangalore_netravati,Mangalore,Karnataka,West Coast (Arabian Sea),12.8615,74.843,2.0,May 2018 Flash Flood (Western Ghats Runoff),2018-05-17T19:00,5.4,1006.2,9.5,22.7,0.358,0.251,0.055
mangalore_netravati,Mangalore,Karnataka,West Coast (Arabian Sea),12.8615,74.843,2.0,May 2018 Flash Flood (Western Ghats Runoff),2018-05-17T20:00,5.0,1005.9,5.4,18.4,0.361,0.272,0.055
mangalore_netravati,Mangalore,Karnataka,West Coast (Arabian Sea),12.8615,74.843,2.0,May 2018 Flash Flood (Western Ghats Runoff),2018-05-17T21:00,0.1,1005.4,9.6,18.0,0.33,0.281,0.056
mangalore_netravati,Mangalore,Karnataka,West Coast (Arabian Sea),12.8615,74.843,2.0,May 2018 Flash Flood (Western Ghats Runoff),2018-05-17T22:00,0.0,1005.3,11.1,21.6,0.317,0.283,0.056
mangalore_netravati,Mangalore,Karnataka,West Coast (Arabian Sea),12.8615,74.843,2.0,May 2018 Flash Flood (Western Ghats Runoff),2018-05-17T23:00,0.0,1004.6,12.2,23.8,0.309,0.284,0.057
mangalore_netravati,Mangalore,Karnataka,West Coast (Arabian Sea),12.8615,74.843,2.0,May 2018 Flash Flood (Western Ghats Runoff),2018-05-18T00:00,0.0,1004.7,6.6,23.8,0.292,0.251,0.056
mangalore_netravati,Mangalore,Karnataka,West Coast (Arabian Sea),12.8615,74.843,2.0,May 2018 Flash Flood (Western Ghats Runoff),2018-05-18T01:00,0.0,1004.9,4.9,13.0,0.287,0.251,0.056
mangalore_netravati,Mangalore,Karnataka,West Coast (Arabian Sea),12.8615,74.843,2.0,May 2018 Flash Flood (Western Ghats Runoff),2018-05-18T02:00,0.0,1005.2,4.9,11.5,0.283,0.252,0.056
mangalore_netravati,Mangalore,Karnataka,West Coast (Arabian Sea),12.8615,74.843,2.0,May 2018 Flash Flood (Western Ghats Runoff),2018-05-18T03:00,0.0,1005.9,4.7,12.6,0.28,0.252,0.057
mangalore_netravati,Mangalore,Karnataka,West Coast (Arabian Sea),12.8615,74.843,2.0,May 2018 Flash Flood (Western Ghats Runoff),2018-05-18T04:00,0.0,1007.0,5.3,14.8,0.277,0.252,0.057
mangalore_netravati,Mangalore,Karnataka,West Coast (Arabian Sea),12.8615,74.843,2.0,May 2018 Flash Flood (Western Ghats Runoff),2018-05-18T05:00,0.0,1007.1,2.9,15.1,0.274,0.252,0.057
mangalore_netravati,Mangalore,Karnataka,West Coast (Arabian Sea),12.8615,74.843,2.0,May 2018 Flash Flood (Western Ghats Runoff),2018-05-18T06:00,0.0,1006.3,2.5,11.5,0.271,0.251,0.057
mangalore_netravati,Mangalore,Karnataka,West Coast (Arabian Sea),12.8615,74.843,2.0,May 2018 Flash Flood (Western Ghats Runoff),2018-05-18T07:00,0.1,1005.3,3.2,11.9,0.268,0.25,0.058
mangalore_netravati,Mangalore,Karnataka,West Coast (Arabian Sea),12.8615,74.843,2.0,May 2018 Flash Flood (Western Ghats Runoff),2018-05-18T08:00,0.0,1004.5,7.4,18.4,0.265,0.249,0.058
mangalore_netravati,Mangalore,Karnataka,West Coast (Arabian Sea),12.8615,74.843,2.0,May 2018 Flash Flood (Western Ghats Runoff),2018-05-18T09:00,0.0,1003.6,8.3,19.8,0.262,0.248,0.058
mangalore_netravati,Mangalore,Karnataka,West Coast (Arabian Sea),12.8615,74.843,2.0,May 2018 Flash Flood (Western Ghats Runoff),2018-05-18T10:00,0.0,1002.8,8.7,22.3,0.26,0.247,0.058
mangalore_netravati,Mangalore,Karnataka,West Coast (Arabian Sea),12.8615,74.843,2.0,May 2018 Flash Flood (Western Ghats Runoff),2018-05-18T11:00,0.5,1002.4,5.9,21.2,0.262,0.247,0.058
mangalore_netravati,Mangalore,Karnataka,West Coast (Arabian Sea),12.8615,74.843,2.0,May 2018 Flash Flood (Western Ghats Runoff),2018-05-18T12:00,0.4,1002.9,5.4,17.3,0.254,0.245,0.058
mangalore_netravati,Mangalore,Karnataka,West Coast (Arabian Sea),12.8615,74.843,2.0,May 2018 Flash Flood (Western Ghats Runoff),2018-05-18T13:00,0.0,1003.1,2.8,10.8,0.253,0.245,0.058
mangalore_netravati,Mangalore,Karnataka,West Coast (Arabian Sea),12.8615,74.843,2.0,May 2018 Flash Flood (Western Ghats Runoff),2018-05-18T14:00,0.0,1003.8,4.3,5.8,0.252,0.244,0.058
mangalore_netravati,Mangalore,Karnataka,West Coast (Arabian Sea),12.8615,74.843,2.0,May 2018 Flash Flood (Western Ghats Runoff),2018-05-18T15:00,0.0,1004.6,4.2,6.1,0.252,0.244,0.058
mangalore_netravati,Mangalore,Karnataka,West Coast (Arabian Sea),12.8615,74.843,2.0,May 2018 Flash Flood (Western Ghats Runoff),2018-05-18T16:00,0.0,1005.2,4.2,6.5,0.251,0.243,0.059
mangalore_netravati,Mangalore,Karnataka,West Coast (Arabian Sea),12.8615,74.843,2.0,May 2018 Flash Flood (Western Ghats Runoff),2018-05-18T17:00,0.0,1005.7,5.1,6.8,0.251,0.243,0.059
mangalore_netravati,Mangalore,Karnataka,West Coast (Arabian Sea),12.8615,74.843,2.0,May 2018 Flash Flood (Western Ghats Runoff),2018-05-18T18:00,0.0,1005.6,2.8,6.5,0.25,0.243,0.059
mangalore_netravati,Mangalore,Karnataka,West Coast (Arabian Sea),12.8615,74.843,2.0,May 2018 Flash Flood (Western Ghats Runoff),2018-05-18T19:00,0.0,1004.7,1.8,4.0,0.249,0.242,0.059
mangalore_netravati,Mangalore,Karnataka,West Coast (Arabian Sea),12.8615,74.843,2.0,May 2018 Flash Flood (Western Ghats Runoff),2018-05-18T20:00,0.0,1004.2,0.4,2.2,0.249,0.242,0.059
mangalore_netravati,Mangalore,Karnataka,West Coast (Arabian Sea),12.8615,74.843,2.0,May 2018 Flash Flood (Western Ghats Runoff),2018-05-18T21:00,0.0,1003.4,3.3,4.0,0.248,0.241,0.06
mangalore_netravati,Mangalore,Karnataka,West Coast (Arabian Sea),12.8615,74.843,2.0,May 2018 Flash Flood (Western Ghats Runoff),2018-05-18T22:00,0.0,1003.0,1.8,4.3,0.248,0.241,0.06
mangalore_netravati,Mangalore,Karnataka,West Coast (Arabian Sea),12.8615,74.843,2.0,May 2018 Flash Flood (Western Ghats Runoff),2018-05-18T23:00,0.8,1003.4,0.8,2.2,0.253,0.241,0.06
mangalore_netravati,Mangalore,Karnataka,West Coast (Arabian Sea),12.8615,74.843,2.0,May 2018 Flash Flood (Western Ghats Runoff),2018-05-19T00:00,0.1,1003.6,6.0,1.4,0.259,0.243,0.06
mangalore_netravati,Mangalore,Karnataka,West Coast (Arabian Sea),12.8615,74.843,2.0,May 2018 Flash Flood (Western Ghats Runoff),2018-05-19T01:00,0.0,1004.4,5.9,12.2,0.258,0.243,0.06
mangalore_netravati,Mangalore,Karnataka,West Coast (Arabian Sea),12.8615,74.843,2.0,May 2018 Flash Flood (Western Ghats Runoff),2018-05-19T02:00,0.0,1005.1,3.9,11.9,0.257,0.242,0.06
mangalore_netravati,Mangalore,Karnataka,West Coast (Arabian Sea),12.8615,74.843,2.0,May 2018 Flash Flood (Western Ghats Runoff),2018-05-19T03:00,0.2,1005.8,0.8,10.8,0.257,0.242,0.06
mangalore_netravati,Mangalore,Karnataka,West Coast (Arabian Sea),12.8615,74.843,2.0,May 2018 Flash Flood (Western Ghats Runoff),2018-05-19T04:00,0.3,1006.5,5.9,16.2,0.256,0.241,0.06
mangalore_netravati,Mangalore,Karnataka,West Coast (Arabian Sea),12.8615,74.843,2.0,May 2018 Flash Flood (Western Ghats Runoff),2018-05-19T05:00,3.2,1007.0,5.9,20.2,0.291,0.241,0.061
mangalore_netravati,Mangalore,Karnataka,West Coast (Arabian Sea),12.8615,74.843,2.0,May 2018 Flash Flood (Western Ghats Runoff),2018-05-19T06:00,0.1,1006.1,3.8,17.6,0.285,0.242,0.061
mangalore_netravati,Mangalore,Karnataka,West Coast (Arabian Sea),12.8615,74.843,2.0,May 2018 Flash Flood (Western Ghats Runoff),2018-05-19T07:00,0.2,1005.4,7.2,20.2,0.28,0.242,0.061
mangalore_netravati,Mangalore,Karnataka,West Coast (Arabian Sea),12.8615,74.843,2.0,May 2018 Flash Flood (Western Ghats Runoff),2018-05-19T08:00,0.3,1004.5,10.1,25.2,0.277,0.242,0.061
mangalore_netravati,Mangalore,Karnataka,West Coast (Arabian Sea),12.8615,74.843,2.0,May 2018 Flash Flood (Western Ghats Runoff),2018-05-19T09:00,0.5,1003.6,11.9,28.1,0.276,0.241,0.061
mangalore_netravati,Mangalore,Karnataka,West Coast (Arabian Sea),12.8615,74.843,2.0,May 2018 Flash Flood (Western Ghats Runoff),2018-05-19T10:00,0.0,1002.8,10.4,28.1,0.271,0.241,0.061
mangalore_netravati,Mangalore,Karnataka,West Coast (Arabian Sea),12.8615,74.843,2.0,May 2018 Flash Flood (Western Ghats Runoff),2018-05-19T11:00,0.0,1002.2,11.5,27.4,0.267,0.241,0.062
mangalore_netravati,Mangalore,Karnataka,West Coast (Arabian Sea),12.8615,74.843,2.0,May 2018 Flash Flood (Western Ghats Runoff),2018-05-19T12:00,0.0,1002.0,10.7,24.8,0.271,0.248,0.062
mangalore_netravati,Mangalore,Karnataka,West Coast (Arabian Sea),12.8615,74.843,2.0,May 2018 Flash Flood (Western Ghats Runoff),2018-05-19T13:00,0.0,1002.0,8.9,22.0,0.269,0.248,0.062
mangalore_netravati,Mangalore,Karnataka,West Coast (Arabian Sea),12.8615,74.843,2.0,May 2018 Flash Flood (Western Ghats Runoff),2018-05-19T14:00,0.0,1003.0,7.4,16.9,0.267,0.248,0.062
mangalore_netravati,Mangalore,Karnataka,West Coast (Arabian Sea),12.8615,74.843,2.0,May 2018 Flash Flood (Western Ghats Runoff),2018-05-19T15:00,0.0,1003.8,4.7,13.7,0.265,0.248,0.062
mangalore_netravati,Mangalore,Karnataka,West Coast (Arabian Sea),12.8615,74.843,2.0,May 2018 Flash Flood (Western Ghats Runoff),2018-05-19T16:00,0.0,1004.6,7.1,8.6,0.264,0.247,0.063
mangalore_netravati,Mangalore,Karnataka,West Coast (Arabian Sea),12.8615,74.843,2.0,May 2018 Flash Flood (Western Ghats Runoff),2018-05-19T17:00,0.0,1005.2,5.7,9.0,0.263,0.247,0.063
mangalore_netravati,Mangalore,Karnataka,West Coast (Arabian Sea),12.8615,74.843,2.0,May 2018 Flash Flood (Western Ghats Runoff),2018-05-19T18:00,0.0,1005.6,3.4,7.2,0.261,0.247,0.063
mangalore_netravati,Mangalore,Karnataka,West Coast (Arabian Sea),12.8615,74.843,2.0,May 2018 Flash Flood (Western Ghats Runoff),2018-05-19T19:00,0.0,1005.1,3.2,6.1,0.26,0.247,0.063
mangalore_netravati,Mangalore,Karnataka,West Coast (Arabian Sea),12.8615,74.843,2.0,May 2018 Flash Flood (Western Ghats Runoff),2018-05-19T20:00,0.0,1004.1,3.0,7.2,0.259,0.246,0.063
mangalore_netravati,Mangalore,Karnataka,West Coast (Arabian Sea),12.8615,74.843,2.0,May 2018 Flash Flood (Western Ghats Runoff),2018-05-19T21:00,0.0,1003.7,5.4,10.1,0.258,0.246,0.064
mangalore_netravati,Mangalore,Karnataka,West Coast (Arabian Sea),12.8615,74.843,2.0,May 2018 Flash Flood (Western Ghats Runoff),2018-05-19T22:00,0.0,1004.0,7.3,13.3,0.257,0.246,0.064
mangalore_netravati,Mangalore,Karnataka,West Coast (Arabian Sea),12.8615,74.843,2.0,May 2018 Flash Flood (Western Ghats Runoff),2018-05-19T23:00,0.0,1004.2,8.0,15.5,0.256,0.245,0.064
mangalore_netravati,Mangalore,Karnataka,West Coast (Arabian Sea),12.8615,74.843,2.0,May 2018 Flash Flood (Western Ghats Runoff),2018-05-20T00:00,0.0,1004.2,5.1,16.6,0.255,0.245,0.064
mangalore_netravati,Mangalore,Karnataka,West Coast (Arabian Sea),12.8615,74.843,2.0,May 2018 Flash Flood (Western Ghats Runoff),2018-05-20T01:00,0.0,1004.5,2.6,10.1,0.254,0.245,0.064
mangalore_netravati,Mangalore,Karnataka,West Coast (Arabian Sea),12.8615,74.843,2.0,May 2018 Flash Flood (Western Ghats Runoff),2018-05-20T02:00,0.0,1005.3,4.4,11.9,0.253,0.244,0.064
mangalore_netravati,Mangalore,Karnataka,West Coast (Arabian Sea),12.8615,74.843,2.0,May 2018 Flash Flood (Western Ghats Runoff),2018-05-20T03:00,0.1,1005.8,3.4,11.9,0.253,0.244,0.065
mangalore_netravati,Mangalore,Karnataka,West Coast (Arabian Sea),12.8615,74.843,2.0,May 2018 Flash Flood (Western Ghats Runoff),2018-05-20T04:00,0.0,1006.4,6.2,16.6,0.251,0.243,0.065
mangalore_netravati,Mangalore,Karnataka,West Coast (Arabian Sea),12.8615,74.843,2.0,May 2018 Flash Flood (Western Ghats Runoff),2018-05-20T05:00,0.1,1006.0,8.5,20.5,0.249,0.242,0.065
mangalore_netravati,Mangalore,Karnataka,West Coast (Arabian Sea),12.8615,74.843,2.0,May 2018 Flash Flood (Western Ghats Runoff),2018-05-20T06:00,0.2,1006.3,13.6,30.2,0.247,0.24,0.065
mangalore_netravati,Mangalore,Karnataka,West Coast (Arabian Sea),12.8615,74.843,2.0,May 2018 Flash Flood (Western Ghats Runoff),2018-05-20T07:00,0.2,1005.6,14.8,33.8,0.246,0.239,0.065
mangalore_netravati,Mangalore,Karnataka,West Coast (Arabian Sea),12.8615,74.843,2.0,May 2018 Flash Flood (Western Ghats Runoff),2018-05-20T08:00,0.0,1004.1,13.4,32.4,0.243,0.238,0.065
mangalore_netravati,Mangalore,Karnataka,West Coast (Arabian Sea),12.8615,74.843,2.0,May 2018 Flash Flood (Western Ghats Runoff),2018-05-20T09:00,0.0,1003.0,11.5,29.9,0.24,0.236,0.066
mangalore_netravati,Mangalore,Karnataka,West Coast (Arabian Sea),12.8615,74.843,2.0,May 2018 Flash Flood (Western Ghats Runoff),2018-05-20T10:00,0.0,1002.9,15.5,35.6,0.237,0.235,0.066
mangalore_netravati,Mangalore,Karnataka,West Coast (Arabian Sea),12.8615,74.843,2.0,May 2018 Flash Flood (Western Ghats Runoff),2018-05-20T11:00,0.0,1002.5,12.3,33.8,0.235,0.234,0.066
mangalore_netravati,Mangalore,Karnataka,West Coast (Arabian Sea),12.8615,74.843,2.0,May 2018 Flash Flood (Western Ghats Runoff),2018-05-20T12:00,0.5,1002.9,15.8,27.4,0.229,0.232,0.067
mangalore_netravati,Mangalore,Karnataka,West Coast (Arabian Sea),12.8615,74.843,2.0,May 2018 Flash Flood (Western Ghats Runoff),2018-05-20T13:00,0.0,1003.0,13.0,31.7,0.228,0.231,0.067
mangalore_netravati,Mangalore,Karnataka,West Coast (Arabian Sea),12.8615,74.843,2.0,May 2018 Flash Flood (Western Ghats Runoff),2018-05-20T14:00,0.0,1004.0,11.1,25.6,0.228,0.231,0.067
mangalore_netravati,Mangalore,Karnataka,West Coast (Arabian Sea),12.8615,74.843,2.0,May 2018 Flash Flood (Western Ghats Runoff),2018-05-20T15:00,0.0,1004.7,8.4,21.2,0.228,0.231,0.067
mangalore_netravati,Mangalore,Karnataka,West Coast (Arabian Sea),12.8615,74.843,2.0,May 2018 Flash Flood (Western Ghats Runoff),2018-05-20T16:00,0.0,1005.5,7.2,15.8,0.227,0.23,0.067
mangalore_netravati,Mangalore,Karnataka,West Coast (Arabian Sea),12.8615,74.843,2.0,May 2018 Flash Flood (Western Ghats Runoff),2018-05-20T17:00,0.0,1005.7,5.8,13.3,0.227,0.23,0.067
mangalore_netravati,Mangalore,Karnataka,West Coast (Arabian Sea),12.8615,74.843,2.0,May 2018 Flash Flood (Western Ghats Runoff),2018-05-20T18:00,0.0,1005.8,3.3,7.6,0.227,0.23,0.067
mangalore_netravati,Mangalore,Karnataka,West Coast (Arabian Sea),12.8615,74.843,2.0,May 2018 Flash Flood (Western Ghats Runoff),2018-05-20T19:00,0.0,1005.0,3.3,4.7,0.227,0.229,0.067
mangalore_netravati,Mangalore,Karnataka,West Coast (Arabian Sea),12.8615,74.843,2.0,May 2018 Flash Flood (Western Ghats Runoff),2018-05-20T20:00,0.0,1004.3,2.5,5.4,0.227,0.229,0.068
mangalore_netravati,Mangalore,Karnataka,West Coast (Arabian Sea),12.8615,74.843,2.0,May 2018 Flash Flood (Western Ghats Runoff),2018-05-20T21:00,0.0,1003.8,4.4,7.9,0.227,0.229,0.068
mangalore_netravati,Mangalore,Karnataka,West Coast (Arabian Sea),12.8615,74.843,2.0,May 2018 Flash Flood (Western Ghats Runoff),2018-05-20T22:00,0.0,1003.4,5.8,11.2,0.227,0.228,0.068
mangalore_netravati,Mangalore,Karnataka,West Coast (Arabian Sea),12.8615,74.843,2.0,May 2018 Flash Flood (Western Ghats Runoff),2018-05-20T23:00,0.0,1003.4,6.8,12.2,0.226,0.228,0.068
mangalore_netravati,Mangalore,Karnataka,West Coast (Arabian Sea),12.8615,74.843,2.0,May 2018 Flash Flood (Western Ghats Runoff),2018-05-21T00:00,0.0,1003.7,4.9,13.0,0.227,0.229,0.07
mangalore_netravati,Mangalore,Karnataka,West Coast (Arabian Sea),12.8615,74.843,2.0,May 2018 Flash Flood (Western Ghats Runoff),2018-05-21T01:00,0.0,1004.2,6.3,11.2,0.227,0.229,0.07
mangalore_netravati,Mangalore,Karnataka,West Coast (Arabian Sea),12.8615,74.843,2.0,May 2018 Flash Flood (Western Ghats Runoff),2018-05-21T02:00,0.0,1005.1,5.0,12.6,0.227,0.228,0.07
mangalore_netravati,Mangalore,Karnataka,West Coast (Arabian Sea),12.8615,74.843,2.0,May 2018 Flash Flood (Western Ghats Runoff),2018-05-21T03:00,0.0,1006.3,4.4,13.7,0.225,0.227,0.07
mangalore_netravati,Mangalore,Karnataka,West Coast (Arabian Sea),12.8615,74.843,2.0,May 2018 Flash Flood (Western Ghats Runoff),2018-05-21T04:00,0.0,1006.8,4.0,14.4,0.223,0.226,0.07
mangalore_netravati,Mangalore,Karnataka,West Coast (Arabian Sea),12.8615,74.843,2.0,May 2018 Flash Flood (Western Ghats Runoff),2018-05-21T05:00,0.0,1006.8,5.8,18.4,0.22,0.225,0.07
mangalore_netravati,Mangalore,Karnataka,West Coast (Arabian Sea),12.8615,74.843,2.0,May 2018 Flash Flood (Western Ghats Runoff),2018-05-21T06:00,0.0,1006.4,8.3,23.0,0.217,0.223,0.07
mangalore_netravati,Mangalore,Karnataka,West Coast (Arabian Sea),12.8615,74.843,2.0,May 2018 Flash Flood (Western Ghats Runoff),2018-05-21T07:00,0.0,1005.3,10.5,26.6,0.214,0.222,0.07
mangalore_netravati,Mangalore,Karnataka,West Coast (Arabian Sea),12.8615,74.843,2.0,May 2018 Flash Flood (Western Ghats Runoff),2018-05-21T08:00,0.0,1004.4,13.0,30.2,0.211,0.22,0.07
mangalore_netravati,Mangalore,Karnataka,West Coast (Arabian Sea),12.8615,74.843,2.0,May 2018 Flash Flood (Western Ghats Runoff),2018-05-21T09:00,0.0,1003.5,14.8,33.5,0.207,0.218,0.07
mangalore_netravati,Mangalore,Karnataka,West Coast (Arabian Sea),12.8615,74.843,2.0,May 2018 Flash Flood (Western Ghats Runoff),2018-05-21T10:00,0.0,1003.1,13.9,34.9,0.205,0.217,0.071
mangalore_netravati,Mangalore,Karnataka,West Coast (Arabian Sea),12.8615,74.843,2.0,May 2018 Flash Flood (Western Ghats Runoff),2018-05-21T11:00,0.0,1002.6,15.5,33.1,0.203,0.216,0.071
mangalore_netravati,Mangalore,Karnataka,West Coast (Arabian Sea),12.8615,74.843,2.0,May 2018 Flash Flood (Western Ghats Runoff),2018-05-21T12:00,0.0,1003.3,13.1,33.1,0.202,0.214,0.071
mangalore_netravati,Mangalore,Karnataka,West Coast (Arabian Sea),12.8615,74.843,2.0,May 2018 Flash Flood (Western Ghats Runoff),2018-05-21T13:00,0.0,1003.4,9.9,25.9,0.202,0.214,0.071
mangalore_netravati,Mangalore,Karnataka,West Coast (Arabian Sea),12.8615,74.843,2.0,May 2018 Flash Flood (Western Ghats Runoff),2018-05-21T14:00,0.0,1004.1,8.1,19.1,0.202,0.214,0.072
mangalore_netravati,Mangalore,Karnataka,West Coast (Arabian Sea),12.8615,74.843,2.0,May 2018 Flash Flood (Western Ghats Runoff),2018-05-21T15:00,0.0,1005.0,14.9,28.4,0.202,0.213,0.072
mangalore_netravati,Mangalore,Karnataka,West Coast (Arabian Sea),12.8615,74.843,2.0,May 2018 Flash Flood (Western Ghats Runoff),2018-05-21T16:00,0.0,1006.0,10.6,28.4,0.202,0.213,0.072
mangalore_netravati,Mangalore,Karnataka,West Coast (Arabian Sea),12.8615,74.843,2.0,May 2018 Flash Flood (Western Ghats Runoff),2018-05-21T17:00,0.0,1006.6,4.9,20.2,0.202,0.213,0.072
mangalore_netravati,Mangalore,Karnataka,West Coast (Arabian Sea),12.8615,74.843,2.0,May 2018 Flash Flood (Western Ghats Runoff),2018-05-21T18:00,0.0,1006.7,2.5,9.4,0.202,0.213,0.072
mangalore_netravati,Mangalore,Karnataka,West Coast (Arabian Sea),12.8615,74.843,2.0,May 2018 Flash Flood (Western Ghats Runoff),2018-05-21T19:00,0.0,1005.2,4.4,8.3,0.202,0.212,0.072
mangalore_netravati,Mangalore,Karnataka,West Coast (Arabian Sea),12.8615,74.843,2.0,May 2018 Flash Flood (Western Ghats Runoff),2018-05-21T20:00,0.1,1004.2,6.1,11.2,0.202,0.212,0.072
mangalore_netravati,Mangalore,Karnataka,West Coast (Arabian Sea),12.8615,74.843,2.0,May 2018 Flash Flood (Western Ghats Runoff),2018-05-21T21:00,0.0,1003.9,3.9,11.5,0.202,0.212,0.072
mangalore_netravati,Mangalore,Karnataka,West Coast (Arabian Sea),12.8615,74.843,2.0,May 2018 Flash Flood (Western Ghats Runoff),2018-05-21T22:00,0.0,1003.7,4.4,7.9,0.202,0.212,0.072
mangalore_netravati,Mangalore,Karnataka,West Coast (Arabian Sea),12.8615,74.843,2.0,May 2018 Flash Flood (Western Ghats Runoff),2018-05-21T23:00,0.0,1003.5,5.4,10.4,0.202,0.212,0.072
mangalore_netravati,Mangalore,Karnataka,West Coast (Arabian Sea),12.8615,74.843,2.0,May 2018 Flash Flood (Western Ghats Runoff),2018-05-22T00:00,0.0,1003.9,6.1,10.4,0.204,0.211,0.072
mangalore_netravati,Mangalore,Karnataka,West Coast (Arabian Sea),12.8615,74.843,2.0,May 2018 Flash Flood (Western Ghats Runoff),2018-05-22T01:00,0.0,1004.3,4.0,11.5,0.204,0.211,0.072
mangalore_netravati,Mangalore,Karnataka,West Coast (Arabian Sea),12.8615,74.843,2.0,May 2018 Flash Flood (Western Ghats Runoff),2018-05-22T02:00,0.0,1005.1,6.2,11.5,0.204,0.211,0.072
mangalore_netravati,Mangalore,Karnataka,West Coast (Arabian Sea),12.8615,74.843,2.0,May 2018 Flash Flood (Western Ghats Runoff),2018-05-22T03:00,0.0,1005.7,7.6,16.6,0.203,0.21,0.072
mangalore_netravati,Mangalore,Karnataka,West Coast (Arabian Sea),12.8615,74.843,2.0,May 2018 Flash Flood (Western Ghats Runoff),2018-05-22T04:00,0.0,1006.1,9.6,22.7,0.202,0.21,0.072
mangalore_netravati,Mangalore,Karnataka,West Coast (Arabian Sea),12.8615,74.843,2.0,May 2018 Flash Flood (Western Ghats Runoff),2018-05-22T05:00,0.1,1005.8,11.6,27.4,0.201,0.209,0.072
mangalore_netravati,Mangalore,Karnataka,West Coast (Arabian Sea),12.8615,74.843,2.0,May 2018 Flash Flood (Western Ghats Runoff),2018-05-22T06:00,0.0,1005.3,14.5,32.0,0.199,0.208,0.072
mangalore_netravati,Mangalore,Karnataka,West Coast (Arabian Sea),12.8615,74.843,2.0,May 2018 Flash Flood (Western Ghats Runoff),2018-05-22T07:00,0.0,1004.7,14.2,33.1,0.197,0.206,0.072
mangalore_netravati,Mangalore,Karnataka,West Coast (Arabian Sea),12.8615,74.843,2.0,May 2018 Flash Flood (Western Ghats Runoff),2018-05-22T08:00,0.0,1004.1,15.7,34.9,0.194,0.205,0.072
mangalore_netravati,Mangalore,Karnataka,West Coast (Arabian Sea),12.8615,74.843,2.0,May 2018 Flash Flood (Western Ghats Runoff),2018-05-22T09:00,0.0,1003.5,16.5,38.5,0.192,0.204,0.072
mangalore_netravati,Mangalore,Karnataka,West Coast (Arabian Sea),12.8615,74.843,2.0,May 2018 Flash Flood (Western Ghats Runoff),2018-05-22T10:00,0.0,1002.7,19.3,40.0,0.19,0.203,0.072
mangalore_netravati,Mangalore,Karnataka,West Coast (Arabian Sea),12.8615,74.843,2.0,May 2018 Flash Flood (Western Ghats Runoff),2018-05-22T11:00,0.0,1002.7,16.7,42.1,0.189,0.202,0.072
mangalore_netravati,Mangalore,Karnataka,West Coast (Arabian Sea),12.8615,74.843,2.0,May 2018 Flash Flood (Western Ghats Runoff),2018-05-22T12:00,0.0,1002.7,13.4,33.8,0.189,0.2,0.071
mangalore_netravati,Mangalore,Karnataka,West Coast (Arabian Sea),12.8615,74.843,2.0,May 2018 Flash Flood (Western Ghats Runoff),2018-05-22T13:00,0.0,1003.1,11.3,26.3,0.188,0.2,0.071
mangalore_netravati,Mangalore,Karnataka,West Coast (Arabian Sea),12.8615,74.843,2.0,May 2018 Flash Flood (Western Ghats Runoff),2018-05-22T14:00,0.0,1003.3,10.8,21.6,0.188,0.2,0.071
mangalore_netravati,Mangalore,Karnataka,West Coast (Arabian Sea),12.8615,74.843,2.0,May 2018 Flash Flood (Western Ghats Runoff),2018-05-22T15:00,0.0,1004.1,10.3,20.2,0.188,0.2,0.071
mangalore_netravati,Mangalore,Karnataka,West Coast (Arabian Sea),12.8615,74.843,2.0,May 2018 Flash Flood (Western Ghats Runoff),2018-05-22T16:00,0.0,1004.7,9.0,19.4,0.188,0.2,0.071
mangalore_netravati,Mangalore,Karnataka,West Coast (Arabian Sea),12.8615,74.843,2.0,May 2018 Flash Flood (Western Ghats Runoff),2018-05-22T17:00,0.0,1005.0,7.0,17.3,0.188,0.199,0.071
mangalore_netravati,Mangalore,Karnataka,West Coast (Arabian Sea),12.8615,74.843,2.0,May 2018 Flash Flood (Western Ghats Runoff),2018-05-22T18:00,0.0,1005.1,4.7,12.6,0.188,0.199,0.071
mangalore_netravati,Mangalore,Karnataka,West Coast (Arabian Sea),12.8615,74.843,2.0,May 2018 Flash Flood (Western Ghats Runoff),2018-05-22T19:00,0.0,1004.7,4.3,9.0,0.188,0.199,0.071
mangalore_netravati,Mangalore,Karnataka,West Coast (Arabian Sea),12.8615,74.843,2.0,May 2018 Flash Flood (Western Ghats Runoff),2018-05-22T20:00,0.0,1003.9,4.4,8.3,0.188,0.199,0.071
mangalore_netravati,Mangalore,Karnataka,West Coast (Arabian Sea),12.8615,74.843,2.0,May 2018 Flash Flood (Western Ghats Runoff),2018-05-22T21:00,0.0,1003.5,4.5,8.3,0.188,0.199,0.071
mangalore_netravati,Mangalore,Karnataka,West Coast (Arabian Sea),12.8615,74.843,2.0,May 2018 Flash Flood (Western Ghats Runoff),2018-05-22T22:00,0.0,1003.1,5.9,11.2,0.188,0.199,0.071
mangalore_netravati,Mangalore,Karnataka,West Coast (Arabian Sea),12.8615,74.843,2.0,May 2018 Flash Flood (Western Ghats Runoff),2018-05-22T23:00,0.0,1003.2,5.1,11.2,0.188,0.199,0.071
mangalore_netravati,Mangalore,Karnataka,West Coast (Arabian Sea),12.8615,74.843,2.0,May 2018 Flash Flood (Western Ghats Runoff),2018-05-23T00:00,0.0,1003.9,4.4,10.1,0.213,0.196,0.07
mangalore_netravati,Mangalore,Karnataka,West Coast (Arabian Sea),12.8615,74.843,2.0,May 2018 Flash Flood (Western Ghats Runoff),2018-05-23T01:00,0.0,1004.2,5.2,10.1,0.213,0.196,0.07
mangalore_netravati,Mangalore,Karnataka,West Coast (Arabian Sea),12.8615,74.843,2.0,May 2018 Flash Flood (Western Ghats Runoff),2018-05-23T02:00,0.0,1005.2,6.5,14.8,0.213,0.196,0.07
mangalore_netravati,Mangalore,Karnataka,West Coast (Arabian Sea),12.8615,74.843,2.0,May 2018 Flash Flood (Western Ghats Runoff),2018-05-23T03:00,0.2,1005.9,9.7,20.9,0.214,0.196,0.07
mangalore_netravati,Mangalore,Karnataka,West Coast (Arabian Sea),12.8615,74.843,2.0,May 2018 Flash Flood (Western Ghats Runoff),2018-05-23T04:00,0.2,1006.4,12.2,27.0,0.214,0.196,0.07
mangalore_netravati,Mangalore,Karnataka,West Coast (Arabian Sea),12.8615,74.843,2.0,May 2018 Flash Flood (Western Ghats Runoff),2018-05-23T05:00,2.6,1006.8,8.5,29.5,0.243,0.196,0.07
mangalore_netravati,Mangalore,Karnataka,West Coast (Arabian Sea),12.8615,74.843,2.0,May 2018 Flash Flood (Western Ghats Runoff),2018-05-23T06:00,0.2,1006.3,14.8,31.3,0.242,0.196,0.07
mangalore_netravati,Mangalore,Karnataka,West Coast (Arabian Sea),12.8615,74.843,2.0,May 2018 Flash Flood (Western Ghats Runoff),2018-05-23T07:00,0.0,1005.6,15.3,33.8,0.239,0.196,0.07
mangalore_netravati,Mangalore,Karnataka,West Coast (Arabian Sea),12.8615,74.843,2.0,May 2018 Flash Flood (Western Ghats Runoff),2018-05-23T08:00,0.1,1004.8,17.6,39.2,0.236,0.195,0.07
mangalore_netravati,Mangalore,Karnataka,West Coast (Arabian Sea),12.8615,74.843,2.0,May 2018 Flash Flood (Western Ghats Runoff),2018-05-23T09:00,0.2,1004.0,16.3,37.4,0.234,0.195,0.07
mangalore_netravati,Mangalore,Karnataka,West Coast (Arabian Sea),12.8615,74.843,2.0,May 2018 Flash Flood (Western Ghats Runoff),2018-05-23T10:00,0.0,1002.8,18.6,37.8,0.231,0.194,0.071
mangalore_netravati,Mangalore,Karnataka,West Coast (Arabian Sea),12.8615,74.843,2.0,May 2018 Flash Flood (Western Ghats Runoff),2018-05-23T11:00,0.0,1002.2,17.3,39.2,0.229,0.194,0.071
mangalore_netravati,Mangalore,Karnataka,West Coast (Arabian Sea),12.8615,74.843,2.0,May 2018 Flash Flood (Western Ghats Runoff),2018-05-23T12:00,0.0,1002.1,18.4,35.3,0.252,0.202,0.071
mangalore_netravati,Mangalore,Karnataka,West Coast (Arabian Sea),12.8615,74.843,2.0,May 2018 Flash Flood (Western Ghats Runoff),2018-05-23T13:00,0.0,1002.4,15.6,35.3,0.249,0.202,0.071
mangalore_netravati,Mangalore,Karnataka,West Coast (Arabian Sea),12.8615,74.843,2.0,May 2018 Flash Flood (Western Ghats Runoff),2018-05-23T14:00,0.0,1003.1,13.3,29.9,0.247,0.202,0.071
mangalore_netravati,Mangalore,Karnataka,West Coast (Arabian Sea),12.8615,74.843,2.0,May 2018 Flash Flood (Western Ghats Runoff),2018-05-23T15:00,0.0,1004.2,12.4,25.2,0.245,0.203,0.071
mangalore_netravati,Mangalore,Karnataka,West Coast (Arabian Sea),12.8615,74.843,2.0,May 2018 Flash Flood (Western Ghats Runoff),2018-05-23T16:00,0.0,1004.9,9.2,23.4,0.244,0.203,0.071
mangalore_netravati,Mangalore,Karnataka,West Coast (Arabian Sea),12.8615,74.843,2.0,May 2018 Flash Flood (Western Ghats Runoff),2018-05-23T17:00,0.0,1005.2,5.2,17.3,0.242,0.203,0.071
mangalore_netravati,Mangalore,Karnataka,West Coast (Arabian Sea),12.8615,74.843,2.0,May 2018 Flash Flood (Western Ghats Runoff),2018-05-23T18:00,0.0,1004.9,4.3,9.7,0.241,0.204,0.071
mangalore_netravati,Mangalore,Karnataka,West Coast (Arabian Sea),12.8615,74.843,2.0,May 2018 Flash Flood (Western Ghats Runoff),2018-05-23T19:00,0.0,1004.4,4.0,6.8,0.24,0.204,0.071
mangalore_netravati,Mangalore,Karnataka,West Coast (Arabian Sea),12.8615,74.843,2.0,May 2018 Flash Flood (Western Ghats Runoff),2018-05-23T20:00,0.0,1003.9,3.7,7.9,0.239,0.204,0.071
mangalore_netravati,Mangalore,Karnataka,West Coast (Arabian Sea),12.8615,74.843,2.0,May 2018 Flash Flood (Western Ghats Runoff),2018-05-23T21:00,0.0,1003.4,6.5,11.5,0.238,0.204,0.071
mangalore_netravati,Mangalore,Karnataka,West Coast (Arabian Sea),12.8615,74.843,2.0,May 2018 Flash Flood (Western Ghats Runoff),2018-05-23T22:00,0.2,1003.2,9.4,19.1,0.238,0.204,0.071
mangalore_netravati,Mangalore,Karnataka,West Coast (Arabian Sea),12.8615,74.843,2.0,May 2018 Flash Flood (Western Ghats Runoff),2018-05-23T23:00,0.0,1003.0,7.1,17.3,0.237,0.205,0.071
mangalore_netravati,Mangalore,Karnataka,West Coast (Arabian Sea),12.8615,74.843,2.0,May 2018 Flash Flood (Western Ghats Runoff),2018-05-24T00:00,0.0,1001.7,7.0,13.0,0.233,0.205,0.069
mangalore_netravati,Mangalore,Karnataka,West Coast (Arabian Sea),12.8615,74.843,2.0,May 2018 Flash Flood (Western Ghats Runoff),2018-05-24T01:00,0.0,1002.3,7.0,13.7,0.232,0.205,0.069
mangalore_netravati,Mangalore,Karnataka,West Coast (Arabian Sea),12.8615,74.843,2.0,May 2018 Flash Flood (Western Ghats Runoff),2018-05-24T02:00,0.0,1003.6,9.9,19.1,0.231,0.205,0.069
mangalore_netravati,Mangalore,Karnataka,West Coast (Arabian Sea),12.8615,74.843,2.0,May 2018 Flash Flood (Western Ghats Runoff),2018-05-24T03:00,0.0,1004.3,13.0,27.4,0.229,0.205,0.069
mangalore_netravati,Mangalore,Karnataka,West Coast (Arabian Sea),12.8615,74.843,2.0,May 2018 Flash Flood (Western Ghats Runoff),2018-05-24T04:00,0.0,1005.1,15.8,33.1,0.227,0.204,0.069
mangalore_netravati,Mangalore,Karnataka,West Coast (Arabian Sea),12.8615,74.843,2.0,May 2018 Flash Flood (Western Ghats Runoff),2018-05-24T05:00,1.2,1005.4,19.1,38.9,0.236,0.203,0.069
mangalore_netravati,Mangalore,Karnataka,West Coast (Arabian Sea),12.8615,74.843,2.0,May 2018 Flash Flood (Western Ghats Runoff),2018-05-24T06:00,1.9,1005.3,17.7,39.2,0.254,0.204,0.069
mangalore_netravati,Mangalore,Karnataka,West Coast (Arabian Sea),12.8615,74.843,2.0,May 2018 Flash Flood (Western Ghats Runoff),2018-05-24T07:00,0.2,1004.4,19.5,40.3,0.251,0.204,0.069
mangalore_netravati,Mangalore,Karnataka,West Coast (Arabian Sea),12.8615,74.843,2.0,May 2018 Flash Flood (Western Ghats Runoff),2018-05-24T08:00,0.0,1003.4,22.2,46.4,0.247,0.203,0.069
mangalore_netravati,Mangalore,Karnataka,West Coast (Arabian Sea),12.8615,74.843,2.0,May 2018 Flash Flood (Western Ghats Runoff),2018-05-24T09:00,0.1,1002.0,22.2,46.4,0.244,0.203,0.069
mangalore_netravati,Mangalore,Karnataka,West Coast (Arabian Sea),12.8615,74.843,2.0,May 2018 Flash Flood (Western Ghats Runoff),2018-05-24T10:00,0.7,1001.3,18.9,45.4,0.246,0.203,0.069
mangalore_netravati,Mangalore,Karnataka,West Coast (Arabian Sea),12.8615,74.843,2.0,May 2018 Flash Flood (Western Ghats Runoff),2018-05-24T11:00,0.0,1001.0,23.3,45.7,0.244,0.203,0.069
mangalore_netravati,Mangalore,Karnataka,West Coast (Arabian Sea),12.8615,74.843,2.0,May 2018 Flash Flood (Western Ghats Runoff),2018-05-24T12:00,0.4,1001.5,18.4,47.5,0.247,0.204,0.069
mangalore_netravati,Mangalore,Karnataka,West Coast (Arabian Sea),12.8615,74.843,2.0,May 2018 Flash Flood (Western Ghats Runoff),2018-05-24T13:00,0.0,1002.0,20.2,38.2,0.245,0.204,0.069
mangalore_netravati,Mangalore,Karnataka,West Coast (Arabian Sea),12.8615,74.843,2.0,May 2018 Flash Flood (Western Ghats Runoff),2018-05-24T14:00,0.0,1002.9,19.0,38.5,0.243,0.204,0.069
mangalore_netravati,Mangalore,Karnataka,West Coast (Arabian Sea),12.8615,74.843,2.0,May 2018 Flash Flood (Western Ghats Runoff),2018-05-24T15:00,0.0,1003.6,15.9,35.6,0.242,0.204,0.069
mangalore_netravati,Mangalore,Karnataka,West Coast (Arabian Sea),12.8615,74.843,2.0,May 2018 Flash Flood (Western Ghats Runoff),2018-05-24T16:00,0.0,1004.3,13.4,30.2,0.24,0.205,0.069
mangalore_netravati,Mangalore,Karnataka,West Coast (Arabian Sea),12.8615,74.843,2.0,May 2018 Flash Flood (Western Ghats Runoff),2018-05-24T17:00,0.0,1004.3,14.0,26.3,0.239,0.205,0.069
mangalore_netravati,Mangalore,Karnataka,West Coast (Arabian Sea),12.8615,74.843,2.0,May 2018 Flash Flood (Western Ghats Runoff),2018-05-24T18:00,0.0,1004.1,14.8,28.1,0.238,0.205,0.069
mangalore_netravati,Mangalore,Karnataka,West Coast (Arabian Sea),12.8615,74.843,2.0,May 2018 Flash Flood (Western Ghats Runoff),2018-05-24T19:00,0.0,1003.7,16.1,30.6,0.237,0.205,0.069
mangalore_netravati,Mangalore,Karnataka,West Coast (Arabian Sea),12.8615,74.843,2.0,May 2018 Flash Flood (Western Ghats Runoff),2018-05-24T20:00,0.0,1002.8,15.0,30.6,0.236,0.205,0.069
mangalore_netravati,Mangalore,Karnataka,West Coast (Arabian Sea),12.8615,74.843,2.0,May 2018 Flash Flood (Western Ghats Runoff),2018-05-24T21:00,0.0,1002.0,13.6,28.4,0.235,0.205,0.069
mangalore_netravati,Mangalore,Karnataka,West Coast (Arabian Sea),12.8615,74.843,2.0,May 2018 Flash Flood (Western Ghats Runoff),2018-05-24T22:00,0.0,1001.6,14.3,26.6,0.234,0.206,0.069
mangalore_netravati,Mangalore,Karnataka,West Coast (Arabian Sea),12.8615,74.843,2.0,May 2018 Flash Flood (Western Ghats Runoff),2018-05-24T23:00,0.0,1001.3,15.2,29.9,0.233,0.206,0.069
mangalore_netravati,Mangalore,Karnataka,West Coast (Arabian Sea),12.8615,74.843,2.0,May 2018 Flash Flood (Western Ghats Runoff),2018-05-25T00:00,0.0,1001.4,4.8,28.8,0.236,0.206,0.07
mangalore_netravati,Mangalore,Karnataka,West Coast (Arabian Sea),12.8615,74.843,2.0,May 2018 Flash Flood (Western Ghats Runoff),2018-05-25T01:00,0.0,1001.7,3.6,9.4,0.235,0.206,0.07
mangalore_netravati,Mangalore,Karnataka,West Coast (Arabian Sea),12.8615,74.843,2.0,May 2018 Flash Flood (Western Ghats Runoff),2018-05-25T02:00,0.0,1002.8,8.0,15.5,0.234,0.206,0.07
mangalore_netravati,Mangalore,Karnataka,West Coast (Arabian Sea),12.8615,74.843,2.0,May 2018 Flash Flood (Western Ghats Runoff),2018-05-25T03:00,0.0,1003.5,11.9,25.2,0.232,0.206,0.07
mangalore_netravati,Mangalore,Karnataka,West Coast (Arabian Sea),12.8615,74.843,2.0,May 2018 Flash Flood (Western Ghats Runoff),2018-05-25T04:00,0.0,1004.1,15.7,30.6,0.23,0.205,0.07
mangalore_netravati,Mangalore,Karnataka,West Coast (Arabian Sea),12.8615,74.843,2.0,May 2018 Flash Flood (Western Ghats Runoff),2018-05-25T05:00,0.1,1004.0,21.2,44.6,0.228,0.205,0.07
mangalore_netravati,Mangalore,Karnataka,West Coast (Arabian Sea),12.8615,74.843,2.0,May 2018 Flash Flood (Western Ghats Runoff),2018-05-25T06:00,4.4,1003.9,23.2,46.4,0.277,0.205,0.07
mangalore_netravati,Mangalore,Karnataka,West Coast (Arabian Sea),12.8615,74.843,2.0,May 2018 Flash Flood (Western Ghats Runoff),2018-05-25T07:00,2.4,1002.9,24.3,49.7,0.295,0.207,0.07
mangalore_netravati,Mangalore,Karnataka,West Coast (Arabian Sea),12.8615,74.843,2.0,May 2018 Flash Flood (Western Ghats Runoff),2018-05-25T08:00,0.1,1001.8,25.3,52.2,0.285,0.209,0.07
mangalore_netravati,Mangalore,Karnataka,West Coast (Arabian Sea),12.8615,74.843,2.0,May 2018 Flash Flood (Western Ghats Runoff),2018-05-25T09:00,0.1,1000.8,25.4,52.2,0.278,0.21,0.07
mangalore_netravati,Mangalore,Karnataka,West Coast (Arabian Sea),12.8615,74.843,2.0,May 2018 Flash Flood (Western Ghats Runoff),2018-05-25T10:00,0.5,1000.6,19.8,51.1,0.276,0.211,0.07
mangalore_netravati,Mangalore,Karnataka,West Coast (Arabian Sea),12.8615,74.843,2.0,May 2018 Flash Flood (Western Ghats Runoff),2018-05-25T11:00,8.7,1001.1,17.0,39.6,0.355,0.224,0.07
mangalore_netravati,Mangalore,Karnataka,West Coast (Arabian Sea),12.8615,74.843,2.0,May 2018 Flash Flood (Western Ghats Runoff),2018-05-25T12:00,8.5,1001.2,15.6,33.1,0.319,0.238,0.07
mangalore_netravati,Mangalore,Karnataka,West Coast (Arabian Sea),12.8615,74.843,2.0,May 2018 Flash Flood (Western Ghats Runoff),2018-05-25T13:00,0.4,1001.7,12.7,29.5,0.308,0.242,0.07
mangalore_netravati,Mangalore,Karnataka,West Coast (Arabian Sea),12.8615,74.843,2.0,May 2018 Flash Flood (Western Ghats Runoff),2018-05-25T14:00,0.2,1002.4,13.6,24.1,0.3,0.245,0.071
mangalore_netravati,Mangalore,Karnataka,West Coast (Arabian Sea),12.8615,74.843,2.0,May 2018 Flash Flood (Western Ghats Runoff),2018-05-25T15:00,0.0,1003.6,17.1,31.3,0.293,0.246,0.071
mangalore_netravati,Mangalore,Karnataka,West Coast (Arabian Sea),12.8615,74.843,2.0,May 2018 Flash Flood (Western Ghats Runoff),2018-05-25T16:00,0.2,1004.1,17.9,34.9,0.289,0.248,0.071
mangalore_netravati,Mangalore,Karnataka,West Coast (Arabian Sea),12.8615,74.843,2.0,May 2018 Flash Flood (Western Ghats Runoff),2018-05-25T17:00,0.4,1004.1,17.7,34.6,0.287,0.249,0.071
mangalore_netravati,Mangalore,Karnataka,West Coast (Arabian Sea),12.8615,74.843,2.0,May 2018 Flash Flood (Western Ghats Runoff),2018-05-25T18:00,0.0,1003.8,15.8,34.6,0.283,0.249,0.071
mangalore_netravati,Mangalore,Karnataka,West Coast (Arabian Sea),12.8615,74.843,2.0,May 2018 Flash Flood (Western Ghats Runoff),2018-05-25T19:00,0.1,1003.0,14.8,29.9,0.281,0.25,0.072
mangalore_netravati,Mangalore,Karnataka,West Coast (Arabian Sea),12.8615,74.843,2.0,May 2018 Flash Flood (Western Ghats Runoff),2018-05-25T20:00,0.2,1002.0,17.4,31.3,0.279,0.25,0.072
mangalore_netravati,Mangalore,Karnataka,West Coast (Arabian Sea),12.8615,74.843,2.0,May 2018 Flash Flood (Western Ghats Runoff),2018-05-25T21:00,0.2,1001.4,19.3,36.0,0.278,0.25,0.072
mangalore_netravati,Mangalore,Karnataka,West Coast (Arabian Sea),12.8615,74.843,2.0,May 2018 Flash Flood (Western Ghats Runoff),2018-05-25T22:00,0.4,1001.2,19.2,37.4,0.277,0.25,0.072
mangalore_netravati,Mangalore,Karnataka,West Coast (Arabian Sea),12.8615,74.843,2.0,May 2018 Flash Flood (Western Ghats Runoff),2018-05-25T23:00,0.3,1001.0,19.9,37.8,0.277,0.251,0.072
mangalore_netravati,Mangalore,Karnataka,West Coast (Arabian Sea),12.8615,74.843,2.0,May 2018 Flash Flood (Western Ghats Runoff),2018-05-26T00:00,0.0,1001.8,13.3,38.2,0.291,0.273,0.074
mangalore_netravati,Mangalore,Karnataka,West Coast (Arabian Sea),12.8615,74.843,2.0,May 2018 Flash Flood (Western Ghats Runoff),2018-05-26T01:00,0.0,1002.1,16.1,29.9,0.288,0.272,0.074
mangalore_netravati,Mangalore,Karnataka,West Coast (Arabian Sea),12.8615,74.843,2.0,May 2018 Flash Flood (Western Ghats Runoff),2018-05-26T02:00,0.0,1002.6,15.3,30.2,0.285,0.272,0.075
mangalore_netravati,Mangalore,Karnataka,West Coast (Arabian Sea),12.8615,74.843,2.0,May 2018 Flash Flood (Western Ghats Runoff),2018-05-26T03:00,0.1,1003.0,15.0,29.5,0.284,0.271,0.075
mangalore_netravati,Mangalore,Karnataka,West Coast (Arabian Sea),12.8615,74.843,2.0,May 2018 Flash Flood (Western Ghats Runoff),2018-05-26T04:00,0.1,1003.2,18.7,36.0,0.282,0.27,0.075
mangalore_netravati,Mangalore,Karnataka,West Coast (Arabian Sea),12.8615,74.843,2.0,May 2018 Flash Flood (Western Ghats Runoff),2018-05-26T05:00,0.0,1003.3,17.7,37.1,0.279,0.269,0.076
mangalore_netravati,Mangalore,Karnataka,West Coast (Arabian Sea),12.8615,74.843,2.0,May 2018 Flash Flood (Western Ghats Runoff),2018-05-26T06:00,0.0,1003.3,17.7,36.7,0.277,0.268,0.076
mangalore_netravati,Mangalore,Karnataka,West Coast (Arabian Sea),12.8615,74.843,2.0,May 2018 Flash Flood (Western Ghats Runoff),2018-05-26T07:00,0.3,1002.5,19.2,38.5,0.277,0.268,0.076
mangalore_netravati,Mangalore,Karnataka,West Coast (Arabian Sea),12.8615,74.843,2.0,May 2018 Flash Flood (Western Ghats Runoff),2018-05-26T08:00,0.1,1001.3,21.0,42.8,0.276,0.266,0.077
mangalore_netravati,Mangalore,Karnataka,West Coast (Arabian Sea),12.8615,74.843,2.0,May 2018 Flash Flood (Western Ghats Runoff),2018-05-26T09:00,0.1,1000.3,24.1,48.6,0.273,0.265,0.077
mangalore_netravati,Mangalore,Karnataka,West Coast (Arabian Sea),12.8615,74.843,2.0,May 2018 Flash Flood (Western Ghats Runoff),2018-05-26T10:00,0.0,999.8,22.1,48.6,0.271,0.264,0.077
mangalore_netravati,Mangalore,Karnataka,West Coast (Arabian Sea),12.8615,74.843,2.0,May 2018 Flash Flood (Western Ghats Runoff),2018-05-26T11:00,0.1,999.5,16.6,44.3,0.269,0.263,0.078
mangalore_netravati,Mangalore,Karnataka,West Coast (Arabian Sea),12.8615,74.843,2.0,May 2018 Flash Flood (Western Ghats Runoff),2018-05-26T12:00,0.3,999.6,21.4,35.6,0.269,0.259,0.077
mangalore_netravati,Mangalore,Karnataka,West Coast (Arabian Sea),12.8615,74.843,2.0,May 2018 Flash Flood (Western Ghats Runoff),2018-05-26T13:00,0.0,1000.2,16.6,41.4,0.268,0.259,0.078
mangalore_netravati,Mangalore,Karnataka,West Coast (Arabian Sea),12.8615,74.843,2.0,May 2018 Flash Flood (Western Ghats Runoff),2018-05-26T14:00,0.1,1000.7,16.4,31.3,0.267,0.258,0.078
mangalore_netravati,Mangalore,Karnataka,West Coast (Arabian Sea),12.8615,74.843,2.0,May 2018 Flash Flood (Western Ghats Runoff),2018-05-26T15:00,0.0,1001.1,17.8,34.6,0.266,0.258,0.078
mangalore_netravati,Mangalore,Karnataka,West Coast (Arabian Sea),12.8615,74.843,2.0,May 2018 Flash Flood (Western Ghats Runoff),2018-05-26T16:00,0.0,1002.2,12.9,33.5,0.265,0.257,0.078
mangalore_netravati,Mangalore,Karnataka,West Coast (Arabian Sea),12.8615,74.843,2.0,May 2018 Flash Flood (Western Ghats Runoff),2018-05-26T17:00,0.0,1002.4,10.5,24.5,0.264,0.256,0.079
mangalore_netravati,Mangalore,Karnataka,West Coast (Arabian Sea),12.8615,74.843,2.0,May 2018 Flash Flood (Western Ghats Runoff),2018-05-26T18:00,0.0,1002.6,11.2,22.3,0.263,0.256,0.079
mangalore_netravati,Mangalore,Karnataka,West Coast (Arabian Sea),12.8615,74.843,2.0,May 2018 Flash Flood (Western Ghats Runoff),2018-05-26T19:00,0.2,1002.3,8.8,21.2,0.264,0.255,0.079
mangalore_netravati,Mangalore,Karnataka,West Coast (Arabian Sea),12.8615,74.843,2.0,May 2018 Flash Flood (Western Ghats Runoff),2018-05-26T20:00,0.2,1001.4,10.1,18.4,0.265,0.255,0.079
mangalore_netravati,Mangalore,Karnataka,West Coast (Arabian Sea),12.8615,74.843,2.0,May 2018 Flash Flood (Western Ghats Runoff),2018-05-26T21:00,0.1,1000.2,10.2,20.9,0.265,0.255,0.08
mangalore_netravati,Mangalore,Karnataka,West Coast (Arabian Sea),12.8615,74.843,2.0,May 2018 Flash Flood (Western Ghats Runoff),2018-05-26T22:00,2.0,999.9,4.1,18.7,0.29,0.254,0.08
mangalore_netravati,Mangalore,Karnataka,West Coast (Arabian Sea),12.8615,74.843,2.0,May 2018 Flash Flood (Western Ghats Runoff),2018-05-26T23:00,11.4,1000.6,4.7,7.6,0.37,0.28,0.08
mangalore_netravati,Mangalore,Karnataka,West Coast (Arabian Sea),12.8615,74.843,2.0,May 2018 Flash Flood (Western Ghats Runoff),2018-05-27T00:00,13.1,1000.2,3.8,27.0,0.357,0.305,0.086
mangalore_netravati,Mangalore,Karnataka,West Coast (Arabian Sea),12.8615,74.843,2.0,May 2018 Flash Flood (Western Ghats Runoff),2018-05-27T01:00,0.4,1001.1,1.8,5.4,0.338,0.309,0.087
mangalore_netravati,Mangalore,Karnataka,West Coast (Arabian Sea),12.8615,74.843,2.0,May 2018 Flash Flood (Western Ghats Runoff),2018-05-27T02:00,0.2,1001.6,7.8,14.8,0.327,0.309,0.089
mangalore_netravati,Mangalore,Karnataka,West Coast (Arabian Sea),12.8615,74.843,2.0,May 2018 Flash Flood (Western Ghats Runoff),2018-05-27T03:00,0.0,1002.0,8.2,16.9,0.319,0.308,0.09
mangalore_netravati,Mangalore,Karnataka,West Coast (Arabian Sea),12.8615,74.843,2.0,May 2018 Flash Flood (Western Ghats Runoff),2018-05-27T04:00,0.0,1003.0,1.9,17.3,0.314,0.306,0.091
mangalore_netravati,Mangalore,Karnataka,West Coast (Arabian Sea),12.8615,74.843,2.0,May 2018 Flash Flood (Western Ghats Runoff),2018-05-27T05:00,0.0,1003.3,3.0,12.2,0.309,0.304,0.092
mangalore_netravati,Mangalore,Karnataka,West Coast (Arabian Sea),12.8615,74.843,2.0,May 2018 Flash Flood (Western Ghats Runoff),2018-05-27T06:00,0.0,1002.6,1.1,12.2,0.304,0.301,0.093
mangalore_netravati,Mangalore,Karnataka,West Coast (Arabian Sea),12.8615,74.843,2.0,May 2018 Flash Flood (Western Ghats Runoff),2018-05-27T07:00,0.0,1001.6,6.1,18.0,0.299,0.298,0.094
mangalore_netravati,Mangalore,Karnataka,West Coast (Arabian Sea),12.8615,74.843,2.0,May 2018 Flash Flood (Western Ghats Runoff),2018-05-27T08:00,0.0,1000.2,8.7,23.8,0.295,0.295,0.094
mangalore_netravati,Mangalore,Karnataka,West Coast (Arabian Sea),12.8615,74.843,2.0,May 2018 Flash Flood (Western Ghats Runoff),2018-05-27T09:00,0.0,999.3,8.1,22.7,0.29,0.292,0.095
mangalore_netravati,Mangalore,Karnataka,West Coast (Arabian Sea),12.8615,74.843,2.0,May 2018 Flash Flood (Western Ghats Runoff),2018-05-27T10:00,2.3,999.0,7.1,30.2,0.312,0.29,0.096
mangalore_netravati,Mangalore,Karnataka,West Coast (Arabian Sea),12.8615,74.843,2.0,May 2018 Flash Flood (Western Ghats Runoff),2018-05-27T11:00,0.8,998.7,6.6,24.1,0.314,0.291,0.096
mangalore_netravati,Mangalore,Karnataka,West Coast (Arabian Sea),12.8615,74.843,2.0,May 2018 Flash Flood (Western Ghats Runoff),2018-05-27T12:00,0.5,999.3,9.0,15.1,0.308,0.299,0.106
mangalore_netravati,Mangalore,Karnataka,West Coast (Arabian Sea),12.8615,74.843,2.0,May 2018 Flash Flood (Western Ghats Runoff),2018-05-27T13:00,2.7,1000.1,10.5,19.8,0.335,0.299,0.107
mangalore_netravati,Mangalore,Karnataka,West Coast (Arabian Sea),12.8615,74.843,2.0,May 2018 Flash Flood (Western Ghats Runoff),2018-05-27T14:00,3.0,1001.3,3.4,18.7,0.351,0.304,0.108
mangalore_netravati,Mangalore,Karnataka,West Coast (Arabian Sea),12.8615,74.843,2.0,May 2018 Flash Flood (Western Ghats Runoff),2018-05-27T15:00,5.3,1002.5,5.8,9.7,0.376,0.317,0.109
mangalore_netravati,Mangalore,Karnataka,West Coast (Arabian Sea),12.8615,74.843,2.0,May 2018 Flash Flood (Western Ghats Runoff),2018-05-27T16:00,4.0,1003.5,9.4,18.0,0.359,0.335,0.111
mangalore_netravati,Mangalore,Karnataka,West Coast (Arabian Sea),12.8615,74.843,2.0,May 2018 Flash Flood (Western Ghats Runoff),2018-05-27T17:00,2.7,1003.9,12.0,34.6,0.37,0.336,0.113
mangalore_netravati,Mangalore,Karnataka,West Coast (Arabian Sea),12.8615,74.843,2.0,May 2018 Flash Flood (Western Ghats Runoff),2018-05-27T18:00,2.8,1003.0,9.9,36.7,0.359,0.343,0.116
mangalore_netravati,Mangalore,Karnataka,West Coast (Arabian Sea),12.8615,74.843,2.0,May 2018 Flash Flood (Western Ghats Runoff),2018-05-27T19:00,0.9,1002.2,10.6,26.6,0.352,0.339,0.119
mangalore_netravati,Mangalore,Karnataka,West Coast (Arabian Sea),12.8615,74.843,2.0,May 2018 Flash Flood (Western Ghats Runoff),2018-05-27T20:00,4.8,1001.4,6.3,31.7,0.381,0.343,0.121
mangalore_netravati,Mangalore,Karnataka,West Coast (Arabian Sea),12.8615,74.843,2.0,May 2018 Flash Flood (Western Ghats Runoff),2018-05-27T21:00,0.3,999.8,11.3,23.4,0.351,0.344,0.125
mangalore_netravati,Mangalore,Karnataka,West Coast (Arabian Sea),12.8615,74.843,2.0,May 2018 Flash Flood (Western Ghats Runoff),2018-05-27T22:00,1.5,999.6,6.9,22.0,0.358,0.339,0.127
mangalore_netravati,Mangalore,Karnataka,West Coast (Arabian Sea),12.8615,74.843,2.0,May 2018 Flash Flood (Western Ghats Runoff),2018-05-27T23:00,7.4,999.5,5.1,22.0,0.381,0.355,0.131
mangalore_netravati,Mangalore,Karnataka,West Coast (Arabian Sea),12.8615,74.843,2.0,May 2018 Flash Flood (Western Ghats Runoff),2018-05-28T00:00,1.0,1000.7,6.8,21.2,0.373,0.369,0.174
mangalore_netravati,Mangalore,Karnataka,West Coast (Arabian Sea),12.8615,74.843,2.0,May 2018 Flash Flood (Western Ghats Runoff),2018-05-28T01:00,0.2,1001.2,3.2,13.7,0.354,0.358,0.179
mangalore_netravati,Mangalore,Karnataka,West Coast (Arabian Sea),12.8615,74.843,2.0,May 2018 Flash Flood (Western Ghats Runoff),2018-05-28T02:00,0.1,1001.8,6.9,14.4,0.342,0.35,0.183
mangalore_netravati,Mangalore,Karnataka,West Coast (Arabian Sea),12.8615,74.843,2.0,May 2018 Flash Flood (Western Ghats Runoff),2018-05-28T03:00,0.0,1002.3,4.4,15.5,0.333,0.343,0.186
mangalore_netravati,Mangalore,Karnataka,West Coast (Arabian Sea),12.8615,74.843,2.0,May 2018 Flash Flood (Western Ghats Runoff),2018-05-28T04:00,0.0,1002.7,1.1,12.6,0.327,0.338,0.188
mangalore_netravati,Mangalore,Karnataka,West Coast (Arabian Sea),12.8615,74.843,2.0,May 2018 Flash Flood (Western Ghats Runoff),2018-05-28T05:00,0.0,1002.8,6.1,16.6,0.321,0.333,0.19
mangalore_netravati,Mangalore,Karnataka,West Coast (Arabian Sea),12.8615,74.843,2.0,May 2018 Flash Flood (Western Ghats Runoff),2018-05-28T06:00,0.1,1002.6,10.0,27.0,0.316,0.328,0.191
mangalore_netravati,Mangalore,Karnataka,West Coast (Arabian Sea),12.8615,74.843,2.0,May 2018 Flash Flood (Western Ghats Runoff),2018-05-28T07:00,0.2,1001.8,9.5,27.0,0.312,0.324,0.192
mangalore_netravati,Mangalore,Karnataka,West Coast (Arabian Sea),12.8615,74.843,2.0,May 2018 Flash Flood (Western Ghats Runoff),2018-05-28T08:00,0.3,1001.0,7.6,25.9,0.31,0.32,0.193
mangalore_netravati,Mangalore,Karnataka,West Coast (Arabian Sea),12.8615,74.843,2.0,May 2018 Flash Flood (Western Ghats Runoff),2018-05-28T09:00,1.3,1000.1,10.4,25.2,0.317,0.318,0.194
mangalore_netravati,Mangalore,Karnataka,West Coast (Arabian Sea),12.8615,74.843,2.0,May 2018 Flash Flood (Western Ghats Runoff),2018-05-28T10:00,0.5,999.5,8.7,23.8,0.316,0.316,0.195
mangalore_netravati,Mangalore,Karnataka,West Coast (Arabian Sea),12.8615,74.843,2.0,May 2018 Flash Flood (Western Ghats Runoff),2018-05-28T11:00,0.1,999.0,5.2,19.4,0.313,0.314,0.196
mangalore_netravati,Mangalore,Karnataka,West Coast (Arabian Sea),12.8615,74.843,2.0,May 2018 Flash Flood (Western Ghats Runoff),2018-05-28T12:00,0.0,999.0,6.7,12.6,0.336,0.324,0.199
mangalore_netravati,Mangalore,Karnataka,West Coast (Arabian Sea),12.8615,74.843,2.0,May 2018 Flash Flood (Western Ghats Runoff),2018-05-28T13:00,1.2,999.2,6.4,13.3,0.34,0.324,0.2
mangalore_netravati,Mangalore,Karnataka,West Coast (Arabian Sea),12.8615,74.843,2.0,May 2018 Flash Flood (Western Ghats Runoff),2018-05-28T14:00,0.3,1000.2,3.3,15.8,0.332,0.323,0.201
mangalore_netravati,Mangalore,Karnataka,West Coast (Arabian Sea),12.8615,74.843,2.0,May 2018 Flash Flood (Western Ghats Runoff),2018-05-28T15:00,0.3,1001.2,7.9,20.5,0.328,0.322,0.202
mangalore_netravati,Mangalore,Karnataka,West Coast (Arabian Sea),12.8615,74.843,2.0,May 2018 Flash Flood (Western Ghats Runoff),2018-05-28T16:00,0.6,1001.6,10.8,23.4,0.329,0.321,0.203
mangalore_netravati,Mangalore,Karnataka,West Coast (Arabian Sea),12.8615,74.843,2.0,May 2018 Flash Flood (Western Ghats Runoff),2018-05-28T17:00,2.6,1002.0,7.3,22.7,0.35,0.322,0.205
mangalore_netravati,Mangalore,Karnataka,West Coast (Arabian Sea),12.8615,74.843,2.0,May 2018 Flash Flood (Western Ghats Runoff),2018-05-28T18:00,0.1,1001.8,7.6,16.2,0.336,0.324,0.206
mangalore_netravati,Mangalore,Karnataka,West Coast (Arabian Sea),12.8615,74.843,2.0,May 2018 Flash Flood (Western Ghats Runoff),2018-05-28T19:00,1.1,1001.8,4.6,14.0,0.341,0.323,0.207
mangalore_netravati,Mangalore,Karnataka,West Coast (Arabian Sea),12.8615,74.843,2.0,May 2018 Flash Flood (Western Ghats Runoff),2018-05-28T20:00,3.0,1000.9,5.7,11.2,0.358,0.328,0.208
mangalore_netravati,Mangalore,Karnataka,West Coast (Arabian Sea),12.8615,74.843,2.0,May 2018 Flash Flood (Western Ghats Runoff),2018-05-28T21:00,0.2,1000.1,4.0,10.8,0.341,0.33,0.209
mangalore_netravati,Mangalore,Karnataka,West Coast (Arabian Sea),12.8615,74.843,2.0,May 2018 Flash Flood (Western Ghats Runoff),2018-05-28T22:00,0.5,999.6,11.4,21.6,0.338,0.329,0.211
mangalore_netravati,Mangalore,Karnataka,West Coast (Arabian Sea),12.8615,74.843,2.0,May 2018 Flash Flood (Western Ghats Runoff),2018-05-28T23:00,1.4,999.6,12.1,21.2,0.344,0.329,0.212
mangalore_netravati,Mangalore,Karnataka,West Coast (Arabian Sea),12.8615,74.843,2.0,May 2018 Flash Flood (Western Ghats Runoff),2018-05-29T00:00,0.3,1000.9,13.0,34.2,0.37,0.372,0.246
mangalore_netravati,Mangalore,Karnataka,West Coast (Arabian Sea),12.8615,74.843,2.0,May 2018 Flash Flood (Western Ghats Runoff),2018-05-29T01:00,1.6,1002.2,20.3,38.5,0.365,0.364,0.251
mangalore_netravati,Mangalore,Karnataka,West Coast (Arabian Sea),12.8615,74.843,2.0,May 2018 Flash Flood (Western Ghats Runoff),2018-05-29T02:00,1.0,1002.0,18.9,38.5,0.357,0.359,0.254
mangalore_netravati,Mangalore,Karnataka,West Coast (Arabian Sea),12.8615,74.843,2.0,May 2018 Flash Flood (Western Ghats Runoff),2018-05-29T03:00,0.0,1002.3,20.2,40.0,0.343,0.353,0.257
mangalore_netravati,Mangalore,Karnataka,West Coast (Arabian Sea),12.8615,74.843,2.0,May 2018 Flash Flood (Western Ghats Runoff),2018-05-29T04:00,0.5,1003.1,16.9,37.4,0.338,0.348,0.259
mangalore_netravati,Mangalore,Karnataka,West Coast (Arabian Sea),12.8615,74.843,2.0,May 2018 Flash Flood (Western Ghats Runoff),2018-05-29T05:00,0.8,1003.1,16.7,37.4,0.336,0.344,0.261
mangalore_netravati,Mangalore,Karnataka,West Coast (Arabian Sea),12.8615,74.843,2.0,May 2018 Flash Flood (Western Ghats Runoff),2018-05-29T06:00,1.5,1002.8,14.0,37.1,0.342,0.342,0.263
mangalore_netravati,Mangalore,Karnataka,West Coast (Arabian Sea),12.8615,74.843,2.0,May 2018 Flash Flood (Western Ghats Runoff),2018-05-29T07:00,4.7,1002.3,10.2,28.4,0.381,0.344,0.264
mangalore_netravati,Mangalore,Karnataka,West Coast (Arabian Sea),12.8615,74.843,2.0,May 2018 Flash Flood (Western Ghats Runoff),2018-05-29T08:00,1.6,1001.6,13.3,25.2,0.357,0.352,0.266
mangalore_netravati,Mangalore,Karnataka,West Coast (Arabian Sea),12.8615,74.843,2.0,May 2018 Flash Flood (Western Ghats Runoff),2018-05-29T09:00,0.3,1001.0,11.3,28.1,0.346,0.349,0.269
mangalore_netravati,Mangalore,Karnataka,West Coast (Arabian Sea),12.8615,74.843,2.0,May 2018 Flash Flood (Western Ghats Runoff),2018-05-29T10:00,3.5,1000.1,15.4,32.4,0.37,0.349,0.27
mangalore_netravati,Mangalore,Karnataka,West Coast (Arabian Sea),12.8615,74.843,2.0,May 2018 Flash Flood (Western Ghats Runoff),2018-05-29T11:00,6.5,1000.2,25.9,50.4,0.39,0.363,0.273
mangalore_netravati,Mangalore,Karnataka,West Coast (Arabian Sea),12.8615,74.843,2.0,May 2018 Flash Flood (Western Ghats Runoff),2018-05-29T12:00,15.2,1001.0,22.1,51.1,0.4,0.394,0.319
mangalore_netravati,Mangalore,Karnataka,West Coast (Arabian Sea),12.8615,74.843,2.0,May 2018 Flash Flood (Western Ghats Runoff),2018-05-29T13:00,2.3,1001.5,12.8,60.8,0.367,0.382,0.328
mangalore_netravati,Mangalore,Karnataka,West Coast (Arabian Sea),12.8615,74.843,2.0,May 2018 Flash Flood (Western Ghats Runoff),2018-05-29T14:00,0.5,1002.1,12.0,27.0,0.353,0.372,0.332
mangalore_netravati,Mangalore,Karnataka,West Coast (Arabian Sea),12.8615,74.843,2.0,May 2018 Flash Flood (Western Ghats Runoff),2018-05-29T15:00,0.8,1003.0,7.6,39.2,0.35,0.366,0.334
mangalore_netravati,Mangalore,Karnataka,West Coast (Arabian Sea),12.8615,74.843,2.0,May 2018 Flash Flood (Western Ghats Runoff),2018-05-29T16:00,1.5,1003.9,8.7,36.4,0.355,0.362,0.336
mangalore_netravati,Mangalore,Karnataka,West Coast (Arabian Sea),12.8615,74.843,2.0,May 2018 Flash Flood (Western Ghats Runoff),2018-05-29T17:00,3.0,1004.2,12.5,40.7,0.374,0.362,0.337
mangalore_netravati,Mangalore,Karnataka,West Coast (Arabian Sea),12.8615,74.843,2.0,May 2018 Flash Flood (Western Ghats Runoff),2018-05-29T18:00,2.3,1004.3,14.6,40.0,0.371,0.365,0.338
mangalore_netravati,Mangalore,Karnataka,West Coast (Arabian Sea),12.8615,74.843,2.0,May 2018 Flash Flood (Western Ghats Runoff),2018-05-29T19:00,3.1,1003.7,11.1,39.6,0.376,0.368,0.339
mangalore_netravati,Mangalore,Karnataka,West Coast (Arabian Sea),12.8615,74.843,2.0,May 2018 Flash Flood (Western Ghats Runoff),2018-05-29T20:00,4.7,1003.0,12.1,34.6,0.384,0.375,0.342
mangalore_netravati,Mangalore,Karnataka,West Coast (Arabian Sea),12.8615,74.843,2.0,May 2018 Flash Flood (Western Ghats Runoff),2018-05-29T21:00,4.1,1002.4,11.5,29.5,0.383,0.379,0.345
mangalore_netravati,Mangalore,Karnataka,West Coast (Arabian Sea),12.8615,74.843,2.0,May 2018 Flash Flood (Western Ghats Runoff),2018-05-29T22:00,2.6,1001.9,12.5,29.5,0.376,0.377,0.348
mangalore_netravati,Mangalore,Karnataka,West Coast (Arabian Sea),12.8615,74.843,2.0,May 2018 Flash Flood (Western Ghats Runoff),2018-05-29T23:00,1.3,1001.7,11.2,25.9,0.364,0.373,0.35
mangalore_netravati,Mangalore,Karnataka,West Coast (Arabian Sea),12.8615,74.843,2.0,May 2018 Flash Flood (Western Ghats Runoff),2018-05-30T00:00,0.8,1001.2,7.6,20.9,0.343,0.357,0.376
mangalore_netravati,Mangalore,Karnataka,West Coast (Arabian Sea),12.8615,74.843,2.0,May 2018 Flash Flood (Western Ghats Runoff),2018-05-30T01:00,0.1,1001.9,7.3,15.5,0.336,0.351,0.374
mangalore_netravati,Mangalore,Karnataka,West Coast (Arabian Sea),12.8615,74.843,2.0,May 2018 Flash Flood (Western Ghats Runoff),2018-05-30T02:00,0.2,1002.6,9.0,15.8,0.331,0.345,0.372
mangalore_netravati,Mangalore,Karnataka,West Coast (Arabian Sea),12.8615,74.843,2.0,May 2018 Flash Flood (Western Ghats Runoff),2018-05-30T03:00,0.0,1003.5,10.9,21.2,0.325,0.34,0.37
mangalore_netravati,Mangalore,Karnataka,West Coast (Arabian Sea),12.8615,74.843,2.0,May 2018 Flash Flood (Western Ghats Runoff),2018-05-30T04:00,0.0,1004.6,14.8,28.4,0.32,0.334,0.368
mangalore_netravati,Mangalore,Karnataka,West Coast (Arabian Sea),12.8615,74.843,2.0,May 2018 Flash Flood (Western Ghats Runoff),2018-05-30T05:00,0.1,1004.5,18.7,38.2,0.316,0.329,0.366
mangalore_netravati,Mangalore,Karnataka,West Coast (Arabian Sea),12.8615,74.843,2.0,May 2018 Flash Flood (Western Ghats Runoff),2018-05-30T06:00,0.1,1004.5,17.1,41.4,0.312,0.325,0.365
mangalore_netravati,Mangalore,Karnataka,West Coast (Arabian Sea),12.8615,74.843,2.0,May 2018 Flash Flood (Western Ghats Runoff),2018-05-30T07:00,0.0,1003.9,16.8,36.4,0.308,0.32,0.363
mangalore_netravati,Mangalore,Karnataka,West Coast (Arabian Sea),12.8615,74.843,2.0,May 2018 Flash Flood (Western Ghats Runoff),2018-05-30T08:00,0.0,1003.0,16.4,35.6,0.304,0.316,0.361
mangalore_netravati,Mangalore,Karnataka,West Coast (Arabian Sea),12.8615,74.843,2.0,May 2018 Flash Flood (Western Ghats Runoff),2018-05-30T09:00,0.0,1002.3,15.5,35.3,0.3,0.312,0.36
mangalore_netravati,Mangalore,Karnataka,West Coast (Arabian Sea),12.8615,74.843,2.0,May 2018 Flash Flood (Western Ghats Runoff),2018-05-30T10:00,0.1,1002.0,12.7,33.8,0.298,0.309,0.358
mangalore_netravati,Mangalore,Karnataka,West Coast (Arabian Sea),12.8615,74.843,2.0,May 2018 Flash Flood (Western Ghats Runoff),2018-05-30T11:00,0.2,1001.9,16.1,33.5,0.298,0.306,0.357
mangalore_netravati,Mangalore,Karnataka,West Coast (Arabian Sea),12.8615,74.843,2.0,May 2018 Flash Flood (Western Ghats Runoff),2018-05-30T12:00,0.9,1002.0,8.7,33.1,0.319,0.335,0.373
mangalore_netravati,Mangalore,Karnataka,West Coast (Arabian Sea),12.8615,74.843,2.0,May 2018 Flash Flood (Western Ghats Runoff),2018-05-30T13:00,0.0,1002.2,8.7,18.0,0.315,0.33,0.371
mangalore_netravati,Mangalore,Karnataka,West Coast (Arabian Sea),12.8615,74.843,2.0,May 2018 Flash Flood (Western Ghats Runoff),2018-05-30T14:00,0.0,1003.0,10.2,17.6,0.312,0.325,0.369
mangalore_netravati,Mangalore,Karnataka,West Coast (Arabian Sea),12.8615,74.843,2.0,May 2018 Flash Flood (Western Ghats Runoff),2018-05-30T15:00,0.1,1004.1,10.6,23.4,0.31,0.32,0.367
mangalore_netravati,Mangalore,Karnataka,West Coast (Arabian Sea),12.8615,74.843,2.0,May 2018 Flash Flood (Western Ghats Runoff),2018-05-30T16:00,0.5,1004.9,6.8,19.8,0.31,0.316,0.365
mangalore_netravati,Mangalore,Karnataka,West Coast (Arabian Sea),12.8615,74.843,2.0,May 2018 Flash Flood (Western Ghats Runoff),2018-05-30T17:00,5.4,1005.8,4.1,15.5,0.364,0.318,0.364
mangalore_netravati,Mangalore,Karnataka,West Coast (Arabian Sea),12.8615,74.843,2.0,May 2018 Flash Flood (Western Ghats Runoff),2018-05-30T18:00,1.4,1005.8,4.2,9.4,0.347,0.325,0.362
mangalore_netravati,Mangalore,Karnataka,West Coast (Arabian Sea),12.8615,74.843,2.0,May 2018 Flash Flood (Western Ghats Runoff),2018-05-30T19:00,0.1,1005.3,4.6,11.5,0.335,0.325,0.361
mangalore_netravati,Mangalore,Karnataka,West Coast (Arabian Sea),12.8615,74.843,2.0,May 2018 Flash Flood (Western Ghats Runoff),2018-05-30T20:00,0.1,1004.5,1.1,9.0,0.328,0.323,0.36
mangalore_netravati,Mangalore,Karnataka,West Coast (Arabian Sea),12.8615,74.843,2.0,May 2018 Flash Flood (Western Ghats Runoff),2018-05-30T21:00,0.0,1003.9,2.8,3.6,0.322,0.321,0.359
mangalore_netravati,Mangalore,Karnataka,West Coast (Arabian Sea),12.8615,74.843,2.0,May 2018 Flash Flood (Western Ghats Runoff),2018-05-30T22:00,0.1,1003.7,6.3,14.8,0.319,0.319,0.358
mangalore_netravati,Mangalore,Karnataka,West Coast (Arabian Sea),12.8615,74.843,2.0,May 2018 Flash Flood (Western Ghats Runoff),2018-05-30T23:00,0.1,1003.4,2.2,18.7,0.315,0.316,0.357
mangalore_netravati,Mangalore,Karnataka,West Coast (Arabian Sea),12.8615,74.843,2.0,May 2018 Flash Flood (Western Ghats Runoff),2018-05-31T00:00,0.1,1002.7,2.9,7.6,0.311,0.299,0.354
mangalore_netravati,Mangalore,Karnataka,West Coast (Arabian Sea),12.8615,74.843,2.0,May 2018 Flash Flood (Western Ghats Runoff),2018-05-31T01:00,0.0,1002.7,4.6,8.6,0.307,0.298,0.353
mangalore_netravati,Mangalore,Karnataka,West Coast (Arabian Sea),12.8615,74.843,2.0,May 2018 Flash Flood (Western Ghats Runoff),2018-05-31T02:00,0.0,1003.5,5.5,11.5,0.303,0.297,0.352
mangalore_netravati,Mangalore,Karnataka,West Coast (Arabian Sea),12.8615,74.843,2.0,May 2018 Flash Flood (Western Ghats Runoff),2018-05-31T03:00,0.1,1004.5,3.3,12.2,0.3,0.295,0.351
mangalore_netravati,Mangalore,Karnataka,West Coast (Arabian Sea),12.8615,74.843,2.0,May 2018 Flash Flood (Western Ghats Runoff),2018-05-31T04:00,0.3,1005.1,5.2,14.4,0.299,0.294,0.35
mangalore_netravati,Mangalore,Karnataka,West Coast (Arabian Sea),12.8615,74.843,2.0,May 2018 Flash Flood (Western Ghats Runoff),2018-05-31T05:00,0.1,1005.2,4.6,15.8,0.296,0.292,0.349
mangalore_netravati,Mangalore,Karnataka,West Coast (Arabian Sea),12.8615,74.843,2.0,May 2018 Flash Flood (Western Ghats Runoff),2018-05-31T06:00,1.5,1005.1,9.4,23.0,0.309,0.29,0.348
mangalore_netravati,Mangalore,Karnataka,West Coast (Arabian Sea),12.8615,74.843,2.0,May 2018 Flash Flood (Western Ghats Runoff),2018-05-31T07:00,3.3,1004.7,3.4,24.5,0.331,0.295,0.347
mangalore_netravati,Mangalore,Karnataka,West Coast (Arabian Sea),12.8615,74.843,2.0,May 2018 Flash Flood (Western Ghats Runoff),2018-05-31T08:00,0.1,1004.0,4.6,14.4,0.32,0.296,0.346
mangalore_netravati,Mangalore,Karnataka,West Coast (Arabian Sea),12.8615,74.843,2.0,May 2018 Flash Flood (Western Ghats Runoff),2018-05-31T09:00,0.1,1002.9,5.8,17.6,0.312,0.296,0.345
mangalore_netravati,Mangalore,Karnataka,West Coast (Arabian Sea),12.8615,74.843,2.0,May 2018 Flash Flood (Western Ghats Runoff),2018-05-31T10:00,0.1,1002.5,3.7,16.9,0.307,0.295,0.344
mangalore_netravati,Mangalore,Karnataka,West Coast (Arabian Sea),12.8615,74.843,2.0,May 2018 Flash Flood (Western Ghats Runoff),2018-05-31T11:00,0.0,1001.7,6.9,16.2,0.302,0.294,0.343
mangalore_netravati,Mangalore,Karnataka,West Coast (Arabian Sea),12.8615,74.843,2.0,May 2018 Flash Flood (Western Ghats Runoff),2018-05-31T12:00,0.0,1001.9,8.0,16.9,0.278,0.28,0.341
mangalore_netravati,Mangalore,Karnataka,West Coast (Arabian Sea),12.8615,74.843,2.0,May 2018 Flash Flood (Western Ghats Runoff),2018-05-31T13:00,0.2,1002.2,6.3,16.6,0.279,0.279,0.34
mangalore_netravati,Mangalore,Karnataka,West Coast (Arabian Sea),12.8615,74.843,2.0,May 2018 Flash Flood (Western Ghats Runoff),2018-05-31T14:00,0.9,1003.4,3.8,12.6,0.287,0.278,0.339
mangalore_netravati,Mangalore,Karnataka,West Coast (Arabian Sea),12.8615,74.843,2.0,May 2018 Flash Flood (Western Ghats Runoff),2018-05-31T15:00,0.0,1004.1,4.3,6.5,0.285,0.277,0.339
mangalore_netravati,Mangalore,Karnataka,West Coast (Arabian Sea),12.8615,74.843,2.0,May 2018 Flash Flood (Western Ghats Runoff),2018-05-31T16:00,0.0,1004.9,4.3,5.8,0.283,0.277,0.338
mangalore_netravati,Mangalore,Karnataka,West Coast (Arabian Sea),12.8615,74.843,2.0,May 2018 Flash Flood (Western Ghats Runoff),2018-05-31T17:00,0.1,1005.4,3.4,6.5,0.282,0.276,0.337
mangalore_netravati,Mangalore,Karnataka,West Coast (Arabian Sea),12.8615,74.843,2.0,May 2018 Flash Flood (Western Ghats Runoff),2018-05-31T18:00,0.0,1005.5,3.4,6.5,0.28,0.275,0.337
mangalore_netravati,Mangalore,Karnataka,West Coast (Arabian Sea),12.8615,74.843,2.0,May 2018 Flash Flood (Western Ghats Runoff),2018-05-31T19:00,0.0,1005.3,3.0,4.7,0.279,0.275,0.336
mangalore_netravati,Mangalore,Karnataka,West Coast (Arabian Sea),12.8615,74.843,2.0,May 2018 Flash Flood (Western Ghats Runoff),2018-05-31T20:00,0.0,1004.4,3.6,5.0,0.278,0.274,0.335
mangalore_netravati,Mangalore,Karnataka,West Coast (Arabian Sea),12.8615,74.843,2.0,May 2018 Flash Flood (Western Ghats Runoff),2018-05-31T21:00,0.0,1004.2,3.3,5.4,0.277,0.274,0.335
mangalore_netravati,Mangalore,Karnataka,West Coast (Arabian Sea),12.8615,74.843,2.0,May 2018 Flash Flood (Western Ghats Runoff),2018-05-31T22:00,0.0,1003.9,2.9,6.1,0.276,0.273,0.334
mangalore_netravati,Mangalore,Karnataka,West Coast (Arabian Sea),12.8615,74.843,2.0,May 2018 Flash Flood (Western Ghats Runoff),2018-05-31T23:00,0.2,1003.7,4.0,6.8,0.276,0.272,0.333
mangalore_netravati,Mangalore,Karnataka,West Coast (Arabian Sea),12.8615,74.843,2.0,May 2018 Flash Flood (Western Ghats Runoff),2018-06-01T00:00,0.0,1003.3,4.0,5.0,0.288,0.279,0.333
mangalore_netravati,Mangalore,Karnataka,West Coast (Arabian Sea),12.8615,74.843,2.0,May 2018 Flash Flood (Western Ghats Runoff),2018-06-01T01:00,0.0,1003.8,6.4,11.2,0.286,0.278,0.332
mangalore_netravati,Mangalore,Karnataka,West Coast (Arabian Sea),12.8615,74.843,2.0,May 2018 Flash Flood (Western Ghats Runoff),2018-06-01T02:00,0.3,1004.9,7.1,15.1,0.286,0.278,0.332
mangalore_netravati,Mangalore,Karnataka,West Coast (Arabian Sea),12.8615,74.843,2.0,May 2018 Flash Flood (Western Ghats Runoff),2018-06-01T03:00,0.2,1005.2,8.0,18.7,0.286,0.277,0.331
mangalore_netravati,Mangalore,Karnataka,West Coast (Arabian Sea),12.8615,74.843,2.0,May 2018 Flash Flood (Western Ghats Runoff),2018-06-01T04:00,0.1,1005.5,7.5,18.7,0.284,0.277,0.331
mangalore_netravati,Mangalore,Karnataka,West Coast (Arabian Sea),12.8615,74.843,2.0,May 2018 Flash Flood (Western Ghats Runoff),2018-06-01T05:00,0.2,1005.3,7.6,20.2,0.283,0.276,0.33
mangalore_netravati,Mangalore,Karnataka,West Coast (Arabian Sea),12.8615,74.843,2.0,May 2018 Flash Flood (Western Ghats Runoff),2018-06-01T06:00,0.2,1005.3,8.5,22.3,0.281,0.275,0.329
mangalore_netravati,Mangalore,Karnataka,West Coast (Arabian Sea),12.8615,74.843,2.0,May 2018 Flash Flood (Western Ghats Runoff),2018-06-01T07:00,0.3,1004.9,11.6,26.6,0.28,0.274,0.329
mangalore_netravati,Mangalore,Karnataka,West Coast (Arabian Sea),12.8615,74.843,2.0,May 2018 Flash Flood (Western Ghats Runoff),2018-06-01T08:00,0.2,1004.2,8.2,29.2,0.278,0.273,0.328
mangalore_netravati,Mangalore,Karnataka,West Coast (Arabian Sea),12.8615,74.843,2.0,May 2018 Flash Flood (Western Ghats Runoff),2018-06-01T09:00,2.1,1003.8,9.0,29.5,0.299,0.273,0.327
mangalore_netravati,Mangalore,Karnataka,West Coast (Arabian Sea),12.8615,74.843,2.0,May 2018 Flash Flood (Western Ghats Runoff),2018-06-01T10:00,0.0,1002.9,6.1,21.2,0.294,0.273,0.327
mangalore_netravati,Mangalore,Karnataka,West Coast (Arabian Sea),12.8615,74.843,2.0,May 2018 Flash Flood (Western Ghats Runoff),2018-06-01T11:00,0.0,1002.4,6.1,19.1,0.29,0.273,0.326
mangalore_netravati,Mangalore,Karnataka,West Coast (Arabian Sea),12.8615,74.843,2.0,May 2018 Flash Flood (Western Ghats Runoff),2018-06-01T12:00,0.5,1001.9,0.5,17.6,0.288,0.269,0.325
mangalore_netravati,Mangalore,Karnataka,West Coast (Arabian Sea),12.8615,74.843,2.0,May 2018 Flash Flood (Western Ghats Runoff),2018-06-01T13:00,1.6,1002.3,4.6,10.8,0.301,0.27,0.324
mangalore_netravati,Mangalore,Karnataka,West Coast (Arabian Sea),12.8615,74.843,2.0,May 2018 Flash Flood (Western Ghats Runoff),2018-06-01T14:00,0.0,1003.3,3.6,8.3,0.296,0.271,0.324
mangalore_netravati,Mangalore,Karnataka,West Coast (Arabian Sea),12.8615,74.843,2.0,May 2018 Flash Flood (Western Ghats Runoff),2018-06-01T15:00,0.0,1004.3,3.7,5.8,0.292,0.272,0.323
mangalore_netravati,Mangalore,Karnataka,West Coast (Arabian Sea),12.8615,74.843,2.0,May 2018 Flash Flood (Western Ghats Runoff),2018-06-01T16:00,0.0,1005.2,7.6,13.7,0.289,0.272,0.323
mangalore_netravati,Mangalore,Karnataka,West Coast (Arabian Sea),12.8615,74.843,2.0,May 2018 Flash Flood (Western Ghats Runoff),2018-06-01T17:00,0.0,1005.4,4.7,14.0,0.286,0.272,0.323
mangalore_netravati,Mangalore,Karnataka,West Coast (Arabian Sea),12.8615,74.843,2.0,May 2018 Flash Flood (Western Ghats Runoff),2018-06-01T18:00,0.0,1005.5,8.9,15.5,0.284,0.272,0.322
mangalore_netravati,Mangalore,Karnataka,West Coast (Arabian Sea),12.8615,74.843,2.0,May 2018 Flash Flood (Western Ghats Runoff),2018-06-01T19:00,0.0,1004.6,6.1,16.6,0.282,0.272,0.322
mangalore_netravati,Mangalore,Karnataka,West Coast (Arabian Sea),12.8615,74.843,2.0,May 2018 Flash Flood (Western Ghats Runoff),2018-06-01T20:00,0.0,1004.1,7.8,14.0,0.28,0.272,0.321
mangalore_netravati,Mangalore,Karnataka,West Coast (Arabian Sea),12.8615,74.843,2.0,May 2018 Flash Flood (Western Ghats Runoff),2018-06-01T21:00,0.0,1003.3,6.7,14.4,0.278,0.272,0.321
mangalore_netravati,Mangalore,Karnataka,West Coast (Arabian Sea),12.8615,74.843,2.0,May 2018 Flash Flood (Western Ghats Runoff),2018-06-01T22:00,0.0,1003.2,6.4,12.2,0.277,0.271,0.321
mangalore_netravati,Mangalore,Karnataka,West Coast (Arabian Sea),12.8615,74.843,2.0,May 2018 Flash Flood (Western Ghats Runoff),2018-06-01T23:00,0.0,1003.0,6.2,12.2,0.276,0.271,0.32
mangalore_netravati,Mangalore,Karnataka,West Coast (Arabian Sea),12.8615,74.843,2.0,May 2018 Flash Flood (Western Ghats Runoff),2018-06-02T00:00,0.0,1002.7,3.6,13.0,0.276,0.272,0.32
mangalore_netravati,Mangalore,Karnataka,West Coast (Arabian Sea),12.8615,74.843,2.0,May 2018 Flash Flood (Western Ghats Runoff),2018-06-02T01:00,0.0,1002.9,6.1,10.8,0.275,0.271,0.319
mangalore_netravati,Mangalore,Karnataka,West Coast (Arabian Sea),12.8615,74.843,2.0,May 2018 Flash Flood (Western Ghats Runoff),2018-06-02T02:00,0.0,1004.2,6.1,13.7,0.273,0.271,0.319
mangalore_netravati,Mangalore,Karnataka,West Coast (Arabian Sea),12.8615,74.843,2.0,May 2018 Flash Flood (Western Ghats Runoff),2018-06-02T03:00,0.0,1005.0,5.8,14.4,0.272,0.271,0.319
mangalore_netravati,Mangalore,Karnataka,West Coast (Arabian Sea),12.8615,74.843,2.0,May 2018 Flash Flood (Western Ghats Runoff),2018-06-02T04:00,0.2,1005.7,3.4,15.5,0.272,0.27,0.318
mangalore_netravati,Mangalore,Karnataka,West Coast (Arabian Sea),12.8615,74.843,2.0,May 2018 Flash Flood (Western Ghats Runoff),2018-06-02T05:00,0.2,1005.6,5.0,14.8,0.272,0.269,0.318
mangalore_netravati,Mangalore,Karnataka,West Coast (Arabian Sea),12.8615,74.843,2.0,May 2018 Flash Flood (Western Ghats Runoff),2018-06-02T06:00,6.7,1005.8,10.6,26.6,0.342,0.274,0.317
mangalore_netravati,Mangalore,Karnataka,West Coast (Arabian Sea),12.8615,74.843,2.0,May 2018 Flash Flood (Western Ghats Runoff),2018-06-02T07:00,0.2,1004.8,9.0,25.2,0.323,0.279,0.317
mangalore_netravati,Mangalore,Karnataka,West Coast (Arabian Sea),12.8615,74.843,2.0,May 2018 Flash Flood (Western Ghats Runoff),2018-06-02T08:00,2.8,1004.6,12.6,26.6,0.343,0.283,0.317
mangalore_netravati,Mangalore,Karnataka,West Coast (Arabian Sea),12.8615,74.843,2.0,May 2018 Flash Flood (Western Ghats Runoff),2018-06-02T09:00,0.4,1003.3,6.8,27.0,0.326,0.288,0.316
mangalore_netravati,Mangalore,Karnataka,West Coast (Arabian Sea),12.8615,74.843,2.0,May 2018 Flash Flood (Western Ghats Runoff),2018-06-02T10:00,1.3,1002.7,10.4,21.6,0.328,0.291,0.316
mangalore_netravati,Mangalore,Karnataka,West Coast (Arabian Sea),12.8615,74.843,2.0,May 2018 Flash Flood (Western Ghats Runoff),2018-06-02T11:00,0.1,1002.6,13.1,28.1,0.318,0.293,0.316
mangalore_netravati,Mangalore,Karnataka,West Coast (Arabian Sea),12.8615,74.843,2.0,May 2018 Flash Flood (Western Ghats Runoff),2018-06-02T12:00,0.7,1003.3,10.6,27.7,0.301,0.268,0.317
mangalore_netravati,Mangalore,Karnataka,West Coast (Arabian Sea),12.8615,74.843,2.0,May 2018 Flash Flood (Western Ghats Runoff),2018-06-02T13:00,0.0,1003.5,6.5,20.2,0.296,0.269,0.316
mangalore_netravati,Mangalore,Karnataka,West Coast (Arabian Sea),12.8615,74.843,2.0,May 2018 Flash Flood (Western Ghats Runoff),2018-06-02T14:00,0.0,1004.3,5.6,12.2,0.292,0.27,0.316
mangalore_netravati,Mangalore,Karnataka,West Coast (Arabian Sea),12.8615,74.843,2.0,May 2018 Flash Flood (Western Ghats Runoff),2018-06-02T15:00,0.0,1005.0,5.3,10.8,0.288,0.27,0.316
mangalore_netravati,Mangalore,Karnataka,West Coast (Arabian Sea),12.8615,74.843,2.0,May 2018 Flash Flood (Western Ghats Runoff),2018-06-02T16:00,0.0,1005.5,6.9,13.0,0.286,0.271,0.315
mangalore_netravati,Mangalore,Karnataka,West Coast (Arabian Sea),12.8615,74.843,2.0,May 2018 Flash Flood (Western Ghats Runoff),2018-06-02T17:00,0.3,1006.4,7.2,13.3,0.285,0.271,0.315
mangalore_netravati,Mangalore,Karnataka,West Coast (Arabian Sea),12.8615,74.843,2.0,May 2018 Flash Flood (Western Ghats Runoff),2018-06-02T18:00,1.9,1006.6,7.6,14.8,0.303,0.272,0.315
mangalore_netravati,Mangalore,Karnataka,West Coast (Arabian Sea),12.8615,74.843,2.0,May 2018 Flash Flood (Western Ghats Runoff),2018-06-02T19:00,0.0,1005.9,8.0,17.6,0.298,0.273,0.315
mangalore_netravati,Mangalore,Karnataka,West Coast (Arabian Sea),12.8615,74.843,2.0,May 2018 Flash Flood (Western Ghats Runoff),2018-06-02T20:00,0.0,1004.3,7.6,14.4,0.294,0.274,0.314
mangalore_netravati,Mangalore,Karnataka,West Coast (Arabian Sea),12.8615,74.843,2.0,May 2018 Flash Flood (Western Ghats Runoff),2018-06-02T21:00,0.0,1003.2,7.7,13.7,0.291,0.274,0.314
mangalore_netravati,Mangalore,Karnataka,West Coast (Arabian Sea),12.8615,74.843,2.0,May 2018 Flash Flood (Western Ghats Runoff),2018-06-02T22:00,0.0,1002.5,6.9,14.4,0.288,0.274,0.314
mangalore_netravati,Mangalore,Karnataka,West Coast (Arabian Sea),12.8615,74.843,2.0,May 2018 Flash Flood (Western Ghats Runoff),2018-06-02T23:00,0.0,1002.9,6.4,13.0,0.286,0.275,0.314
mangalore_netravati,Mangalore,Karnataka,West Coast (Arabian Sea),12.8615,74.843,2.0,May 2018 Flash Flood (Western Ghats Runoff),2018-06-03T00:00,0.0,1003.8,9.8,13.7,0.322,0.278,0.314
mangalore_netravati,Mangalore,Karnataka,West Coast (Arabian Sea),12.8615,74.843,2.0,May 2018 Flash Flood (Western Ghats Runoff),2018-06-03T01:00,0.0,1003.8,6.5,20.2,0.312,0.28,0.313
mangalore_netravati,Mangalore,Karnataka,West Coast (Arabian Sea),12.8615,74.843,2.0,May 2018 Flash Flood (Western Ghats Runoff),2018-06-03T02:00,0.2,1004.7,6.3,15.5,0.307,0.282,0.313
mangalore_netravati,Mangalore,Karnataka,West Coast (Arabian Sea),12.8615,74.843,2.0,May 2018 Flash Flood (Western Ghats Runoff),2018-06-03T03:00,0.4,1005.1,6.4,14.4,0.306,0.283,0.313
mangalore_netravati,Mangalore,Karnataka,West Coast (Arabian Sea),12.8615,74.843,2.0,May 2018 Flash Flood (Western Ghats Runoff),2018-06-03T04:00,0.1,1005.0,8.8,18.7,0.302,0.284,0.313
mangalore_netravati,Mangalore,Karnataka,West Coast (Arabian Sea),12.8615,74.843,2.0,May 2018 Flash Flood (Western Ghats Runoff),2018-06-03T05:00,0.2,1004.8,10.9,24.8,0.299,0.284,0.312
mangalore_netravati,Mangalore,Karnataka,West Coast (Arabian Sea),12.8615,74.843,2.0,May 2018 Flash Flood (Western Ghats Runoff),2018-06-03T06:00,6.3,1004.6,15.8,33.5,0.369,0.287,0.312
mangalore_netravati,Mangalore,Karnataka,West Coast (Arabian Sea),12.8615,74.843,2.0,May 2018 Flash Flood (Western Ghats Runoff),2018-06-03T07:00,2.8,1003.6,12.1,33.5,0.349,0.304,0.312
mangalore_netravati,Mangalore,Karnataka,West Coast (Arabian Sea),12.8615,74.843,2.0,May 2018 Flash Flood (Western Ghats Runoff),2018-06-03T08:00,1.6,1003.6,10.0,28.1,0.347,0.31,0.312
mangalore_netravati,Mangalore,Karnataka,West Coast (Arabian Sea),12.8615,74.843,2.0,May 2018 Flash Flood (Western Ghats Runoff),2018-06-03T09:00,3.7,1003.1,4.3,22.3,0.362,0.32,0.312
mangalore_netravati,Mangalore,Karnataka,West Coast (Arabian Sea),12.8615,74.843,2.0,May 2018 Flash Flood (Western Ghats Runoff),2018-06-03T10:00,11.3,1002.1,4.2,13.3,0.374,0.365,0.312
mangalore_netravati,Mangalore,Karnataka,West Coast (Arabian Sea),12.8615,74.843,2.0,May 2018 Flash Flood (Western Ghats Runoff),2018-06-03T11:00,27.5,1002.7,6.4,14.4,0.403,0.403,0.33
mangalore_netravati,Mangalore,Karnataka,West Coast (Arabian Sea),12.8615,74.843,2.0,May 2018 Flash Flood (Western Ghats Runoff),2018-06-03T12:00,31.0,1002.1,1.1,14.4,0.321,0.319,0.312
mangalore_netravati,Mangalore,Karnataka,West Coast (Arabian Sea),12.8615,74.843,2.0,May 2018 Flash Flood (Western Ghats Runoff),2018-06-03T13:00,0.0,1002.5,1.1,4.3,0.316,0.319,0.312
mangalore_netravati,Mangalore,Karnataka,West Coast (Arabian Sea),12.8615,74.843,2.0,May 2018 Flash Flood (Western Ghats Runoff),2018-06-03T14:00,0.5,1003.2,3.4,7.6,0.317,0.319,0.312
mangalore_netravati,Mangalore,Karnataka,West Coast (Arabian Sea),12.8615,74.843,2.0,May 2018 Flash Flood (Western Ghats Runoff),2018-06-03T15:00,0.0,1004.1,7.1,12.6,0.313,0.318,0.312
mangalore_netravati,Mangalore,Karnataka,West Coast (Arabian Sea),12.8615,74.843,2.0,May 2018 Flash Flood (Western Ghats Runoff),2018-06-03T16:00,1.6,1005.1,6.4,15.1,0.327,0.319,0.312
mangalore_netravati,Mangalore,Karnataka,West Coast (Arabian Sea),12.8615,74.843,2.0,May 2018 Flash Flood (Western Ghats Runoff),2018-06-03T17:00,2.0,1005.9,6.8,13.0,0.345,0.32,0.312
mangalore_netravati,Mangalore,Karnataka,West Coast (Arabian Sea),12.8615,74.843,2.0,May 2018 Flash Flood (Western Ghats Runoff),2018-06-03T18:00,2.4,1005.5,7.1,15.1,0.35,0.328,0.312
mangalore_netravati,Mangalore,Karnataka,West Coast (Arabian Sea),12.8615,74.843,2.0,May 2018 Flash Flood (Western Ghats Runoff),2018-06-03T19:00,0.1,1004.7,4.7,13.7,0.336,0.33,0.313
mangalore_netravati,Mangalore,Karnataka,West Coast (Arabian Sea),12.8615,74.843,2.0,May 2018 Flash Flood (Western Ghats Runoff),2018-06-03T20:00,0.0,1004.0,8.2,14.8,0.329,0.33,0.313
mangalore_netravati,Mangalore,Karnataka,West Coast (Arabian Sea),12.8615,74.843,2.0,May 2018 Flash Flood (Western Ghats Runoff),2018-06-03T21:00,0.0,1002.8,8.3,16.2,0.324,0.33,0.313
mangalore_netravati,Mangalore,Karnataka,West Coast (Arabian Sea),12.8615,74.843,2.0,May 2018 Flash Flood (Western Ghats Runoff),2018-06-03T22:00,0.0,1002.7,8.4,15.8,0.319,0.329,0.314
mangalore_netravati,Mangalore,Karnataka,West Coast (Arabian Sea),12.8615,74.843,2.0,May 2018 Flash Flood (Western Ghats Runoff),2018-06-03T23:00,0.0,1002.3,7.6,16.2,0.315,0.328,0.314
mangalore_netravati,Mangalore,Karnataka,West Coast (Arabian Sea),12.8615,74.843,2.0,May 2018 Flash Flood (Western Ghats Runoff),2018-06-04T00:00,0.0,1001.4,6.4,14.0,0.315,0.324,0.314
mangalore_netravati,Mangalore,Karnataka,West Coast (Arabian Sea),12.8615,74.843,2.0,May 2018 Flash Flood (Western Ghats Runoff),2018-06-04T01:00,0.0,1001.7,4.5,11.5,0.311,0.323,0.314
mangalore_netravati,Mangalore,Karnataka,West Coast (Arabian Sea),12.8615,74.843,2.0,May 2018 Flash Flood (Western Ghats Runoff),2018-06-04T02:00,0.0,1002.8,4.0,11.2,0.309,0.322,0.314
mangalore_netravati,Mangalore,Karnataka,West Coast (Arabian Sea),12.8615,74.843,2.0,May 2018 Flash Flood (Western Ghats Runoff),2018-06-04T03:00,0.2,1004.1,6.2,16.2,0.308,0.321,0.314
mangalore_netravati,Mangalore,Karnataka,West Coast (Arabian Sea),12.8615,74.843,2.0,May 2018 Flash Flood (Western Ghats Runoff),2018-06-04T04:00,0.2,1004.1,4.0,16.6,0.307,0.32,0.314
mangalore_netravati,Mangalore,Karnataka,West Coast (Arabian Sea),12.8615,74.843,2.0,May 2018 Flash Flood (Western Ghats Runoff),2018-06-04T05:00,9.2,1004.3,10.2,23.4,0.403,0.326,0.314
mangalore_netravati,Mangalore,Karnataka,West Coast (Arabian Sea),12.8615,74.843,2.0,May 2018 Flash Flood (Western Ghats Runoff),2018-06-04T06:00,3.8,1004.1,6.6,25.2,0.355,0.353,0.315
mangalore_netravati,Mangalore,Karnataka,West Coast (Arabian Sea),12.8615,74.843,2.0,May 2018 Flash Flood (Western Ghats Runoff),2018-06-04T07:00,0.3,1003.5,5.4,20.5,0.344,0.351,0.316
mangalore_netravati,Mangalore,Karnataka,West Coast (Arabian Sea),12.8615,74.843,2.0,May 2018 Flash Flood (Western Ghats Runoff),2018-06-04T08:00,0.0,1002.2,2.7,15.1,0.335,0.348,0.318
mangalore_netravati,Mangalore,Karnataka,West Coast (Arabian Sea),12.8615,74.843,2.0,May 2018 Flash Flood (Western Ghats Runoff),2018-06-04T09:00,0.2,1001.2,7.2,18.7,0.329,0.345,0.318
mangalore_netravati,Mangalore,Karnataka,West Coast (Arabian Sea),12.8615,74.843,2.0,May 2018 Flash Flood (Western Ghats Runoff),2018-06-04T10:00,6.3,1001.0,13.5,27.0,0.373,0.352,0.319
mangalore_netravati,Mangalore,Karnataka,West Coast (Arabian Sea),12.8615,74.843,2.0,May 2018 Flash Flood (Western Ghats Runoff),2018-06-04T11:00,3.1,1000.6,9.4,27.0,0.375,0.359,0.321
mangalore_netravati,Mangalore,Karnataka,West Coast (Arabian Sea),12.8615,74.843,2.0,May 2018 Flash Flood (Western Ghats Runoff),2018-06-04T12:00,1.7,1001.5,3.8,19.4,0.361,0.358,0.321
mangalore_netravati,Mangalore,Karnataka,West Coast (Arabian Sea),12.8615,74.843,2.0,May 2018 Flash Flood (Western Ghats Runoff),2018-06-04T13:00,1.7,1001.6,3.1,10.8,0.366,0.357,0.323
mangalore_netravati,Mangalore,Karnataka,West Coast (Arabian Sea),12.8615,74.843,2.0,May 2018 Flash Flood (Western Ghats Runoff),2018-06-04T14:00,0.6,1002.6,2.5,7.6,0.353,0.357,0.324
mangalore_netravati,Mangalore,Karnataka,West Coast (Arabian Sea),12.8615,74.843,2.0,May 2018 Flash Flood (Western Ghats Runoff),2018-06-04T15:00,0.2,1002.9,3.1,4.3,0.344,0.354,0.326
mangalore_netravati,Mangalore,Karnataka,West Coast (Arabian Sea),12.8615,74.843,2.0,May 2018 Flash Flood (Western Ghats Runoff),2018-06-04T16:00,0.3,1003.7,5.4,11.2,0.339,0.352,0.327
mangalore_netravati,Mangalore,Karnataka,West Coast (Arabian Sea),12.8615,74.843,2.0,May 2018 Flash Flood (Western Ghats Runoff),2018-06-04T17:00,0.3,1004.3,6.3,12.6,0.334,0.349,0.328
mangalore_netravati,Mangalore,Karnataka,West Coast (Arabian Sea),12.8615,74.843,2.0,May 2018 Flash Flood (Western Ghats Runoff),2018-06-04T18:00,0.3,1004.1,6.7,13.0,0.331,0.346,0.328
mangalore_netravati,Mangalore,Karnataka,West Coast (Arabian Sea),12.8615,74.843,2.0,May 2018 Flash Flood (Western Ghats Runoff),2018-06-04T19:00,0.1,1003.5,7.5,15.1,0.326,0.344,0.329
mangalore_netravati,Mangalore,Karnataka,West Coast (Arabian Sea),12.8615,74.843,2.0,May 2018 Flash Flood (Western Ghats Runoff),2018-06-04T20:00,0.1,1003.1,8.4,16.2,0.323,0.342,0.329
mangalore_netravati,Mangalore,Karnataka,West Coast (Arabian Sea),12.8615,74.843,2.0,May 2018 Flash Flood (Western Ghats Runoff),2018-06-04T21:00,0.2,1002.7,11.5,22.0,0.321,0.34,0.329
mangalore_netravati,Mangalore,Karnataka,West Coast (Arabian Sea),12.8615,74.843,2.0,May 2018 Flash Flood (Western Ghats Runoff),2018-06-04T22:00,0.1,1002.4,8.6,22.3,0.318,0.338,0.33
mangalore_netravati,Mangalore,Karnataka,West Coast (Arabian Sea),12.8615,74.843,2.0,May 2018 Flash Flood (Western Ghats Runoff),2018-06-04T23:00,0.3,1002.3,6.2,16.2,0.319,0.336,0.33
mangalore_netravati,Mangalore,Karnataka,West Coast (Arabian Sea),12.8615,74.843,2.0,May 2018 Flash Flood (Western Ghats Runoff),2018-06-05T00:00,0.0,1002.3,11.3,13.0,0.327,0.338,0.332
mangalore_netravati,Mangalore,Karnataka,West Coast (Arabian Sea),12.8615,74.843,2.0,May 2018 Flash Flood (Western Ghats Runoff),2018-06-05T01:00,0.2,1002.4,10.7,21.6,0.324,0.337,0.332
mangalore_netravati,Mangalore,Karnataka,West Coast (Arabian Sea),12.8615,74.843,2.0,May 2018 Flash Flood (Western Ghats Runoff),2018-06-05T02:00,0.5,1003.5,9.2,22.0,0.326,0.336,0.332
mangalore_netravati,Mangalore,Karnataka,West Coast (Arabian Sea),12.8615,74.843,2.0,May 2018 Flash Flood (Western Ghats Runoff),2018-06-05T03:00,1.4,1004.3,7.6,20.5,0.335,0.336,0.332
mangalore_netravati,Mangalore,Karnataka,West Coast (Arabian Sea),12.8615,74.843,2.0,May 2018 Flash Flood (Western Ghats Runoff),2018-06-05T04:00,0.7,1004.3,5.6,20.2,0.336,0.336,0.332
mangalore_netravati,Mangalore,Karnataka,West Coast (Arabian Sea),12.8615,74.843,2.0,May 2018 Flash Flood (Western Ghats Runoff),2018-06-05T05:00,0.3,1004.6,5.8,18.7,0.331,0.335,0.332
mangalore_netravati,Mangalore,Karnataka,West Coast (Arabian Sea),12.8615,74.843,2.0,May 2018 Flash Flood (Western Ghats Runoff),2018-06-05T06:00,2.2,1004.5,7.4,20.5,0.349,0.336,0.332
mangalore_netravati,Mangalore,Karnataka,West Coast (Arabian Sea),12.8615,74.843,2.0,May 2018 Flash Flood (Western Ghats Runoff),2018-06-05T07:00,0.3,1004.0,7.7,21.6,0.339,0.337,0.332
mangalore_netravati,Mangalore,Karnataka,West Coast (Arabian Sea),12.8615,74.843,2.0,May 2018 Flash Flood (Western Ghats Runoff),2018-06-05T08:00,0.3,1003.3,9.3,25.2,0.332,0.337,0.332
mangalore_netravati,Mangalore,Karnataka,West Coast (Arabian Sea),12.8615,74.843,2.0,May 2018 Flash Flood (Western Ghats Runoff),2018-06-05T09:00,0.3,1002.5,12.5,29.5,0.328,0.336,0.332
mangalore_netravati,Mangalore,Karnataka,West Coast (Arabian Sea),12.8615,74.843,2.0,May 2018 Flash Flood (Western Ghats Runoff),2018-06-05T10:00,0.7,1002.1,11.5,29.5,0.327,0.335,0.332
mangalore_netravati,Mangalore,Karnataka,West Coast (Arabian Sea),12.8615,74.843,2.0,May 2018 Flash Flood (Western Ghats Runoff),2018-06-05T11:00,0.3,1001.8,9.5,25.2,0.324,0.334,0.332
mangalore_netravati,Mangalore,Karnataka,West Coast (Arabian Sea),12.8615,74.843,2.0,May 2018 Flash Flood (Western Ghats Runoff),2018-06-05T12:00,0.2,1002.2,8.2,21.6,0.354,0.34,0.317
mangalore_netravati,Mangalore,Karnataka,West Coast (Arabian Sea),12.8615,74.843,2.0,May 2018 Flash Flood (Western Ghats Runoff),2018-06-05T13:00,0.2,1003.1,7.8,19.4,0.341,0.341,0.318
mangalore_netravati,Mangalore,Karnataka,West Coast (Arabian Sea),12.8615,74.843,2.0,May 2018 Flash Flood (Western Ghats Runoff),2018-06-05T14:00,0.1,1003.7,4.1,14.0,0.334,0.34,0.318
mangalore_netravati,Mangalore,Karnataka,West Coast (Arabian Sea),12.8615,74.843,2.0,May 2018 Flash Flood (Western Ghats Runoff),2018-06-05T15:00,0.0,1004.5,3.4,7.6,0.327,0.338,0.318
mangalore_netravati,Mangalore,Karnataka,West Coast (Arabian Sea),12.8615,74.843,2.0,May 2018 Flash Flood (Western Ghats Runoff),2018-06-05T16:00,0.1,1005.4,5.4,10.4,0.323,0.337,0.319
mangalore_netravati,Mangalore,Karnataka,West Coast (Arabian Sea),12.8615,74.843,2.0,May 2018 Flash Flood (Western Ghats Runoff),2018-06-05T17:00,0.1,1005.7,7.6,13.7,0.32,0.335,0.319
mangalore_netravati,Mangalore,Karnataka,West Coast (Arabian Sea),12.8615,74.843,2.0,May 2018 Flash Flood (Western Ghats Runoff),2018-06-05T18:00,0.0,1005.7,7.2,14.8,0.317,0.333,0.319
mangalore_netravati,Mangalore,Karnataka,West Coast (Arabian Sea),12.8615,74.843,2.0,May 2018 Flash Flood (Western Ghats Runoff),2018-06-05T19:00,0.1,1005.4,6.8,14.0,0.314,0.332,0.319
mangalore_netravati,Mangalore,Karnataka,West Coast (Arabian Sea),12.8615,74.843,2.0,May 2018 Flash Flood (Western Ghats Runoff),2018-06-05T20:00,0.2,1005.1,6.1,13.0,0.313,0.33,0.32
mangalore_netravati,Mangalore,Karnataka,West Coast (Arabian Sea),12.8615,74.843,2.0,May 2018 Flash Flood (Western Ghats Runoff),2018-06-05T21:00,0.2,1004.7,5.2,11.9,0.313,0.329,0.32
mangalore_netravati,Mangalore,Karnataka,West Coast (Arabian Sea),12.8615,74.843,2.0,May 2018 Flash Flood (Western Ghats Runoff),2018-06-05T22:00,0.2,1004.7,2.7,9.4,0.313,0.327,0.32
mangalore_netravati,Mangalore,Karnataka,West Coast (Arabian Sea),12.8615,74.843,2.0,May 2018 Flash Flood (Western Ghats Runoff),2018-06-05T23:00,0.4,1004.7,2.9,9.0,0.315,0.326,0.32
mangalore_netravati,Mangalore,Karnataka,West Coast (Arabian Sea),12.8615,74.843,2.0,May 2018 Flash Flood (Western Ghats Runoff),2018-06-06T00:00,1.0,1005.0,4.7,10.4,0.335,0.334,0.322
mangalore_netravati,Mangalore,Karnataka,West Coast (Arabian Sea),12.8615,74.843,2.0,May 2018 Flash Flood (Western Ghats Runoff),2018-06-06T01:00,0.3,1005.8,6.0,18.4,0.332,0.333,0.323
mangalore_netravati,Mangalore,Karnataka,West Coast (Arabian Sea),12.8615,74.843,2.0,May 2018 Flash Flood (Western Ghats Runoff),2018-06-06T02:00,0.2,1006.6,5.4,20.5,0.328,0.333,0.323
mangalore_netravati,Mangalore,Karnataka,West Coast (Arabian Sea),12.8615,74.843,2.0,May 2018 Flash Flood (Western Ghats Runoff),2018-06-06T03:00,0.3,1007.2,4.7,21.2,0.324,0.332,0.323
mangalore_netravati,Mangalore,Karnataka,West Coast (Arabian Sea),12.8615,74.843,2.0,May 2018 Flash Flood (Western Ghats Runoff),2018-06-06T04:00,2.0,1007.4,6.4,27.4,0.341,0.332,0.323
mangalore_netravati,Mangalore,Karnataka,West Coast (Arabian Sea),12.8615,74.843,2.0,May 2018 Flash Flood (Western Ghats Runoff),2018-06-06T05:00,0.2,1007.1,5.1,17.3,0.333,0.333,0.323
mangalore_netravati,Mangalore,Karnataka,West Coast (Arabian Sea),12.8615,74.843,2.0,May 2018 Flash Flood (Western Ghats Runoff),2018-06-06T06:00,0.4,1006.5,7.8,21.2,0.328,0.332,0.323
mangalore_netravati,Mangalore,Karnataka,West Coast (Arabian Sea),12.8615,74.843,2.0,May 2018 Flash Flood (Western Ghats Runoff),2018-06-06T07:00,0.3,1005.8,10.7,26.3,0.323,0.33,0.322
mangalore_netravati,Mangalore,Karnataka,West Coast (Arabian Sea),12.8615,74.843,2.0,May 2018 Flash Flood (Western Ghats Runoff),2018-06-06T08:00,0.1,1005.1,11.3,31.3,0.317,0.329,0.322
mangalore_netravati,Mangalore,Karnataka,West Coast (Arabian Sea),12.8615,74.843,2.0,May 2018 Flash Flood (Western Ghats Runoff),2018-06-06T09:00,0.0,1004.2,11.8,29.9,0.312,0.327,0.322
mangalore_netravati,Mangalore,Karnataka,West Coast (Arabian Sea),12.8615,74.843,2.0,May 2018 Flash Flood (Western Ghats Runoff),2018-06-06T10:00,0.1,1003.6,14.0,33.8,0.309,0.325,0.322
mangalore_netravati,Mangalore,Karnataka,West Coast (Arabian Sea),12.8615,74.843,2.0,May 2018 Flash Flood (Western Ghats Runoff),2018-06-06T11:00,1.2,1004.0,14.0,33.5,0.316,0.324,0.322
mangalore_netravati,Mangalore,Karnataka,West Coast (Arabian Sea),12.8615,74.843,2.0,May 2018 Flash Flood (Western Ghats Runoff),2018-06-06T12:00,0.9,1004.4,9.0,31.3,0.336,0.323,0.323
mangalore_netravati,Mangalore,Karnataka,West Coast (Arabian Sea),12.8615,74.843,2.0,May 2018 Flash Flood (Western Ghats Runoff),2018-06-06T13:00,1.5,1005.1,6.1,22.7,0.342,0.325,0.322
mangalore_netravati,Mangalore,Karnataka,West Coast (Arabian Sea),12.8615,74.843,2.0,May 2018 Flash Flood (Western Ghats Runoff),2018-06-06T14:00,0.4,1005.9,3.6,16.9,0.334,0.327,0.322
mangalore_netravati,Mangalore,Karnataka,West Coast (Arabian Sea),12.8615,74.843,2.0,May 2018 Flash Flood (Western Ghats Runoff),2018-06-06T15:00,0.7,1006.4,4.6,14.0,0.334,0.328,0.322
mangalore_netravati,Mangalore,Karnataka,West Coast (Arabian Sea),12.8615,74.843,2.0,May 2018 Flash Flood (Western Ghats Runoff),2018-06-06T16:00,0.2,1006.8,3.7,13.0,0.329,0.328,0.322
mangalore_netravati,Mangalore,Karnataka,West Coast (Arabian Sea),12.8615,74.843,2.0,May 2018 Flash Flood (Western Ghats Runoff),2018-06-06T17:00,0.3,1007.1,3.3,13.0,0.326,0.328,0.322
mangalore_netravati,Mangalore,Karnataka,West Coast (Arabian Sea),12.8615,74.843,2.0,May 2018 Flash Flood (Western Ghats Runoff),2018-06-06T18:00,1.3,1007.1,5.7,14.0,0.337,0.328,0.322
mangalore_netravati,Mangalore,Karnataka,West Coast (Arabian Sea),12.8615,74.843,2.0,May 2018 Flash Flood (Western Ghats Runoff),2018-06-06T19:00,1.4,1006.4,7.9,18.4,0.344,0.33,0.322
mangalore_netravati,Mangalore,Karnataka,West Coast (Arabian Sea),12.8615,74.843,2.0,May 2018 Flash Flood (Western Ghats Runoff),2018-06-06T20:00,1.1,1005.6,11.6,24.1,0.345,0.332,0.322
mangalore_netravati,Mangalore,Karnataka,West Coast (Arabian Sea),12.8615,74.843,2.0,May 2018 Flash Flood (Western Ghats Runoff),2018-06-06T21:00,0.9,1004.9,9.7,24.5,0.342,0.335,0.322
mangalore_netravati,Mangalore,Karnataka,West Coast (Arabian Sea),12.8615,74.843,2.0,May 2018 Flash Flood (Western Ghats Runoff),2018-06-06T22:00,1.9,1004.6,10.2,23.4,0.354,0.336,0.322
mangalore_netravati,Mangalore,Karnataka,West Coast (Arabian Sea),12.8615,74.843,2.0,May 2018 Flash Flood (Western Ghats Runoff),2018-06-06T23:00,1.4,1004.8,8.7,23.8,0.353,0.34,0.323
mangalore_netravati,Mangalore,Karnataka,West Coast (Arabian Sea),12.8615,74.843,2.0,May 2018 Flash Flood (Western Ghats Runoff),2018-06-07T00:00,1.7,1004.4,9.7,24.1,0.341,0.331,0.323
mangalore_netravati,Mangalore,Karnataka,West Coast (Arabian Sea),12.8615,74.843,2.0,May 2018 Flash Flood (Western Ghats Runoff),2018-06-07T01:00,1.6,1005.4,7.9,29.5,0.351,0.332,0.323
mangalore_netravati,Mangalore,Karnataka,West Coast (Arabian Sea),12.8615,74.843,2.0,May 2018 Flash Flood (Western Ghats Runoff),2018-06-07T02:00,2.4,1006.0,10.5,34.6,0.356,0.338,0.323
mangalore_netravati,Mangalore,Karnataka,West Coast (Arabian Sea),12.8615,74.843,2.0,May 2018 Flash Flood (Western Ghats Runoff),2018-06-07T03:00,0.6,1006.1,8.4,34.9,0.345,0.341,0.323
mangalore_netravati,Mangalore,Karnataka,West Coast (Arabian Sea),12.8615,74.843,2.0,May 2018 Flash Flood (Western Ghats Runoff),2018-06-07T04:00,0.6,1006.5,12.6,35.6,0.339,0.34,0.324
mangalore_netravati,Mangalore,Karnataka,West Coast (Arabian Sea),12.8615,74.843,2.0,May 2018 Flash Flood (Western Ghats Runoff),2018-06-07T05:00,2.4,1006.4,10.5,37.8,0.349,0.343,0.324
mangalore_netravati,Mangalore,Karnataka,West Coast (Arabian Sea),12.8615,74.843,2.0,May 2018 Flash Flood (Western Ghats Runoff),2018-06-07T06:00,2.5,1005.8,16.1,40.3,0.363,0.344,0.324
mangalore_netravati,Mangalore,Karnataka,West Coast (Arabian Sea),12.8615,74.843,2.0,May 2018 Flash Flood (Western Ghats Runoff),2018-06-07T07:00,1.0,1004.9,15.7,42.5,0.35,0.347,0.325
mangalore_netravati,Mangalore,Karnataka,West Coast (Arabian Sea),12.8615,74.843,2.0,May 2018 Flash Flood (Western Ghats Runoff),2018-06-07T08:00,2.4,1004.3,16.1,43.2,0.356,0.349,0.326
mangalore_netravati,Mangalore,Karnataka,West Coast (Arabian Sea),12.8615,74.843,2.0,May 2018 Flash Flood (Western Ghats Runoff),2018-06-07T09:00,8.9,1003.5,21.3,43.2,0.397,0.369,0.327
mangalore_netravati,Mangalore,Karnataka,West Coast (Arabian Sea),12.8615,74.843,2.0,May 2018 Flash Flood (Western Ghats Runoff),2018-06-07T10:00,4.0,1003.3,22.4,43.6,0.39,0.375,0.33
mangalore_netravati,Mangalore,Karnataka,West Coast (Arabian Sea),12.8615,74.843,2.0,May 2018 Flash Flood (Western Ghats Runoff),2018-06-07T11:00,3.1,1003.1,18.9,43.9,0.379,0.376,0.334
mangalore_netravati,Mangalore,Karnataka,West Coast (Arabian Sea),12.8615,74.843,2.0,May 2018 Flash Flood (Western Ghats Runoff),2018-06-07T12:00,2.2,1003.8,12.7,38.5,0.364,0.361,0.33
mangalore_netravati,Mangalore,Karnataka,West Coast (Arabian Sea),12.8615,74.843,2.0,May 2018 Flash Flood (Western Ghats Runoff),2018-06-07T13:00,2.5,1004.0,14.3,34.2,0.368,0.363,0.331
mangalore_netravati,Mangalore,Karnataka,West Coast (Arabian Sea),12.8615,74.843,2.0,May 2018 Flash Flood (Western Ghats Runoff),2018-06-07T14:00,3.0,1004.6,15.5,34.6,0.377,0.365,0.333
mangalore_netravati,Mangalore,Karnataka,West Coast (Arabian Sea),12.8615,74.843,2.0,May 2018 Flash Flood (Western Ghats Runoff),2018-06-07T15:00,0.8,1005.3,14.9,34.6,0.36,0.365,0.335
mangalore_netravati,Mangalore,Karnataka,West Coast (Arabian Sea),12.8615,74.843,2.0,May 2018 Flash Flood (Western Ghats Runoff),2018-06-07T16:00,3.2,1005.7,12.5,34.6,0.369,0.367,0.336
mangalore_netravati,Mangalore,Karnataka,West Coast (Arabian Sea),12.8615,74.843,2.0,May 2018 Flash Flood (Western Ghats Runoff),2018-06-07T17:00,3.4,1005.8,15.5,29.5,0.379,0.369,0.338
mangalore_netravati,Mangalore,Karnataka,West Coast (Arabian Sea),12.8615,74.843,2.0,May 2018 Flash Flood (Western Ghats Runoff),2018-06-07T18:00,1.9,1005.8,16.1,32.8,0.372,0.369,0.34
mangalore_netravati,Mangalore,Karnataka,West Coast (Arabian Sea),12.8615,74.843,2.0,May 2018 Flash Flood (Western Ghats Runoff),2018-06-07T19:00,2.4,1005.1,13.8,35.6,0.368,0.37,0.342
mangalore_netravati,Mangalore,Karnataka,West Coast (Arabian Sea),12.8615,74.843,2.0,May 2018 Flash Flood (Western Ghats Runoff),2018-06-07T20:00,3.5,1004.0,19.3,36.7,0.381,0.371,0.344
mangalore_netravati,Mangalore,Karnataka,West Coast (Arabian Sea),12.8615,74.843,2.0,May 2018 Flash Flood (Western Ghats Runoff),2018-06-07T21:00,1.6,1002.9,16.1,38.2,0.366,0.371,0.346
mangalore_netravati,Mangalore,Karnataka,West Coast (Arabian Sea),12.8615,74.843,2.0,May 2018 Flash Flood (Western Ghats Runoff),2018-06-07T22:00,2.9,1002.5,19.1,39.6,0.379,0.369,0.348
mangalore_netravati,Mangalore,Karnataka,West Coast (Arabian Sea),12.8615,74.843,2.0,May 2018 Flash Flood (Western Ghats Runoff),2018-06-07T23:00,7.2,1002.4,20.9,41.0,0.392,0.384,0.35
mangalore_netravati,Mangalore,Karnataka,West Coast (Arabian Sea),12.8615,74.843,2.0,May 2018 Flash Flood (Western Ghats Runoff),2018-06-08T00:00,6.3,1002.7,24.6,44.6,0.38,0.386,0.354
mangalore_netravati,Mangalore,Karnataka,West Coast (Arabian Sea),12.8615,74.843,2.0,May 2018 Flash Flood (Western Ghats Runoff),2018-06-08T01:00,2.2,1003.0,24.5,53.3,0.372,0.38,0.357
mangalore_netravati,Mangalore,Karnataka,West Coast (Arabian Sea),12.8615,74.843,2.0,May 2018 Flash Flood (Western Ghats Runoff),2018-06-08T02:00,2.4,1003.9,24.1,51.8,0.372,0.376,0.359
mangalore_netravati,Mangalore,Karnataka,West Coast (Arabian Sea),12.8615,74.843,2.0,May 2018 Flash Flood (Western Ghats Runoff),2018-06-08T03:00,1.9,1004.7,20.8,50.0,0.367,0.373,0.36
mangalore_netravati,Mangalore,Karnataka,West Coast (Arabian Sea),12.8615,74.843,2.0,May 2018 Flash Flood (Western Ghats Runoff),2018-06-08T04:00,5.0,1005.4,17.1,50.8,0.377,0.379,0.362
mangalore_netravati,Mangalore,Karnataka,West Coast (Arabian Sea),12.8615,74.843,2.0,May 2018 Flash Flood (Western Ghats Runoff),2018-06-08T05:00,2.0,1005.3,15.9,45.4,0.369,0.376,0.363
mangalore_netravati,Mangalore,Karnataka,West Coast (Arabian Sea),12.8615,74.843,2.0,May 2018 Flash Flood (Western Ghats Runoff),2018-06-08T06:00,4.0,1004.9,16.9,47.9,0.371,0.379,0.364
mangalore_netravati,Mangalore,Karnataka,West Coast (Arabian Sea),12.8615,74.843,2.0,May 2018 Flash Flood (Western Ghats Runoff),2018-06-08T07:00,0.1,1004.3,21.1,52.6,0.351,0.373,0.365
mangalore_netravati,Mangalore,Karnataka,West Coast (Arabian Sea),12.8615,74.843,2.0,May 2018 Flash Flood (Western Ghats Runoff),2018-06-08T08:00,0.4,1003.7,26.7,59.4,0.342,0.366,0.365
mangalore_netravati,Mangalore,Karnataka,West Coast (Arabian Sea),12.8615,74.843,2.0,May 2018 Flash Flood (Western Ghats Runoff),2018-06-08T09:00,0.7,1002.8,21.6,57.6,0.338,0.361,0.364
mangalore_netravati,Mangalore,Karnataka,West Coast (Arabian Sea),12.8615,74.843,2.0,May 2018 Flash Flood (Western Ghats Runoff),2018-06-08T10:00,0.6,1002.2,21.1,56.9,0.335,0.357,0.363
mangalore_netravati,Mangalore,Karnataka,West Coast (Arabian Sea),12.8615,74.843,2.0,May 2018 Flash Flood (Western Ghats Runoff),2018-06-08T11:00,2.9,1001.9,22.2,64.8,0.355,0.355,0.362
mangalore_netravati,Mangalore,Karnataka,West Coast (Arabian Sea),12.8615,74.843,2.0,May 2018 Flash Flood (Western Ghats Runoff),2018-06-08T12:00,0.6,1001.8,21.0,56.2,0.354,0.355,0.362
mangalore_netravati,Mangalore,Karnataka,West Coast (Arabian Sea),12.8615,74.843,2.0,May 2018 Flash Flood (Western Ghats Runoff),2018-06-08T13:00,0.6,1002.0,23.4,51.8,0.346,0.353,0.361
mangalore_netravati,Mangalore,Karnataka,West Coast (Arabian Sea),12.8615,74.843,2.0,May 2018 Flash Flood (Western Ghats Runoff),2018-06-08T14:00,0.6,1002.7,24.1,52.6,0.341,0.351,0.36
mangalore_netravati,Mangalore,Karnataka,West Coast (Arabian Sea),12.8615,74.843,2.0,May 2018 Flash Flood (Western Ghats Runoff),2018-06-08T15:00,2.0,1003.3,20.2,58.0,0.351,0.351,0.359
mangalore_netravati,Mangalore,Karnataka,West Coast (Arabian Sea),12.8615,74.843,2.0,May 2018 Flash Flood (Western Ghats Runoff),2018-06-08T16:00,0.9,1004.0,22.5,49.0,0.351,0.349,0.359
mangalore_netravati,Mangalore,Karnataka,West Coast (Arabian Sea),12.8615,74.843,2.0,May 2018 Flash Flood (Western Ghats Runoff),2018-06-08T17:00,1.5,1004.4,22.2,50.8,0.354,0.349,0.358
mangalore_netravati,Mangalore,Karnataka,West Coast (Arabian Sea),12.8615,74.843,2.0,May 2018 Flash Flood (Western Ghats Runoff),2018-06-08T18:00,0.9,1003.9,18.4,54.7,0.349,0.35,0.357
mangalore_netravati,Mangalore,Karnataka,West Coast (Arabian Sea),12.8615,74.843,2.0,May 2018 Flash Flood (Western Ghats Runoff),2018-06-08T19:00,0.1,1003.3,16.1,48.6,0.339,0.348,0.357
mangalore_netravati,Mangalore,Karnataka,West Coast (Arabian Sea),12.8615,74.843,2.0,May 2018 Flash Flood (Western Ghats Runoff),2018-06-08T20:00,0.8,1002.5,20.2,53.6,0.339,0.346,0.356
mangalore_netravati,Mangalore,Karnataka,West Coast (Arabian Sea),12.8615,74.843,2.0,May 2018 Flash Flood (Western Ghats Runoff),2018-06-08T21:00,0.9,1002.0,18.8,64.4,0.34,0.344,0.355
mangalore_netravati,Mangalore,Karnataka,West Coast (Arabian Sea),12.8615,74.843,2.0,May 2018 Flash Flood (Western Ghats Runoff),2018-06-08T22:00,1.8,1002.0,22.2,61.9,0.352,0.343,0.355
mangalore_netravati,Mangalore,Karnataka,West Coast (Arabian Sea),12.8615,74.843,2.0,May 2018 Flash Flood (Western Ghats Runoff),2018-06-08T23:00,0.7,1001.9,25.7,56.9,0.347,0.343,0.354
mangalore_netravati,Mangalore,Karnataka,West Coast (Arabian Sea),12.8615,74.843,2.0,May 2018 Flash Flood (Western Ghats Runoff),2018-06-09T00:00,0.2,1001.4,19.8,55.8,0.351,0.337,0.353
mangalore_netravati,Mangalore,Karnataka,West Coast (Arabian Sea),12.8615,74.843,2.0,May 2018 Flash Flood (Western Ghats Runoff),2018-06-09T01:00,1.7,1001.9,18.1,53.6,0.353,0.34,0.353
mangalore_netravati,Mangalore,Karnataka,West Coast (Arabian Sea),12.8615,74.843,2.0,May 2018 Flash Flood (Western Ghats Runoff),2018-06-09T02:00,0.6,1002.9,21.7,49.7,0.345,0.341,0.352
mangalore_netravati,Mangalore,Karnataka,West Coast (Arabian Sea),12.8615,74.843,2.0,May 2018 Flash Flood (Western Ghats Runoff),2018-06-09T03:00,4.1,1003.5,27.6,61.6,0.362,0.349,0.352
mangalore_netravati,Mangalore,Karnataka,West Coast (Arabian Sea),12.8615,74.843,2.0,May 2018 Flash Flood (Western Ghats Runoff),2018-06-09T04:00,7.3,1003.9,31.4,63.7,0.392,0.367,0.351
mangalore_netravati,Mangalore,Karnataka,West Coast (Arabian Sea),12.8615,74.843,2.0,May 2018 Flash Flood (Western Ghats Runoff),2018-06-09T05:00,1.0,1004.1,31.1,64.4,0.365,0.369,0.353
mangalore_netravati,Mangalore,Karnataka,West Coast (Arabian Sea),12.8615,74.843,2.0,May 2018 Flash Flood (Western Ghats Runoff),2018-06-09T06:00,1.9,1003.8,31.7,68.4,0.363,0.368,0.354
mangalore_netravati,Mangalore,Karnataka,West Coast (Arabian Sea),12.8615,74.843,2.0,May 2018 Flash Flood (Western Ghats Runoff),2018-06-09T07:00,0.8,1003.3,31.3,70.9,0.352,0.365,0.354
mangalore_netravati,Mangalore,Karnataka,West Coast (Arabian Sea),12.8615,74.843,2.0,May 2018 Flash Flood (Western Ghats Runoff),2018-06-09T08:00,2.1,1002.9,29.5,71.3,0.359,0.363,0.355
mangalore_netravati,Mangalore,Karnataka,West Coast (Arabian Sea),12.8615,74.843,2.0,May 2018 Flash Flood (Western Ghats Runoff),2018-06-09T09:00,3.8,1002.6,23.9,67.7,0.385,0.363,0.355
mangalore_netravati,Mangalore,Karnataka,West Coast (Arabian Sea),12.8615,74.843,2.0,May 2018 Flash Flood (Western Ghats Runoff),2018-06-09T10:00,8.1,1002.3,24.1,60.5,0.403,0.383,0.356
mangalore_netravati,Mangalore,Karnataka,West Coast (Arabian Sea),12.8615,74.843,2.0,May 2018 Flash Flood (Western Ghats Runoff),2018-06-09T11:00,10.3,1002.2,25.3,59.8,0.377,0.393,0.367
mangalore_netravati,Mangalore,Karnataka,West Coast (Arabian Sea),12.8615,74.843,2.0,May 2018 Flash Flood (Western Ghats Runoff),2018-06-09T12:00,0.7,1001.9,22.3,59.8,0.358,0.37,0.365
mangalore_netravati,Mangalore,Karnataka,West Coast (Arabian Sea),12.8615,74.843,2.0,May 2018 Flash Flood (Western Ghats Runoff),2018-06-09T13:00,0.7,1002.2,19.6,53.6,0.351,0.366,0.365
mangalore_netravati,Mangalore,Karnataka,West Coast (Arabian Sea),12.8615,74.843,2.0,May 2018 Flash Flood (Western Ghats Runoff),2018-06-09T14:00,1.0,1002.8,22.2,51.1,0.351,0.363,0.364
mangalore_netravati,Mangalore,Karnataka,West Coast (Arabian Sea),12.8615,74.843,2.0,May 2018 Flash Flood (Western Ghats Runoff),2018-06-09T15:00,0.7,1003.6,19.9,54.0,0.347,0.361,0.364
mangalore_netravati,Mangalore,Karnataka,West Coast (Arabian Sea),12.8615,74.843,2.0,May 2018 Flash Flood (Western Ghats Runoff),2018-06-09T16:00,1.2,1004.4,21.0,47.2,0.35,0.358,0.363
mangalore_netravati,Mangalore,Karnataka,West Coast (Arabian Sea),12.8615,74.843,2.0,May 2018 Flash Flood (Western Ghats Runoff),2018-06-09T17:00,1.0,1004.9,19.5,50.8,0.348,0.356,0.362
mangalore_netravati,Mangalore,Karnataka,West Coast (Arabian Sea),12.8615,74.843,2.0,May 2018 Flash Flood (Western Ghats Runoff),2018-06-09T18:00,0.8,1004.8,21.0,52.6,0.346,0.354,0.362
mangalore_netravati,Mangalore,Karnataka,West Coast (Arabian Sea),12.8615,74.843,2.0,May 2018 Flash Flood (Western Ghats Runoff),2018-06-09T19:00,1.0,1004.1,20.7,53.3,0.347,0.352,0.361
mangalore_netravati,Mangalore,Karnataka,West Coast (Arabian Sea),12.8615,74.843,2.0,May 2018 Flash Flood (Western Ghats Runoff),2018-06-09T20:00,1.2,1003.5,18.4,50.4,0.35,0.35,0.36
mangalore_netravati,Mangalore,Karnataka,West Coast (Arabian Sea),12.8615,74.843,2.0,May 2018 Flash Flood (Western Ghats Runoff),2018-06-09T21:00,0.8,1003.2,21.2,47.5,0.349,0.349,0.36
mangalore_netravati,Mangalore,Karnataka,West Coast (Arabian Sea),12.8615,74.843,2.0,May 2018 Flash Flood (Western Ghats Runoff),2018-06-09T22:00,0.9,1003.1,20.2,50.4,0.348,0.347,0.359
mangalore_netravati,Mangalore,Karnataka,West Coast (Arabian Sea),12.8615,74.843,2.0,May 2018 Flash Flood (Western Ghats Runoff),2018-06-09T23:00,1.2,1003.2,22.0,56.5,0.35,0.347,0.359
mangalore_netravati,Mangalore,Karnataka,West Coast (Arabian Sea),12.8615,74.843,2.0,May 2018 Flash Flood (Western Ghats Runoff),2018-06-10T00:00,0.8,1002.5,19.1,51.5,0.35,0.349,0.358
mangalore_netravati,Mangalore,Karnataka,West Coast (Arabian Sea),12.8615,74.843,2.0,May 2018 Flash Flood (Western Ghats Runoff),2018-06-10T01:00,1.4,1003.3,21.5,54.0,0.353,0.348,0.358
mangalore_netravati,Mangalore,Karnataka,West Coast (Arabian Sea),12.8615,74.843,2.0,May 2018 Flash Flood (Western Ghats Runoff),2018-06-10T02:00,0.9,1004.2,20.0,54.0,0.349,0.348,0.357
mangalore_netravati,Mangalore,Karnataka,West Coast (Arabian Sea),12.8615,74.843,2.0,May 2018 Flash Flood (Western Ghats Runoff),2018-06-10T03:00,2.2,1005.1,19.4,52.9,0.355,0.35,0.357
mangalore_netravati,Mangalore,Karnataka,West Coast (Arabian Sea),12.8615,74.843,2.0,May 2018 Flash Flood (Western Ghats Runoff),2018-06-10T04:00,2.4,1005.8,20.5,52.6,0.359,0.354,0.356
mangalore_netravati,Mangalore,Karnataka,West Coast (Arabian Sea),12.8615,74.843,2.0,May 2018 Flash Flood (Western Ghats Runoff),2018-06-10T05:00,0.8,1005.9,22.7,51.8,0.35,0.354,0.356
mangalore_netravati,Mangalore,Karnataka,West Coast (Arabian Sea),12.8615,74.843,2.0,May 2018 Flash Flood (Western Ghats Runoff),2018-06-10T06:00,2.4,1005.6,18.8,52.9,0.356,0.356,0.356
mangalore_netravati,Mangalore,Karnataka,West Coast (Arabian Sea),12.8615,74.843,2.0,May 2018 Flash Flood (Western Ghats Runoff),2018-06-10T07:00,1.4,1005.5,21.6,56.9,0.354,0.356,0.355
mangalore_netravati,Mangalore,Karnataka,West Coast (Arabian Sea),12.8615,74.843,2.0,May 2018 Flash Flood (Western Ghats Runoff),2018-06-10T08:00,0.8,1005.1,22.3,52.2,0.348,0.355,0.355
mangalore_netravati,Mangalore,Karnataka,West Coast (Arabian Sea),12.8615,74.843,2.0,May 2018 Flash Flood (Western Ghats Runoff),2018-06-10T09:00,0.9,1004.4,18.2,52.2,0.344,0.353,0.355
mangalore_netravati,Mangalore,Karnataka,West Coast (Arabian Sea),12.8615,74.843,2.0,May 2018 Flash Flood (Western Ghats Runoff),2018-06-10T10:00,0.4,1004.0,23.1,56.9,0.338,0.352,0.354
mangalore_netravati,Mangalore,Karnataka,West Coast (Arabian Sea),12.8615,74.843,2.0,May 2018 Flash Flood (Western Ghats Runoff),2018-06-10T11:00,1.0,1003.7,23.6,56.9,0.34,0.349,0.354
mangalore_netravati,Mangalore,Karnataka,West Coast (Arabian Sea),12.8615,74.843,2.0,May 2018 Flash Flood (Western Ghats Runoff),2018-06-10T12:00,2.3,1002.9,21.6,58.0,0.336,0.339,0.353
mangalore_netravati,Mangalore,Karnataka,West Coast (Arabian Sea),12.8615,74.843,2.0,May 2018 Flash Flood (Western Ghats Runoff),2018-06-10T13:00,0.4,1003.4,19.7,51.8,0.332,0.338,0.353
mangalore_netravati,Mangalore,Karnataka,West Coast (Arabian Sea),12.8615,74.843,2.0,May 2018 Flash Flood (Western Ghats Runoff),2018-06-10T14:00,1.4,1004.1,19.0,52.2,0.34,0.337,0.352
mangalore_netravati,Mangalore,Karnataka,West Coast (Arabian Sea),12.8615,74.843,2.0,May 2018 Flash Flood (Western Ghats Runoff),2018-06-10T15:00,1.2,1005.4,17.2,50.4,0.344,0.337,0.352
mangalore_netravati,Mangalore,Karnataka,West Coast (Arabian Sea),12.8615,74.843,2.0,May 2018 Flash Flood (Western Ghats Runoff),2018-06-10T16:00,1.5,1006.0,18.0,46.8,0.349,0.337,0.351
mangalore_netravati,Mangalore,Karnataka,West Coast (Arabian Sea),12.8615,74.843,2.0,May 2018 Flash Flood (Western Ghats Runoff),2018-06-10T17:00,1.8,1006.6,17.4,46.8,0.355,0.339,0.351
mangalore_netravati,Mangalore,Karnataka,West Coast (Arabian Sea),12.8615,74.843,2.0,May 2018 Flash Flood (Western Ghats Runoff),2018-06-10T18:00,1.4,1006.4,18.7,47.9,0.352,0.343,0.351
mangalore_netravati,Mangalore,Karnataka,West Coast (Arabian Sea),12.8615,74.843,2.0,May 2018 Flash Flood (Western Ghats Runoff),2018-06-10T19:00,1.9,1006.2,19.2,54.0,0.357,0.345,0.35
mangalore_netravati,Mangalore,Karnataka,West Coast (Arabian Sea),12.8615,74.843,2.0,May 2018 Flash Flood (Western Ghats Runoff),2018-06-10T20:00,0.5,1005.4,17.7,49.7,0.347,0.346,0.35
mangalore_netravati,Mangalore,Karnataka,West Coast (Arabian Sea),12.8615,74.843,2.0,May 2018 Flash Flood (Western Ghats Runoff),2018-06-10T21:00,1.7,1004.8,18.4,51.1,0.353,0.348,0.35
mangalore_netravati,Mangalore,Karnataka,West Coast (Arabian Sea),12.8615,74.843,2.0,May 2018 Flash Flood (Western Ghats Runoff),2018-06-10T22:00,1.2,1004.5,17.8,45.0,0.354,0.348,0.349
mangalore_netravati,Mangalore,Karnataka,West Coast (Arabian Sea),12.8615,74.843,2.0,May 2018 Flash Flood (Western Ghats Runoff),2018-06-10T23:00,1.1,1004.7,23.3,51.5,0.352,0.35,0.349
mangalore_netravati,Mangalore,Karnataka,West Coast (Arabian Sea),12.8615,74.843,2.0,May 2018 Flash Flood (Western Ghats Runoff),2018-06-11T00:00,0.8,1003.6,18.3,50.0,0.348,0.35,0.349
mangalore_netravati,Mangalore,Karnataka,West Coast (Arabian Sea),12.8615,74.843,2.0,May 2018 Flash Flood (Western Ghats Runoff),2018-06-11T01:00,0.6,1004.2,12.8,45.0,0.343,0.35,0.349
mangalore_netravati,Mangalore,Karnataka,West Coast (Arabian Sea),12.8615,74.843,2.0,May 2018 Flash Flood (Western Ghats Runoff),2018-06-11T02:00,0.8,1004.8,17.5,44.6,0.343,0.349,0.349
mangalore_netravati,Mangalore,Karnataka,West Coast (Arabian Sea),12.8615,74.843,2.0,May 2018 Flash Flood (Western Ghats Runoff),2018-06-11T03:00,0.8,1005.7,17.1,42.5,0.342,0.348,0.349
mangalore_netravati,Mangalore,Karnataka,West Coast (Arabian Sea),12.8615,74.843,2.0,May 2018 Flash Flood (Western Ghats Runoff),2018-06-11T04:00,1.1,1006.5,16.2,47.2,0.344,0.348,0.349
mangalore_netravati,Mangalore,Karnataka,West Coast (Arabian Sea),12.8615,74.843,2.0,May 2018 Flash Flood (Western Ghats Runoff),2018-06-11T05:00,1.3,1007.0,17.8,50.8,0.347,0.347,0.348
mangalore_netravati,Mangalore,Karnataka,West Coast (Arabian Sea),12.8615,74.843,2.0,May 2018 Flash Flood (Western Ghats Runoff),2018-06-11T06:00,0.4,1006.9,16.9,41.4,0.339,0.347,0.348
mangalore_netravati,Mangalore,Karnataka,West Coast (Arabian Sea),12.8615,74.843,2.0,May 2018 Flash Flood (Western Ghats Runoff),2018-06-11T07:00,2.7,1006.5,18.4,48.6,0.353,0.349,0.348
mangalore_netravati,Mangalore,Karnataka,West Coast (Arabian Sea),12.8615,74.843,2.0,May 2018 Flash Flood (Western Ghats Runoff),2018-06-11T08:00,0.3,1005.4,19.6,47.9,0.342,0.348,0.348
mangalore_netravati,Mangalore,Karnataka,West Coast (Arabian Sea),12.8615,74.843,2.0,May 2018 Flash Flood (Western Ghats Runoff),2018-06-11T09:00,1.3,1005.2,18.9,50.0,0.345,0.347,0.347
mangalore_netravati,Mangalore,Karnataka,West Coast (Arabian Sea),12.8615,74.843,2.0,May 2018 Flash Flood (Western Ghats Runoff),2018-06-11T10:00,0.8,1004.4,19.9,46.8,0.342,0.347,0.347
mangalore_netravati,Mangalore,Karnataka,West Coast (Arabian Sea),12.8615,74.843,2.0,May 2018 Flash Flood (Western Ghats Runoff),2018-06-11T11:00,0.8,1004.3,20.6,47.5,0.34,0.346,0.347
mangalore_netravati,Mangalore,Karnataka,West Coast (Arabian Sea),12.8615,74.843,2.0,May 2018 Flash Flood (Western Ghats Runoff),2018-06-11T12:00,0.6,1003.7,11.5,48.2,0.347,0.347,0.348
mangalore_netravati,Mangalore,Karnataka,West Coast (Arabian Sea),12.8615,74.843,2.0,May 2018 Flash Flood (Western Ghats Runoff),2018-06-11T13:00,0.6,1003.7,16.5,33.1,0.343,0.346,0.347
mangalore_netravati,Mangalore,Karnataka,West Coast (Arabian Sea),12.8615,74.843,2.0,May 2018 Flash Flood (Western Ghats Runoff),2018-06-11T14:00,0.7,1004.5,12.7,37.8,0.341,0.346,0.347
mangalore_netravati,Mangalore,Karnataka,West Coast (Arabian Sea),12.8615,74.843,2.0,May 2018 Flash Flood (Western Ghats Runoff),2018-06-11T15:00,0.6,1005.5,11.6,32.0,0.34,0.345,0.347
mangalore_netravati,Mangalore,Karnataka,West Coast (Arabian Sea),12.8615,74.843,2.0,May 2018 Flash Flood (Western Ghats Runoff),2018-06-11T16:00,0.3,1006.2,13.7,31.3,0.335,0.344,0.347
mangalore_netravati,Mangalore,Karnataka,West Coast (Arabian Sea),12.8615,74.843,2.0,May 2018 Flash Flood (Western Ghats Runoff),2018-06-11T17:00,0.8,1006.4,10.5,34.6,0.337,0.343,0.347
mangalore_netravati,Mangalore,Karnataka,West Coast (Arabian Sea),12.8615,74.843,2.0,May 2018 Flash Flood (Western Ghats Runoff),2018-06-11T18:00,0.7,1006.7,15.2,37.8,0.338,0.342,0.346
mangalore_netravati,Mangalore,Karnataka,West Coast (Arabian Sea),12.8615,74.843,2.0,May 2018 Flash Flood (Western Ghats Runoff),2018-06-11T19:00,0.9,1006.2,15.8,36.0,0.34,0.342,0.346
mangalore_netravati,Mangalore,Karnataka,West Coast (Arabian Sea),12.8615,74.843,2.0,May 2018 Flash Flood (Western Ghats Runoff),2018-06-11T20:00,0.5,1005.3,15.9,38.9,0.337,0.341,0.346
mangalore_netravati,Mangalore,Karnataka,West Coast (Arabian Sea),12.8615,74.843,2.0,May 2018 Flash Flood (Western Ghats Runoff),2018-06-11T21:00,1.0,1004.8,19.9,42.5,0.342,0.34,0.346
mangalore_netravati,Mangalore,Karnataka,West Coast (Arabian Sea),12.8615,74.843,2.0,May 2018 Flash Flood (Western Ghats Runoff),2018-06-11T22:00,0.9,1004.5,19.2,41.8,0.344,0.34,0.346
mangalore_netravati,Mangalore,Karnataka,West Coast (Arabian Sea),12.8615,74.843,2.0,May 2018 Flash Flood (Western Ghats Runoff),2018-06-11T23:00,1.0,1004.7,18.8,40.7,0.345,0.341,0.345
mangalore_netravati,Mangalore,Karnataka,West Coast (Arabian Sea),12.8615,74.843,2.0,May 2018 Flash Flood (Western Ghats Runoff),2018-06-12T00:00,1.2,1003.8,18.7,38.2,0.341,0.339,0.345
mangalore_netravati,Mangalore,Karnataka,West Coast (Arabian Sea),12.8615,74.843,2.0,May 2018 Flash Flood (Western Ghats Runoff),2018-06-12T01:00,1.3,1004.3,15.5,35.3,0.347,0.34,0.344
mangalore_netravati,Mangalore,Karnataka,West Coast (Arabian Sea),12.8615,74.843,2.0,May 2018 Flash Flood (Western Ghats Runoff),2018-06-12T02:00,0.4,1005.0,12.6,29.2,0.34,0.34,0.344
mangalore_netravati,Mangalore,Karnataka,West Coast (Arabian Sea),12.8615,74.843,2.0,May 2018 Flash Flood (Western Ghats Runoff),2018-06-12T03:00,2.6,1005.9,14.9,32.4,0.356,0.343,0.344
mangalore_netravati,Mangalore,Karnataka,West Coast (Arabian Sea),12.8615,74.843,2.0,May 2018 Flash Flood (Western Ghats Runoff),2018-06-12T04:00,0.3,1006.6,13.0,30.6,0.343,0.344,0.344
mangalore_netravati,Mangalore,Karnataka,West Coast (Arabian Sea),12.8615,74.843,2.0,May 2018 Flash Flood (Western Ghats Runoff),2018-06-12T05:00,1.2,1006.8,19.1,39.6,0.345,0.344,0.344
mangalore_netravati,Mangalore,Karnataka,West Coast (Arabian Sea),12.8615,74.843,2.0,May 2018 Flash Flood (Western Ghats Runoff),2018-06-12T06:00,0.5,1006.3,15.7,39.2,0.339,0.344,0.344
mangalore_netravati,Mangalore,Karnataka,West Coast (Arabian Sea),12.8615,74.843,2.0,May 2018 Flash Flood (Western Ghats Runoff),2018-06-12T07:00,1.1,1006.1,12.0,38.5,0.339,0.343,0.343
mangalore_netravati,Mangalore,Karnataka,West Coast (Arabian Sea),12.8615,74.843,2.0,May 2018 Flash Flood (Western Ghats Runoff),2018-06-12T08:00,1.1,1005.3,16.3,40.7,0.34,0.342,0.343
mangalore_netravati,Mangalore,Karnataka,West Coast (Arabian Sea),12.8615,74.843,2.0,May 2018 Flash Flood (Western Ghats Runoff),2018-06-12T09:00,0.3,1004.8,14.9,39.6,0.333,0.341,0.343
mangalore_netravati,Mangalore,Karnataka,West Coast (Arabian Sea),12.8615,74.843,2.0,May 2018 Flash Flood (Western Ghats Runoff),2018-06-12T10:00,1.4,1004.3,12.9,38.5,0.339,0.341,0.343
mangalore_netravati,Mangalore,Karnataka,West Coast (Arabian Sea),12.8615,74.843,2.0,May 2018 Flash Flood (Western Ghats Runoff),2018-06-12T11:00,0.9,1004.2,15.1,37.4,0.339,0.34,0.343
mangalore_netravati,Mangalore,Karnataka,West Coast (Arabian Sea),12.8615,74.843,2.0,May 2018 Flash Flood (Western Ghats Runoff),2018-06-12T12:00,1.4,1003.7,9.0,39.6,0.319,0.325,0.342
mangalore_netravati,Mangalore,Karnataka,West Coast (Arabian Sea),12.8615,74.843,2.0,May 2018 Flash Flood (Western Ghats Runoff),2018-06-12T13:00,0.0,1003.6,6.9,24.8,0.315,0.323,0.342
mangalore_netravati,Mangalore,Karnataka,West Coast (Arabian Sea),12.8615,74.843,2.0,May 2018 Flash Flood (Western Ghats Runoff),2018-06-12T14:00,0.1,1004.5,9.0,21.2,0.312,0.322,0.342
mangalore_netravati,Mangalore,Karnataka,West Coast (Arabian Sea),12.8615,74.843,2.0,May 2018 Flash Flood (Western Ghats Runoff),2018-06-12T15:00,0.5,1005.4,13.6,28.4,0.313,0.32,0.342
mangalore_netravati,Mangalore,Karnataka,West Coast (Arabian Sea),12.8615,74.843,2.0,May 2018 Flash Flood (Western Ghats Runoff),2018-06-12T16:00,0.8,1006.3,16.6,32.0,0.318,0.319,0.341
mangalore_netravati,Mangalore,Karnataka,West Coast (Arabian Sea),12.8615,74.843,2.0,May 2018 Flash Flood (Western Ghats Runoff),2018-06-12T17:00,1.1,1006.5,12.3,34.2,0.326,0.318,0.341
mangalore_netravati,Mangalore,Karnataka,West Coast (Arabian Sea),12.8615,74.843,2.0,May 2018 Flash Flood (Western Ghats Runoff),2018-06-12T18:00,1.2,1007.1,13.0,31.3,0.334,0.319,0.341
mangalore_netravati,Mangalore,Karnataka,West Coast (Arabian Sea),12.8615,74.843,2.0,May 2018 Flash Flood (Western Ghats Runoff),2018-06-12T19:00,0.9,1006.5,13.1,32.0,0.334,0.32,0.34
mangalore_netravati,Mangalore,Karnataka,West Coast (Arabian Sea),12.8615,74.843,2.0,May 2018 Flash Flood (Western Ghats Runoff),2018-06-12T20:00,1.8,1006.0,15.2,37.1,0.344,0.322,0.34
mangalore_netravati,Mangalore,Karnataka,West Coast (Arabian Sea),12.8615,74.843,2.0,May 2018 Flash Flood (Western Ghats Runoff),2018-06-12T21:00,1.9,1005.6,10.7,36.4,0.35,0.326,0.34
mangalore_netravati,Mangalore,Karnataka,West Coast (Arabian Sea),12.8615,74.843,2.0,May 2018 Flash Flood (Western Ghats Runoff),2018-06-12T22:00,1.7,1005.5,10.8,31.3,0.351,0.331,0.34
mangalore_netravati,Mangalore,Karnataka,West Coast (Arabian Sea),12.8615,74.843,2.0,May 2018 Flash Flood (Western Ghats Runoff),2018-06-12T23:00,0.3,1005.4,11.5,33.1,0.339,0.333,0.34
mangalore_netravati,Mangalore,Karnataka,West Coast (Arabian Sea),12.8615,74.843,2.0,May 2018 Flash Flood (Western Ghats Runoff),2018-06-13T00:00,1.0,1004.3,14.1,37.8,0.334,0.325,0.341
mangalore_netravati,Mangalore,Karnataka,West Coast (Arabian Sea),12.8615,74.843,2.0,May 2018 Flash Flood (Western Ghats Runoff),2018-06-13T01:00,0.9,1004.8,14.4,35.3,0.337,0.326,0.34
mangalore_netravati,Mangalore,Karnataka,West Coast (Arabian Sea),12.8615,74.843,2.0,May 2018 Flash Flood (Western Ghats Runoff),2018-06-13T02:00,0.2,1005.0,9.7,37.8,0.33,0.326,0.34
mangalore_netravati,Mangalore,Karnataka,West Coast (Arabian Sea),12.8615,74.843,2.0,May 2018 Flash Flood (Western Ghats Runoff),2018-06-13T03:00,0.7,1005.9,12.6,35.6,0.33,0.326,0.34
mangalore_netravati,Mangalore,Karnataka,West Coast (Arabian Sea),12.8615,74.843,2.0,May 2018 Flash Flood (Western Ghats Runoff),2018-06-13T04:00,1.0,1006.6,8.9,37.4,0.333,0.326,0.34
mangalore_netravati,Mangalore,Karnataka,West Coast (Arabian Sea),12.8615,74.843,2.0,May 2018 Flash Flood (Western Ghats Runoff),2018-06-13T05:00,0.7,1006.6,12.8,38.9,0.331,0.326,0.339
mangalore_netravati,Mangalore,Karnataka,West Coast (Arabian Sea),12.8615,74.843,2.0,May 2018 Flash Flood (Western Ghats Runoff),2018-06-13T06:00,1.1,1006.5,12.4,40.0,0.333,0.326,0.339
mangalore_netravati,Mangalore,Karnataka,West Coast (Arabian Sea),12.8615,74.843,2.0,May 2018 Flash Flood (Western Ghats Runoff),2018-06-13T07:00,0.2,1005.9,12.6,38.9,0.327,0.326,0.339
mangalore_netravati,Mangalore,Karnataka,West Coast (Arabian Sea),12.8615,74.843,2.0,May 2018 Flash Flood (Western Ghats Runoff),2018-06-13T08:00,0.3,1005.4,15.2,38.2,0.323,0.325,0.339
mangalore_netravati,Mangalore,Karnataka,West Coast (Arabian Sea),12.8615,74.843,2.0,May 2018 Flash Flood (Western Ghats Runoff),2018-06-13T09:00,1.1,1004.9,12.8,41.8,0.326,0.324,0.339
mangalore_netravati,Mangalore,Karnataka,West Coast (Arabian Sea),12.8615,74.843,2.0,May 2018 Flash Flood (Western Ghats Runoff),2018-06-13T10:00,0.9,1004.6,15.0,40.3,0.327,0.324,0.338
mangalore_netravati,Mangalore,Karnataka,West Coast (Arabian Sea),12.8615,74.843,2.0,May 2018 Flash Flood (Western Ghats Runoff),2018-06-13T11:00,0.3,1004.3,14.0,37.4,0.323,0.323,0.338
mangalore_netravati,Mangalore,Karnataka,West Coast (Arabian Sea),12.8615,74.843,2.0,May 2018 Flash Flood (Western Ghats Runoff),2018-06-13T12:00,1.5,1003.8,14.3,39.2,0.329,0.315,0.337
mangalore_netravati,Mangalore,Karnataka,West Coast (Arabian Sea),12.8615,74.843,2.0,May 2018 Flash Flood (Western Ghats Runoff),2018-06-13T13:00,0.8,1004.2,13.6,34.9,0.329,0.316,0.337
mangalore_netravati,Mangalore,Karnataka,West Coast (Arabian Sea),12.8615,74.843,2.0,May 2018 Flash Flood (Western Ghats Runoff),2018-06-13T14:00,1.8,1005.2,12.9,34.9,0.341,0.318,0.337
mangalore_netravati,Mangalore,Karnataka,West Coast (Arabian Sea),12.8615,74.843,2.0,May 2018 Flash Flood (Western Ghats Runoff),2018-06-13T15:00,2.1,1006.2,16.2,38.5,0.348,0.323,0.337
mangalore_netravati,Mangalore,Karnataka,West Coast (Arabian Sea),12.8615,74.843,2.0,May 2018 Flash Flood (Western Ghats Runoff),2018-06-13T16:00,0.5,1006.9,14.6,36.7,0.338,0.326,0.337
mangalore_netravati,Mangalore,Karnataka,West Coast (Arabian Sea),12.8615,74.843,2.0,May 2018 Flash Flood (Western Ghats Runoff),2018-06-13T17:00,0.4,1007.2,10.2,36.4,0.333,0.327,0.336
mangalore_netravati,Mangalore,Karnataka,West Coast (Arabian Sea),12.8615,74.843,2.0,May 2018 Flash Flood (Western Ghats Runoff),2018-06-13T18:00,0.1,1007.3,8.0,29.9,0.327,0.327,0.336
mangalore_netravati,Mangalore,Karnataka,West Coast (Arabian Sea),12.8615,74.843,2.0,May 2018 Flash Flood (Western Ghats Runoff),2018-06-13T19:00,0.5,1006.6,10.1,33.1,0.328,0.327,0.336
mangalore_netravati,Mangalore,Karnataka,West Coast (Arabian Sea),12.8615,74.843,2.0,May 2018 Flash Flood (Western Ghats Runoff),2018-06-13T20:00,0.9,1006.0,11.2,34.2,0.332,0.327,0.336
mangalore_netravati,Mangalore,Karnataka,West Coast (Arabian Sea),12.8615,74.843,2.0,May 2018 Flash Flood (Western Ghats Runoff),2018-06-13T21:00,0.8,1005.7,9.8,33.5,0.335,0.327,0.336
mangalore_netravati,Mangalore,Karnataka,West Coast (Arabian Sea),12.8615,74.843,2.0,May 2018 Flash Flood (Western Ghats Runoff),2018-06-13T22:00,0.9,1005.2,8.8,35.3,0.336,0.328,0.336
mangalore_netravati,Mangalore,Karnataka,West Coast (Arabian Sea),12.8615,74.843,2.0,May 2018 Flash Flood (Western Ghats Runoff),2018-06-13T23:00,0.3,1005.4,8.3,32.4,0.332,0.329,0.336
mangalore_netravati,Mangalore,Karnataka,West Coast (Arabian Sea),12.8615,74.843,2.0,May 2018 Flash Flood (Western Ghats Runoff),2018-06-14T00:00,0.9,1004.6,12.3,34.9,0.336,0.323,0.335
mangalore_netravati,Mangalore,Karnataka,West Coast (Arabian Sea),12.8615,74.843,2.0,May 2018 Flash Flood (Western Ghats Runoff),2018-06-14T01:00,1.0,1005.5,10.8,32.4,0.337,0.325,0.335
mangalore_netravati,Mangalore,Karnataka,West Coast (Arabian Sea),12.8615,74.843,2.0,May 2018 Flash Flood (Western Ghats Runoff),2018-06-14T02:00,0.8,1006.2,10.4,26.3,0.337,0.326,0.335
mangalore_netravati,Mangalore,Karnataka,West Coast (Arabian Sea),12.8615,74.843,2.0,May 2018 Flash Flood (Western Ghats Runoff),2018-06-14T03:00,1.5,1006.6,12.6,28.1,0.342,0.329,0.334
mangalore_netravati,Mangalore,Karnataka,West Coast (Arabian Sea),12.8615,74.843,2.0,May 2018 Flash Flood (Western Ghats Runoff),2018-06-14T04:00,0.1,1006.9,12.6,31.7,0.333,0.33,0.334
mangalore_netravati,Mangalore,Karnataka,West Coast (Arabian Sea),12.8615,74.843,2.0,May 2018 Flash Flood (Western Ghats Runoff),2018-06-14T05:00,2.1,1007.0,13.4,35.3,0.347,0.33,0.334
mangalore_netravati,Mangalore,Karnataka,West Coast (Arabian Sea),12.8615,74.843,2.0,May 2018 Flash Flood (Western Ghats Runoff),2018-06-14T06:00,0.5,1006.9,9.7,34.9,0.338,0.333,0.334
mangalore_netravati,Mangalore,Karnataka,West Coast (Arabian Sea),12.8615,74.843,2.0,May 2018 Flash Flood (Western Ghats Runoff),2018-06-14T07:00,1.4,1006.7,14.4,36.0,0.341,0.333,0.334
mangalore_netravati,Mangalore,Karnataka,West Coast (Arabian Sea),12.8615,74.843,2.0,May 2018 Flash Flood (Western Ghats Runoff),2018-06-14T08:00,0.5,1006.1,13.0,36.0,0.335,0.334,0.334
mangalore_netravati,Mangalore,Karnataka,West Coast (Arabian Sea),12.8615,74.843,2.0,May 2018 Flash Flood (Western Ghats Runoff),2018-06-14T09:00,1.5,1006.1,13.3,39.6,0.339,0.334,0.334
mangalore_netravati,Mangalore,Karnataka,West Coast (Arabian Sea),12.8615,74.843,2.0,May 2018 Flash Flood (Western Ghats Runoff),2018-06-14T10:00,0.3,1005.5,11.5,35.3,0.333,0.334,0.334
mangalore_netravati,Mangalore,Karnataka,West Coast (Arabian Sea),12.8615,74.843,2.0,May 2018 Flash Flood (Western Ghats Runoff),2018-06-14T11:00,0.3,1005.4,13.0,34.9,0.328,0.334,0.334
mangalore_netravati,Mangalore,Karnataka,West Coast (Arabian Sea),12.8615,74.843,2.0,May 2018 Flash Flood (Western Ghats Runoff),2018-06-14T12:00,0.4,1004.8,10.1,34.6,0.332,0.333,0.333
mangalore_netravati,Mangalore,Karnataka,West Coast (Arabian Sea),12.8615,74.843,2.0,May 2018 Flash Flood (Western Ghats Runoff),2018-06-14T13:00,0.0,1004.9,8.0,24.5,0.326,0.332,0.333
mangalore_netravati,Mangalore,Karnataka,West Coast (Arabian Sea),12.8615,74.843,2.0,May 2018 Flash Flood (Western Ghats Runoff),2018-06-14T14:00,0.2,1005.6,5.5,20.2,0.322,0.331,0.333
mangalore_netravati,Mangalore,Karnataka,West Coast (Arabian Sea),12.8615,74.843,2.0,May 2018 Flash Flood (Western Ghats Runoff),2018-06-14T15:00,0.5,1006.4,8.9,27.4,0.321,0.331,0.333
mangalore_netravati,Mangalore,Karnataka,West Coast (Arabian Sea),12.8615,74.843,2.0,May 2018 Flash Flood (Western Ghats Runoff),2018-06-14T16:00,0.4,1007.1,6.8,27.4,0.322,0.33,0.333
mangalore_netravati,Mangalore,Karnataka,West Coast (Arabian Sea),12.8615,74.843,2.0,May 2018 Flash Flood (Western Ghats Runoff),2018-06-14T17:00,0.8,1007.6,8.6,25.9,0.327,0.329,0.333
mangalore_netravati,Mangalore,Karnataka,West Coast (Arabian Sea),12.8615,74.843,2.0,May 2018 Flash Flood (Western Ghats Runoff),2018-06-14T18:00,0.5,1007.6,7.9,24.5,0.328,0.329,0.333
mangalore_netravati,Mangalore,Karnataka,West Coast (Arabian Sea),12.8615,74.843,2.0,May 2018 Flash Flood (Western Ghats Runoff),2018-06-14T19:00,1.3,1007.3,11.2,29.9,0.337,0.329,0.333
mangalore_netravati,Mangalore,Karnataka,West Coast (Arabian Sea),12.8615,74.843,2.0,May 2018 Flash Flood (Western Ghats Runoff),2018-06-14T20:00,0.6,1006.2,10.0,28.4,0.335,0.33,0.333
mangalore_netravati,Mangalore,Karnataka,West Coast (Arabian Sea),12.8615,74.843,2.0,May 2018 Flash Flood (Western Ghats Runoff),2018-06-14T21:00,0.7,1005.7,10.8,27.7,0.336,0.331,0.333
mangalore_netravati,Mangalore,Karnataka,West Coast (Arabian Sea),12.8615,74.843,2.0,May 2018 Flash Flood (Western Ghats Runoff),2018-06-14T22:00,0.7,1005.6,10.1,25.9,0.336,0.331,0.333
mangalore_netravati,Mangalore,Karnataka,West Coast (Arabian Sea),12.8615,74.843,2.0,May 2018 Flash Flood (Western Ghats Runoff),2018-06-14T23:00,0.5,1005.5,7.2,24.1,0.334,0.332,0.333
mangalore_netravati,Mangalore,Karnataka,West Coast (Arabian Sea),12.8615,74.843,2.0,May 2018 Flash Flood (Western Ghats Runoff),2018-06-15T00:00,1.3,1005.1,7.1,25.9,0.348,0.329,0.333
mangalore_netravati,Mangalore,Karnataka,West Coast (Arabian Sea),12.8615,74.843,2.0,May 2018 Flash Flood (Western Ghats Runoff),2018-06-15T01:00,1.3,1005.6,4.0,20.5,0.347,0.333,0.333
mangalore_netravati,Mangalore,Karnataka,West Coast (Arabian Sea),12.8615,74.843,2.0,May 2018 Flash Flood (Western Ghats Runoff),2018-06-15T02:00,0.4,1006.3,5.2,19.1,0.339,0.335,0.333
mangalore_netravati,Mangalore,Karnataka,West Coast (Arabian Sea),12.8615,74.843,2.0,May 2018 Flash Flood (Western Ghats Runoff),2018-06-15T03:00,0.4,1007.0,7.2,22.3,0.334,0.335,0.333
mangalore_netravati,Mangalore,Karnataka,West Coast (Arabian Sea),12.8615,74.843,2.0,May 2018 Flash Flood (Western Ghats Runoff),2018-06-15T04:00,2.1,1007.8,11.6,32.0,0.351,0.336,0.333
mangalore_netravati,Mangalore,Karnataka,West Coast (Arabian Sea),12.8615,74.843,2.0,May 2018 Flash Flood (Western Ghats Runoff),2018-06-15T05:00,0.3,1007.8,10.9,32.0,0.34,0.338,0.333
mangalore_netravati,Mangalore,Karnataka,West Coast (Arabian Sea),12.8615,74.843,2.0,May 2018 Flash Flood (Western Ghats Runoff),2018-06-15T06:00,0.2,1007.7,12.4,33.8,0.333,0.337,0.333
mangalore_netravati,Mangalore,Karnataka,West Coast (Arabian Sea),12.8615,74.843,2.0,May 2018 Flash Flood (Western Ghats Runoff),2018-06-15T07:00,0.2,1007.1,11.1,35.3,0.326,0.336,0.333
mangalore_netravati,Mangalore,Karnataka,West Coast (Arabian Sea),12.8615,74.843,2.0,May 2018 Flash Flood (Western Ghats Runoff),2018-06-15T08:00,0.1,1006.6,11.5,33.1,0.32,0.335,0.333
mangalore_netravati,Mangalore,Karnataka,West Coast (Arabian Sea),12.8615,74.843,2.0,May 2018 Flash Flood (Western Ghats Runoff),2018-06-15T09:00,0.1,1006.0,13.0,37.4,0.316,0.333,0.333
mangalore_netravati,Mangalore,Karnataka,West Coast (Arabian Sea),12.8615,74.843,2.0,May 2018 Flash Flood (Western Ghats Runoff),2018-06-15T10:00,0.9,1006.0,8.8,37.1,0.318,0.331,0.333
mangalore_netravati,Mangalore,Karnataka,West Coast (Arabian Sea),12.8615,74.843,2.0,May 2018 Flash Flood (Western Ghats Runoff),2018-06-15T11:00,1.3,1006.0,10.8,30.2,0.326,0.331,0.332
mangalore_netravati,Mangalore,Karnataka,West Coast (Arabian Sea),12.8615,74.843,2.0,May 2018 Flash Flood (Western Ghats Runoff),2018-06-15T12:00,0.2,1005.1,10.0,28.4,0.344,0.362,0.347
mangalore_netravati,Mangalore,Karnataka,West Coast (Arabian Sea),12.8615,74.843,2.0,May 2018 Flash Flood (Western Ghats Runoff),2018-06-15T13:00,0.8,1005.7,10.4,25.2,0.34,0.358,0.348
mangalore_netravati,Mangalore,Karnataka,West Coast (Arabian Sea),12.8615,74.843,2.0,May 2018 Flash Flood (Western Ghats Runoff),2018-06-15T14:00,0.2,1006.2,7.6,21.6,0.334,0.355,0.348
mangalore_netravati,Mangalore,Karnataka,West Coast (Arabian Sea),12.8615,74.843,2.0,May 2018 Flash Flood (Western Ghats Runoff),2018-06-15T15:00,0.1,1006.8,5.1,16.6,0.329,0.351,0.348
mangalore_netravati,Mangalore,Karnataka,West Coast (Arabian Sea),12.8615,74.843,2.0,May 2018 Flash Flood (Western Ghats Runoff),2018-06-15T16:00,0.8,1008.0,7.2,17.6,0.334,0.349,0.348
mangalore_netravati,Mangalore,Karnataka,West Coast (Arabian Sea),12.8615,74.843,2.0,May 2018 Flash Flood (Western Ghats Runoff),2018-06-15T17:00,0.7,1008.5,5.6,18.0,0.336,0.347,0.348
mangalore_netravati,Mangalore,Karnataka,West Coast (Arabian Sea),12.8615,74.843,2.0,May 2018 Flash Flood (Western Ghats Runoff),2018-06-15T18:00,0.4,1008.4,4.1,17.3,0.333,0.346,0.348
mangalore_netravati,Mangalore,Karnataka,West Coast (Arabian Sea),12.8615,74.843,2.0,May 2018 Flash Flood (Western Ghats Runoff),2018-06-15T19:00,0.7,1008.3,5.2,16.6,0.335,0.344,0.348
mangalore_netravati,Mangalore,Karnataka,West Coast (Arabian Sea),12.8615,74.843,2.0,May 2018 Flash Flood (Western Ghats Runoff),2018-06-15T20:00,0.5,1007.6,8.7,19.1,0.334,0.343,0.348
mangalore_netravati,Mangalore,Karnataka,West Coast (Arabian Sea),12.8615,74.843,2.0,May 2018 Flash Flood (Western Ghats Runoff),2018-06-15T21:00,0.1,1007.1,11.2,26.6,0.328,0.341,0.348
mangalore_netravati,Mangalore,Karnataka,West Coast (Arabian Sea),12.8615,74.843,2.0,May 2018 Flash Flood (Western Ghats Runoff),2018-06-15T22:00,0.7,1007.0,11.3,31.0,0.332,0.34,0.347
mangalore_netravati,Mangalore,Karnataka,West Coast (Arabian Sea),12.8615,74.843,2.0,May 2018 Flash Flood (Western Ghats Runoff),2018-06-15T23:00,0.7,1007.3,8.3,29.5,0.334,0.339,0.347
mangalore_netravati,Mangalore,Karnataka,West Coast (Arabian Sea),12.8615,74.843,2.0,May 2018 Flash Flood (Western Ghats Runoff),2018-06-16T00:00,0.1,1006.2,6.7,23.4,0.328,0.335,0.347
mangalore_netravati,Mangalore,Karnataka,West Coast (Arabian Sea),12.8615,74.843,2.0,May 2018 Flash Flood (Western Ghats Runoff),2018-06-16T01:00,0.1,1006.9,2.5,15.5,0.323,0.334,0.347
mangalore_netravati,Mangalore,Karnataka,West Coast (Arabian Sea),12.8615,74.843,2.0,May 2018 Flash Flood (Western Ghats Runoff),2018-06-16T02:00,0.3,1007.6,6.9,23.4,0.322,0.332,0.347
mangalore_netravati,Mangalore,Karnataka,West Coast (Arabian Sea),12.8615,74.843,2.0,May 2018 Flash Flood (Western Ghats Runoff),2018-06-16T03:00,0.2,1008.2,8.3,28.4,0.319,0.33,0.347
mangalore_netravati,Mangalore,Karnataka,West Coast (Arabian Sea),12.8615,74.843,2.0,May 2018 Flash Flood (Western Ghats Runoff),2018-06-16T04:00,0.8,1008.7,6.7,33.1,0.321,0.328,0.346
mangalore_netravati,Mangalore,Karnataka,West Coast (Arabian Sea),12.8615,74.843,2.0,May 2018 Flash Flood (Western Ghats Runoff),2018-06-16T05:00,0.2,1008.9,7.6,28.8,0.318,0.326,0.346
mangalore_netravati,Mangalore,Karnataka,West Coast (Arabian Sea),12.8615,74.843,2.0,May 2018 Flash Flood (Western Ghats Runoff),2018-06-16T06:00,0.1,1008.7,8.7,32.0,0.314,0.324,0.346
mangalore_netravati,Mangalore,Karnataka,West Coast (Arabian Sea),12.8615,74.843,2.0,May 2018 Flash Flood (Western Ghats Runoff),2018-06-16T07:00,0.2,1008.2,8.7,34.6,0.31,0.322,0.345
mangalore_netravati,Mangalore,Karnataka,West Coast (Arabian Sea),12.8615,74.843,2.0,May 2018 Flash Flood (Western Ghats Runoff),2018-06-16T08:00,0.1,1007.8,11.2,37.4,0.306,0.319,0.345
mangalore_netravati,Mangalore,Karnataka,West Coast (Arabian Sea),12.8615,74.843,2.0,May 2018 Flash Flood (Western Ghats Runoff),2018-06-16T09:00,0.1,1007.4,10.5,36.7,0.303,0.316,0.344
mangalore_netravati,Mangalore,Karnataka,West Coast (Arabian Sea),12.8615,74.843,2.0,May 2018 Flash Flood (Western Ghats Runoff),2018-06-16T10:00,0.6,1007.0,10.8,34.9,0.304,0.314,0.344
mangalore_netravati,Mangalore,Karnataka,West Coast (Arabian Sea),12.8615,74.843,2.0,May 2018 Flash Flood (Western Ghats Runoff),2018-06-16T11:00,0.2,1007.0,8.7,34.9,0.303,0.312,0.344
mangalore_netravati,Mangalore,Karnataka,West Coast (Arabian Sea),12.8615,74.843,2.0,May 2018 Flash Flood (Western Ghats Runoff),2018-06-16T12:00,0.7,1006.3,9.0,30.2,0.304,0.313,0.345
mangalore_netravati,Mangalore,Karnataka,West Coast (Arabian Sea),12.8615,74.843,2.0,May 2018 Flash Flood (Western Ghats Runoff),2018-06-16T13:00,1.2,1006.6,9.8,24.8,0.314,0.311,0.344
mangalore_netravati,Mangalore,Karnataka,West Coast (Arabian Sea),12.8615,74.843,2.0,May 2018 Flash Flood (Western Ghats Runoff),2018-06-16T14:00,0.5,1007.5,6.3,23.4,0.315,0.31,0.344
mangalore_netravati,Mangalore,Karnataka,West Coast (Arabian Sea),12.8615,74.843,2.0,May 2018 Flash Flood (Western Ghats Runoff),2018-06-16T15:00,1.0,1008.2,6.2,17.3,0.323,0.31,0.343
mangalore_netravati,Mangalore,Karnataka,West Coast (Arabian Sea),12.8615,74.843,2.0,May 2018 Flash Flood (Western Ghats Runoff),2018-06-16T16:00,0.2,1008.9,6.6,17.6,0.319,0.31,0.343
mangalore_netravati,Mangalore,Karnataka,West Coast (Arabian Sea),12.8615,74.843,2.0,May 2018 Flash Flood (Western Ghats Runoff),2018-06-16T17:00,0.5,1009.1,6.5,18.0,0.32,0.31,0.343
mangalore_netravati,Mangalore,Karnataka,West Coast (Arabian Sea),12.8615,74.843,2.0,May 2018 Flash Flood (Western Ghats Runoff),2018-06-16T18:00,0.5,1009.3,5.8,18.0,0.321,0.309,0.342
mangalore_netravati,Mangalore,Karnataka,West Coast (Arabian Sea),12.8615,74.843,2.0,May 2018 Flash Flood (Western Ghats Runoff),2018-06-16T19:00,1.9,1009.0,9.4,19.8,0.337,0.31,0.342
mangalore_netravati,Mangalore,Karnataka,West Coast (Arabian Sea),12.8615,74.843,2.0,May 2018 Flash Flood (Western Ghats Runoff),2018-06-16T20:00,1.5,1008.3,9.6,22.0,0.339,0.314,0.342
mangalore_netravati,Mangalore,Karnataka,West Coast (Arabian Sea),12.8615,74.843,2.0,May 2018 Flash Flood (Western Ghats Runoff),2018-06-16T21:00,1.0,1008.0,8.1,23.4,0.337,0.317,0.341
mangalore_netravati,Mangalore,Karnataka,West Coast (Arabian Sea),12.8615,74.843,2.0,May 2018 Flash Flood (Western Ghats Runoff),2018-06-16T22:00,0.3,1007.7,7.4,21.6,0.33,0.318,0.341
mangalore_netravati,Mangalore,Karnataka,West Coast (Arabian Sea),12.8615,74.843,2.0,May 2018 Flash Flood (Western Ghats Runoff),2018-06-16T23:00,2.1,1007.8,10.6,24.5,0.345,0.32,0.341
mangalore_netravati,Mangalore,Karnataka,West Coast (Arabian Sea),12.8615,74.843,2.0,May 2018 Flash Flood (Western Ghats Runoff),2018-06-17T00:00,2.1,1007.4,8.0,25.6,0.323,0.309,0.34
mangalore_netravati,Mangalore,Karnataka,West Coast (Arabian Sea),12.8615,74.843,2.0,May 2018 Flash Flood (Western Ghats Runoff),2018-06-17T01:00,1.1,1007.9,9.2,22.7,0.328,0.31,0.34
mangalore_netravati,Mangalore,Karnataka,West Coast (Arabian Sea),12.8615,74.843,2.0,May 2018 Flash Flood (Western Ghats Runoff),2018-06-17T02:00,0.4,1008.6,10.1,25.2,0.324,0.31,0.34
mangalore_netravati,Mangalore,Karnataka,West Coast (Arabian Sea),12.8615,74.843,2.0,May 2018 Flash Flood (Western Ghats Runoff),2018-06-17T03:00,1.1,1009.5,13.4,31.7,0.329,0.311,0.339
mangalore_netravati,Mangalore,Karnataka,West Coast (Arabian Sea),12.8615,74.843,2.0,May 2018 Flash Flood (Western Ghats Runoff),2018-06-17T04:00,0.3,1010.1,14.4,33.1,0.323,0.311,0.339
mangalore_netravati,Mangalore,Karnataka,West Coast (Arabian Sea),12.8615,74.843,2.0,May 2018 Flash Flood (Western Ghats Runoff),2018-06-17T05:00,0.2,1010.1,10.9,33.8,0.318,0.311,0.339
mangalore_netravati,Mangalore,Karnataka,West Coast (Arabian Sea),12.8615,74.843,2.0,May 2018 Flash Flood (Western Ghats Runoff),2018-06-17T06:00,0.1,1009.7,11.6,36.4,0.313,0.31,0.338
mangalore_netravati,Mangalore,Karnataka,West Coast (Arabian Sea),12.8615,74.843,2.0,May 2018 Flash Flood (Western Ghats Runoff),2018-06-17T07:00,0.1,1009.1,10.1,36.0,0.309,0.309,0.338
mangalore_netravati,Mangalore,Karnataka,West Coast (Arabian Sea),12.8615,74.843,2.0,May 2018 Flash Flood (Western Ghats Runoff),2018-06-17T08:00,0.0,1008.2,9.7,34.6,0.305,0.307,0.338
mangalore_netravati,Mangalore,Karnataka,West Coast (Arabian Sea),12.8615,74.843,2.0,May 2018 Flash Flood (Western Ghats Runoff),2018-06-17T09:00,0.0,1007.3,7.3,34.6,0.301,0.305,0.337
mangalore_netravati,Mangalore,Karnataka,West Coast (Arabian Sea),12.8615,74.843,2.0,May 2018 Flash Flood (Western Ghats Runoff),2018-06-17T10:00,0.0,1006.5,7.2,29.9,0.298,0.304,0.337
mangalore_netravati,Mangalore,Karnataka,West Coast (Arabian Sea),12.8615,74.843,2.0,May 2018 Flash Flood (Western Ghats Runoff),2018-06-17T11:00,0.0,1006.2,8.8,31.0,0.295,0.302,0.337
mangalore_netravati,Mangalore,Karnataka,West Coast (Arabian Sea),12.8615,74.843,2.0,May 2018 Flash Flood (Western Ghats Runoff),2018-06-17T12:00,0.0,1005.5,8.3,31.0,0.302,0.305,0.337
mangalore_netravati,Mangalore,Karnataka,West Coast (Arabian Sea),12.8615,74.843,2.0,May 2018 Flash Flood (Western Ghats Runoff),2018-06-17T13:00,0.0,1005.8,5.1,17.6,0.299,0.303,0.337
mangalore_netravati,Mangalore,Karnataka,West Coast (Arabian Sea),12.8615,74.843,2.0,May 2018 Flash Flood (Western Ghats Runoff),2018-06-17T14:00,0.0,1006.5,4.7,10.1,0.297,0.302,0.336
mangalore_netravati,Mangalore,Karnataka,West Coast (Arabian Sea),12.8615,74.843,2.0,May 2018 Flash Flood (Western Ghats Runoff),2018-06-17T15:00,0.0,1007.2,6.8,13.0,0.296,0.301,0.336
mangalore_netravati,Mangalore,Karnataka,West Coast (Arabian Sea),12.8615,74.843,2.0,May 2018 Flash Flood (Western Ghats Runoff),2018-06-17T16:00,0.1,1007.5,7.0,13.0,0.295,0.3,0.336
mangalore_netravati,Mangalore,Karnataka,West Coast (Arabian Sea),12.8615,74.843,2.0,May 2018 Flash Flood (Western Ghats Runoff),2018-06-17T17:00,0.1,1007.8,5.1,19.1,0.294,0.299,0.335
mangalore_netravati,Mangalore,Karnataka,West Coast (Arabian Sea),12.8615,74.843,2.0,May 2018 Flash Flood (Western Ghats Runoff),2018-06-17T18:00,0.4,1008.1,8.4,25.6,0.295,0.298,0.335
mangalore_netravati,Mangalore,Karnataka,West Coast (Arabian Sea),12.8615,74.843,2.0,May 2018 Flash Flood (Western Ghats Runoff),2018-06-17T19:00,0.5,1007.8,12.5,22.0,0.298,0.297,0.335
mangalore_netravati,Mangalore,Karnataka,West Coast (Arabian Sea),12.8615,74.843,2.0,May 2018 Flash Flood (Western Ghats Runoff),2018-06-17T20:00,0.5,1007.0,10.1,28.8,0.302,0.296,0.335
mangalore_netravati,Mangalore,Karnataka,West Coast (Arabian Sea),12.8615,74.843,2.0,May 2018 Flash Flood (Western Ghats Runoff),2018-06-17T21:00,0.4,1006.5,10.5,24.8,0.304,0.296,0.334
mangalore_netravati,Mangalore,Karnataka,West Coast (Arabian Sea),12.8615,74.843,2.0,May 2018 Flash Flood (Western Ghats Runoff),2018-06-17T22:00,0.7,1006.1,10.8,28.4,0.309,0.296,0.334
mangalore_netravati,Mangalore,Karnataka,West Coast (Arabian Sea),12.8615,74.843,2.0,May 2018 Flash Flood (Western Ghats Runoff),2018-06-17T23:00,0.3,1006.0,7.9,26.6,0.308,0.296,0.334
mangalore_netravati,Mangalore,Karnataka,West Coast (Arabian Sea),12.8615,74.843,2.0,May 2018 Flash Flood (Western Ghats Runoff),2018-06-18T00:00,0.9,1005.6,5.9,31.3,0.308,0.301,0.334
mangalore_netravati,Mangalore,Karnataka,West Coast (Arabian Sea),12.8615,74.843,2.0,May 2018 Flash Flood (Western Ghats Runoff),2018-06-18T01:00,1.0,1006.1,10.7,28.4,0.317,0.301,0.333
mangalore_netravati,Mangalore,Karnataka,West Coast (Arabian Sea),12.8615,74.843,2.0,May 2018 Flash Flood (Western Ghats Runoff),2018-06-18T02:00,0.4,1006.6,9.2,29.5,0.315,0.301,0.333
mangalore_netravati,Mangalore,Karnataka,West Coast (Arabian Sea),12.8615,74.843,2.0,May 2018 Flash Flood (Western Ghats Runoff),2018-06-18T03:00,0.3,1007.1,10.8,29.2,0.312,0.301,0.333
mangalore_netravati,Mangalore,Karnataka,West Coast (Arabian Sea),12.8615,74.843,2.0,May 2018 Flash Flood (Western Ghats Runoff),2018-06-18T04:00,0.7,1008.0,15.8,40.3,0.312,0.301,0.333
mangalore_netravati,Mangalore,Karnataka,West Coast (Arabian Sea),12.8615,74.843,2.0,May 2018 Flash Flood (Western Ghats Runoff),2018-06-18T05:00,0.4,1008.3,14.8,39.2,0.31,0.301,0.332
mangalore_netravati,Mangalore,Karnataka,West Coast (Arabian Sea),12.8615,74.843,2.0,May 2018 Flash Flood (Western Ghats Runoff),2018-06-18T06:00,0.4,1007.8,17.9,44.3,0.308,0.301,0.332
mangalore_netravati,Mangalore,Karnataka,West Coast (Arabian Sea),12.8615,74.843,2.0,May 2018 Flash Flood (Western Ghats Runoff),2018-06-18T07:00,0.1,1007.5,16.1,45.4,0.304,0.3,0.332
mangalore_netravati,Mangalore,Karnataka,West Coast (Arabian Sea),12.8615,74.843,2.0,May 2018 Flash Flood (Western Ghats Runoff),2018-06-18T08:00,0.3,1007.1,12.5,43.6,0.302,0.299,0.331
mangalore_netravati,Mangalore,Karnataka,West Coast (Arabian Sea),12.8615,74.843,2.0,May 2018 Flash Flood (Western Ghats Runoff),2018-06-18T09:00,0.3,1006.4,13.8,45.0,0.301,0.298,0.331
mangalore_netravati,Mangalore,Karnataka,West Coast (Arabian Sea),12.8615,74.843,2.0,May 2018 Flash Flood (Western Ghats Runoff),2018-06-18T10:00,0.2,1005.7,14.7,42.8,0.299,0.297,0.331
mangalore_netravati,Mangalore,Karnataka,West Coast (Arabian Sea),12.8615,74.843,2.0,May 2018 Flash Flood (Western Ghats Runoff),2018-06-18T11:00,0.2,1005.4,15.3,42.8,0.298,0.296,0.331
mangalore_netravati,Mangalore,Karnataka,West Coast (Arabian Sea),12.8615,74.843,2.0,May 2018 Flash Flood (Western Ghats Runoff),2018-06-18T12:00,0.3,1004.8,8.6,42.1,0.314,0.318,0.33
mangalore_netravati,Mangalore,Karnataka,West Coast (Arabian Sea),12.8615,74.843,2.0,May 2018 Flash Flood (Western Ghats Runoff),2018-06-18T13:00,0.8,1005.7,13.6,32.0,0.318,0.317,0.33
mangalore_netravati,Mangalore,Karnataka,West Coast (Arabian Sea),12.8615,74.843,2.0,May 2018 Flash Flood (Western Ghats Runoff),2018-06-18T14:00,0.6,1005.8,7.4,34.2,0.321,0.317,0.33
mangalore_netravati,Mangalore,Karnataka,West Coast (Arabian Sea),12.8615,74.843,2.0,May 2018 Flash Flood (Western Ghats Runoff),2018-06-18T15:00,0.4,1006.6,8.2,26.6,0.32,0.317,0.33
mangalore_netravati,Mangalore,Karnataka,West Coast (Arabian Sea),12.8615,74.843,2.0,May 2018 Flash Flood (Western Ghats Runoff),2018-06-18T16:00,1.5,1007.6,10.5,27.4,0.333,0.317,0.33
mangalore_netravati,Mangalore,Karnataka,West Coast (Arabian Sea),12.8615,74.843,2.0,May 2018 Flash Flood (Western Ghats Runoff),2018-06-18T17:00,1.8,1007.8,10.9,28.8,0.342,0.32,0.33
mangalore_netravati,Mangalore,Karnataka,West Coast (Arabian Sea),12.8615,74.843,2.0,May 2018 Flash Flood (Western Ghats Runoff),2018-06-18T18:00,1.1,1007.8,9.8,28.1,0.341,0.324,0.33
mangalore_netravati,Mangalore,Karnataka,West Coast (Arabian Sea),12.8615,74.843,2.0,May 2018 Flash Flood (Western Ghats Runoff),2018-06-18T19:00,0.4,1006.9,6.6,28.4,0.334,0.326,0.33
mangalore_netravati,Mangalore,Karnataka,West Coast (Arabian Sea),12.8615,74.843,2.0,May 2018 Flash Flood (Western Ghats Runoff),2018-06-18T20:00,0.7,1006.4,10.5,27.4,0.335,0.327,0.33
mangalore_netravati,Mangalore,Karnataka,West Coast (Arabian Sea),12.8615,74.843,2.0,May 2018 Flash Flood (Western Ghats Runoff),2018-06-18T21:00,1.4,1006.3,9.2,29.9,0.341,0.329,0.33
mangalore_netravati,Mangalore,Karnataka,West Coast (Arabian Sea),12.8615,74.843,2.0,May 2018 Flash Flood (Western Ghats Runoff),2018-06-18T22:00,0.8,1006.2,8.7,28.4,0.34,0.331,0.33
mangalore_netravati,Mangalore,Karnataka,West Coast (Arabian Sea),12.8615,74.843,2.0,May 2018 Flash Flood (Western Ghats Runoff),2018-06-18T23:00,1.0,1006.2,10.2,29.9,0.341,0.332,0.33
mangalore_netravati,Mangalore,Karnataka,West Coast (Arabian Sea),12.8615,74.843,2.0,May 2018 Flash Flood (Western Ghats Runoff),2018-06-19T00:00,0.8,1005.1,12.6,33.1,0.365,0.341,0.33
mangalore_netravati,Mangalore,Karnataka,West Coast (Arabian Sea),12.8615,74.843,2.0,May 2018 Flash Flood (Western Ghats Runoff),2018-06-19T01:00,1.4,1005.0,15.6,37.1,0.358,0.345,0.331
mangalore_netravati,Mangalore,Karnataka,West Coast (Arabian Sea),12.8615,74.843,2.0,May 2018 Flash Flood (Western Ghats Runoff),2018-06-19T02:00,1.1,1005.6,14.6,36.7,0.352,0.348,0.331
mangalore_netravati,Mangalore,Karnataka,West Coast (Arabian Sea),12.8615,74.843,2.0,May 2018 Flash Flood (Western Ghats Runoff),2018-06-19T03:00,1.0,1006.2,14.7,37.1,0.35,0.348,0.332
mangalore_netravati,Mangalore,Karnataka,West Coast (Arabian Sea),12.8615,74.843,2.0,May 2018 Flash Flood (Western Ghats Runoff),2018-06-19T04:00,0.7,1006.3,18.5,41.4,0.344,0.347,0.333
mangalore_netravati,Mangalore,Karnataka,West Coast (Arabian Sea),12.8615,74.843,2.0,May 2018 Flash Flood (Western Ghats Runoff),2018-06-19T05:00,0.5,1006.1,17.9,43.6,0.338,0.346,0.333
mangalore_netravati,Mangalore,Karnataka,West Coast (Arabian Sea),12.8615,74.843,2.0,May 2018 Flash Flood (Western Ghats Runoff),2018-06-19T06:00,1.4,1006.2,15.5,48.6,0.341,0.345,0.334
mangalore_netravati,Mangalore,Karnataka,West Coast (Arabian Sea),12.8615,74.843,2.0,May 2018 Flash Flood (Western Ghats Runoff),2018-06-19T07:00,1.7,1005.7,20.2,51.1,0.347,0.345,0.334
mangalore_netravati,Mangalore,Karnataka,West Coast (Arabian Sea),12.8615,74.843,2.0,May 2018 Flash Flood (Western Ghats Runoff),2018-06-19T08:00,3.8,1005.2,24.0,55.1,0.368,0.349,0.334
mangalore_netravati,Mangalore,Karnataka,West Coast (Arabian Sea),12.8615,74.843,2.0,May 2018 Flash Flood (Western Ghats Runoff),2018-06-19T09:00,1.9,1004.8,21.7,54.4,0.366,0.352,0.335
mangalore_netravati,Mangalore,Karnataka,West Coast (Arabian Sea),12.8615,74.843,2.0,May 2018 Flash Flood (Western Ghats Runoff),2018-06-19T10:00,1.3,1004.1,20.9,50.4,0.359,0.353,0.336
mangalore_netravati,Mangalore,Karnataka,West Coast (Arabian Sea),12.8615,74.843,2.0,May 2018 Flash Flood (Western Ghats Runoff),2018-06-19T11:00,0.9,1004.0,16.9,46.8,0.351,0.353,0.337
mangalore_netravati,Mangalore,Karnataka,West Coast (Arabian Sea),12.8615,74.843,2.0,May 2018 Flash Flood (Western Ghats Runoff),2018-06-19T12:00,1.3,1003.7,12.8,39.6,0.351,0.35,0.341
mangalore_netravati,Mangalore,Karnataka,West Coast (Arabian Sea),12.8615,74.843,2.0,May 2018 Flash Flood (Western Ghats Runoff),2018-06-19T13:00,1.5,1004.0,14.6,31.0,0.358,0.35,0.341
mangalore_netravati,Mangalore,Karnataka,West Coast (Arabian Sea),12.8615,74.843,2.0,May 2018 Flash Flood (Western Ghats Runoff),2018-06-19T14:00,3.0,1004.6,13.6,33.5,0.366,0.355,0.342
mangalore_netravati,Mangalore,Karnataka,West Coast (Arabian Sea),12.8615,74.843,2.0,May 2018 Flash Flood (Western Ghats Runoff),2018-06-19T15:00,1.3,1005.3,12.5,29.2,0.359,0.357,0.343
mangalore_netravati,Mangalore,Karnataka,West Coast (Arabian Sea),12.8615,74.843,2.0,May 2018 Flash Flood (Western Ghats Runoff),2018-06-19T16:00,2.6,1005.8,13.8,31.0,0.369,0.359,0.343
mangalore_netravati,Mangalore,Karnataka,West Coast (Arabian Sea),12.8615,74.843,2.0,May 2018 Flash Flood (Western Ghats Runoff),2018-06-19T17:00,5.9,1006.1,17.0,33.5,0.387,0.372,0.345
mangalore_netravati,Mangalore,Karnataka,West Coast (Arabian Sea),12.8615,74.843,2.0,May 2018 Flash Flood (Western Ghats Runoff),2018-06-19T18:00,1.4,1005.8,16.7,33.5,0.364,0.373,0.348
mangalore_netravati,Mangalore,Karnataka,West Coast (Arabian Sea),12.8615,74.843,2.0,May 2018 Flash Flood (Western Ghats Runoff),2018-06-19T19:00,1.0,1005.4,15.3,33.1,0.358,0.368,0.349
mangalore_netravati,Mangalore,Karnataka,West Coast (Arabian Sea),12.8615,74.843,2.0,May 2018 Flash Flood (Western Ghats Runoff),2018-06-19T20:00,2.4,1004.9,13.7,29.2,0.37,0.366,0.351
mangalore_netravati,Mangalore,Karnataka,West Coast (Arabian Sea),12.8615,74.843,2.0,May 2018 Flash Flood (Western Ghats Runoff),2018-06-19T21:00,0.7,1004.6,12.1,28.1,0.357,0.365,0.352
mangalore_netravati,Mangalore,Karnataka,West Coast (Arabian Sea),12.8615,74.843,2.0,May 2018 Flash Flood (Western Ghats Runoff),2018-06-19T22:00,2.9,1004.7,16.3,33.1,0.372,0.365,0.353
mangalore_netravati,Mangalore,Karnataka,West Coast (Arabian Sea),12.8615,74.843,2.0,May 2018 Flash Flood (Western Ghats Runoff),2018-06-19T23:00,0.4,1004.9,13.6,31.0,0.355,0.364,0.354
mangalore_netravati,Mangalore,Karnataka,West Coast (Arabian Sea),12.8615,74.843,2.0,May 2018 Flash Flood (Western Ghats Runoff),2018-06-20T00:00,1.2,1003.7,11.9,27.4,0.366,0.361,0.352
mangalore_netravati,Mangalore,Karnataka,West Coast (Arabian Sea),12.8615,74.843,2.0,May 2018 Flash Flood (Western Ghats Runoff),2018-06-20T01:00,1.1,1004.4,13.0,24.5,0.361,0.361,0.353
mangalore_netravati,Mangalore,Karnataka,West Coast (Arabian Sea),12.8615,74.843,2.0,May 2018 Flash Flood (Western Ghats Runoff),2018-06-20T02:00,1.4,1004.9,12.3,24.8,0.36,0.36,0.353
mangalore_netravati,Mangalore,Karnataka,West Coast (Arabian Sea),12.8615,74.843,2.0,May 2018 Flash Flood (Western Ghats Runoff),2018-06-20T03:00,3.0,1005.4,12.5,28.8,0.367,0.364,0.354
mangalore_netravati,Mangalore,Karnataka,West Coast (Arabian Sea),12.8615,74.843,2.0,May 2018 Flash Flood (Western Ghats Runoff),2018-06-20T04:00,1.5,1005.7,12.4,25.9,0.362,0.364,0.355
mangalore_netravati,Mangalore,Karnataka,West Coast (Arabian Sea),12.8615,74.843,2.0,May 2018 Flash Flood (Western Ghats Runoff),2018-06-20T05:00,1.7,1005.7,12.8,28.8,0.362,0.363,0.355
mangalore_netravati,Mangalore,Karnataka,West Coast (Arabian Sea),12.8615,74.843,2.0,May 2018 Flash Flood (Western Ghats Runoff),2018-06-20T06:00,3.1,1005.4,14.5,37.8,0.369,0.366,0.356
mangalore_netravati,Mangalore,Karnataka,West Coast (Arabian Sea),12.8615,74.843,2.0,May 2018 Flash Flood (Western Ghats Runoff),2018-06-20T07:00,2.9,1005.2,20.2,46.4,0.374,0.368,0.357
mangalore_netravati,Mangalore,Karnataka,West Coast (Arabian Sea),12.8615,74.843,2.0,May 2018 Flash Flood (Western Ghats Runoff),2018-06-20T08:00,2.5,1004.9,20.8,46.1,0.374,0.369,0.358
mangalore_netravati,Mangalore,Karnataka,West Coast (Arabian Sea),12.8615,74.843,2.0,May 2018 Flash Flood (Western Ghats Runoff),2018-06-20T09:00,3.4,1004.4,20.7,47.5,0.378,0.373,0.359
mangalore_netravati,Mangalore,Karnataka,West Coast (Arabian Sea),12.8615,74.843,2.0,May 2018 Flash Flood (Western Ghats Runoff),2018-06-20T10:00,2.9,1003.9,20.1,47.9,0.375,0.375,0.36
mangalore_netravati,Mangalore,Karnataka,West Coast (Arabian Sea),12.8615,74.843,2.0,May 2018 Flash Flood (Western Ghats Runoff),2018-06-20T11:00,2.3,1003.3,17.1,46.8,0.373,0.374,0.362
mangalore_netravati,Mangalore,Karnataka,West Coast (Arabian Sea),12.8615,74.843,2.0,May 2018 Flash Flood (Western Ghats Runoff),2018-06-20T12:00,2.2,1003.3,11.1,41.8,0.381,0.381,0.37
mangalore_netravati,Mangalore,Karnataka,West Coast (Arabian Sea),12.8615,74.843,2.0,May 2018 Flash Flood (Western Ghats Runoff),2018-06-20T13:00,1.8,1003.4,10.4,27.4,0.37,0.378,0.371
mangalore_netravati,Mangalore,Karnataka,West Coast (Arabian Sea),12.8615,74.843,2.0,May 2018 Flash Flood (Western Ghats Runoff),2018-06-20T14:00,2.1,1003.9,8.0,28.8,0.369,0.376,0.372
mangalore_netravati,Mangalore,Karnataka,West Coast (Arabian Sea),12.8615,74.843,2.0,May 2018 Flash Flood (Western Ghats Runoff),2018-06-20T15:00,2.8,1004.9,12.3,29.5,0.377,0.375,0.372
mangalore_netravati,Mangalore,Karnataka,West Coast (Arabian Sea),12.8615,74.843,2.0,May 2018 Flash Flood (Western Ghats Runoff),2018-06-20T16:00,1.5,1005.5,11.7,30.6,0.366,0.374,0.372
mangalore_netravati,Mangalore,Karnataka,West Coast (Arabian Sea),12.8615,74.843,2.0,May 2018 Flash Flood (Western Ghats Runoff),2018-06-20T17:00,0.5,1005.9,11.5,30.6,0.354,0.37,0.372
mangalore_netravati,Mangalore,Karnataka,West Coast (Arabian Sea),12.8615,74.843,2.0,May 2018 Flash Flood (Western Ghats Runoff),2018-06-20T18:00,2.4,1006.0,11.2,32.8,0.368,0.367,0.372
mangalore_netravati,Mangalore,Karnataka,West Coast (Arabian Sea),12.8615,74.843,2.0,May 2018 Flash Flood (Western Ghats Runoff),2018-06-20T19:00,3.7,1005.5,12.2,31.3,0.375,0.372,0.371
mangalore_netravati,Mangalore,Karnataka,West Coast (Arabian Sea),12.8615,74.843,2.0,May 2018 Flash Flood (Western Ghats Runoff),2018-06-20T20:00,1.1,1004.6,6.6,32.4,0.362,0.372,0.371
mangalore_netravati,Mangalore,Karnataka,West Coast (Arabian Sea),12.8615,74.843,2.0,May 2018 Flash Flood (Western Ghats Runoff),2018-06-20T21:00,0.4,1004.3,6.6,29.5,0.351,0.368,0.371
mangalore_netravati,Mangalore,Karnataka,West Coast (Arabian Sea),12.8615,74.843,2.0,May 2018 Flash Flood (Western Ghats Runoff),2018-06-20T22:00,6.1,1003.8,10.5,28.8,0.397,0.372,0.371
mangalore_netravati,Mangalore,Karnataka,West Coast (Arabian Sea),12.8615,74.843,2.0,May 2018 Flash Flood (Western Ghats Runoff),2018-06-20T23:00,2.2,1003.8,16.4,38.5,0.367,0.378,0.372
mangalore_netravati,Mangalore,Karnataka,West Coast (Arabian Sea),12.8615,74.843,2.0,May 2018 Flash Flood (Western Ghats Runoff),2018-06-21T00:00,0.8,1003.7,12.0,45.0,0.349,0.344,0.369
mangalore_netravati,Mangalore,Karnataka,West Coast (Arabian Sea),12.8615,74.843,2.0,May 2018 Flash Flood (Western Ghats Runoff),2018-06-21T01:00,3.1,1004.6,13.8,34.6,0.365,0.346,0.368
mangalore_netravati,Mangalore,Karnataka,West Coast (Arabian Sea),12.8615,74.843,2.0,May 2018 Flash Flood (Western Ghats Runoff),2018-06-21T02:00,2.5,1005.4,14.9,38.5,0.363,0.35,0.367
mangalore_netravati,Mangalore,Karnataka,West Coast (Arabian Sea),12.8615,74.843,2.0,May 2018 Flash Flood (Western Ghats Runoff),2018-06-21T03:00,1.4,1005.7,19.8,44.6,0.358,0.351,0.367
mangalore_netravati,Mangalore,Karnataka,West Coast (Arabian Sea),12.8615,74.843,2.0,May 2018 Flash Flood (Western Ghats Runoff),2018-06-21T04:00,0.9,1005.9,20.4,45.0,0.352,0.35,0.367
mangalore_netravati,Mangalore,Karnataka,West Coast (Arabian Sea),12.8615,74.843,2.0,May 2018 Flash Flood (Western Ghats Runoff),2018-06-21T05:00,2.8,1005.6,12.7,44.6,0.367,0.349,0.366
mangalore_netravati,Mangalore,Karnataka,West Coast (Arabian Sea),12.8615,74.843,2.0,May 2018 Flash Flood (Western Ghats Runoff),2018-06-21T06:00,30.8,1005.6,14.0,29.2,0.403,0.403,0.378
mangalore_netravati,Mangalore,Karnataka,West Coast (Arabian Sea),12.8615,74.843,2.0,May 2018 Flash Flood (Western Ghats Runoff),2018-06-21T07:00,34.5,1004.5,14.0,36.0,0.389,0.398,0.4
mangalore_netravati,Mangalore,Karnataka,West Coast (Arabian Sea),12.8615,74.843,2.0,May 2018 Flash Flood (Western Ghats Runoff),2018-06-21T08:00,8.8,1004.1,14.8,37.8,0.386,0.395,0.399
mangalore_netravati,Mangalore,Karnataka,West Coast (Arabian Sea),12.8615,74.843,2.0,May 2018 Flash Flood (Western Ghats Runoff),2018-06-21T09:00,2.5,1004.2,11.8,28.1,0.372,0.378,0.396
mangalore_netravati,Mangalore,Karnataka,West Coast (Arabian Sea),12.8615,74.843,2.0,May 2018 Flash Flood (Western Ghats Runoff),2018-06-21T10:00,1.4,1003.9,10.2,35.6,0.363,0.364,0.393
mangalore_netravati,Mangalore,Karnataka,West Coast (Arabian Sea),12.8615,74.843,2.0,May 2018 Flash Flood (Western Ghats Runoff),2018-06-21T11:00,1.2,1003.9,9.0,33.1,0.358,0.352,0.391
mangalore_netravati,Mangalore,Karnataka,West Coast (Arabian Sea),12.8615,74.843,2.0,May 2018 Flash Flood (Western Ghats Runoff),2018-06-21T12:00,1.3,1003.2,8.6,34.9,0.326,0.34,0.364
mangalore_netravati,Mangalore,Karnataka,West Coast (Arabian Sea),12.8615,74.843,2.0,May 2018 Flash Flood (Western Ghats Runoff),2018-06-21T13:00,0.0,1003.6,6.5,16.9,0.321,0.336,0.363
mangalore_netravati,Mangalore,Karnataka,West Coast (Arabian Sea),12.8615,74.843,2.0,May 2018 Flash Flood (Western Ghats Runoff),2018-06-21T14:00,0.0,1004.3,4.6,12.2,0.317,0.332,0.363
mangalore_netravati,Mangalore,Karnataka,West Coast (Arabian Sea),12.8615,74.843,2.0,May 2018 Flash Flood (Western Ghats Runoff),2018-06-21T15:00,0.5,1005.2,12.3,37.4,0.317,0.328,0.362
mangalore_netravati,Mangalore,Karnataka,West Coast (Arabian Sea),12.8615,74.843,2.0,May 2018 Flash Flood (Western Ghats Runoff),2018-06-21T16:00,0.6,1005.5,5.7,37.4,0.318,0.325,0.362
mangalore_netravati,Mangalore,Karnataka,West Coast (Arabian Sea),12.8615,74.843,2.0,May 2018 Flash Flood (Western Ghats Runoff),2018-06-21T17:00,0.0,1006.0,7.0,13.0,0.314,0.321,0.361
mangalore_netravati,Mangalore,Karnataka,West Coast (Arabian Sea),12.8615,74.843,2.0,May 2018 Flash Flood (Western Ghats Runoff),2018-06-21T18:00,0.1,1006.2,8.3,14.8,0.312,0.318,0.36
mangalore_netravati,Mangalore,Karnataka,West Coast (Arabian Sea),12.8615,74.843,2.0,May 2018 Flash Flood (Western Ghats Runoff),2018-06-21T19:00,0.4,1005.8,4.7,25.2,0.314,0.315,0.36
mangalore_netravati,Mangalore,Karnataka,West Coast (Arabian Sea),12.8615,74.843,2.0,May 2018 Flash Flood (Western Ghats Runoff),2018-06-21T20:00,0.2,1005.4,6.7,11.2,0.312,0.313,0.359
mangalore_netravati,Mangalore,Karnataka,West Coast (Arabian Sea),12.8615,74.843,2.0,May 2018 Flash Flood (Western Ghats Runoff),2018-06-21T21:00,0.0,1004.9,5.8,14.4,0.309,0.31,0.358
mangalore_netravati,Mangalore,Karnataka,West Coast (Arabian Sea),12.8615,74.843,2.0,May 2018 Flash Flood (Western Ghats Runoff),2018-06-21T22:00,0.2,1004.6,4.6,10.4,0.309,0.308,0.358
mangalore_netravati,Mangalore,Karnataka,West Coast (Arabian Sea),12.8615,74.843,2.0,May 2018 Flash Flood (Western Ghats Runoff),2018-06-21T23:00,0.4,1004.7,4.9,26.6,0.311,0.306,0.357
mangalore_netravati,Mangalore,Karnataka,West Coast (Arabian Sea),12.8615,74.843,2.0,May 2018 Flash Flood (Western Ghats Runoff),2018-06-22T00:00,1.5,1004.1,3.6,31.0,0.309,0.31,0.357
mangalore_netravati,Mangalore,Karnataka,West Coast (Arabian Sea),12.8615,74.843,2.0,May 2018 Flash Flood (Western Ghats Runoff),2018-06-22T01:00,0.1,1004.4,2.1,5.8,0.307,0.308,0.357
mangalore_netravati,Mangalore,Karnataka,West Coast (Arabian Sea),12.8615,74.843,2.0,May 2018 Flash Flood (Western Ghats Runoff),2018-06-22T02:00,0.4,1005.2,2.3,16.9,0.308,0.306,0.356
mangalore_netravati,Mangalore,Karnataka,West Coast (Arabian Sea),12.8615,74.843,2.0,May 2018 Flash Flood (Western Ghats Runoff),2018-06-22T03:00,1.0,1005.7,1.8,22.7,0.316,0.304,0.355
mangalore_netravati,Mangalore,Karnataka,West Coast (Arabian Sea),12.8615,74.843,2.0,May 2018 Flash Flood (Western Ghats Runoff),2018-06-22T04:00,0.2,1005.3,5.9,23.0,0.312,0.303,0.355
mangalore_netravati,Mangalore,Karnataka,West Coast (Arabian Sea),12.8615,74.843,2.0,May 2018 Flash Flood (Western Ghats Runoff),2018-06-22T05:00,0.7,1005.7,7.4,40.0,0.313,0.302,0.354
mangalore_netravati,Mangalore,Karnataka,West Coast (Arabian Sea),12.8615,74.843,2.0,May 2018 Flash Flood (Western Ghats Runoff),2018-06-22T06:00,2.3,1005.2,8.6,40.7,0.331,0.302,0.353
mangalore_netravati,Mangalore,Karnataka,West Coast (Arabian Sea),12.8615,74.843,2.0,May 2018 Flash Flood (Western Ghats Runoff),2018-06-22T07:00,2.4,1004.8,11.1,21.2,0.345,0.305,0.353
mangalore_netravati,Mangalore,Karnataka,West Coast (Arabian Sea),12.8615,74.843,2.0,May 2018 Flash Flood (Western Ghats Runoff),2018-06-22T08:00,1.6,1004.4,11.2,35.6,0.342,0.31,0.352
mangalore_netravati,Mangalore,Karnataka,West Coast (Arabian Sea),12.8615,74.843,2.0,May 2018 Flash Flood (Western Ghats Runoff),2018-06-22T09:00,1.6,1004.3,13.7,35.3,0.343,0.312,0.351
mangalore_netravati,Mangalore,Karnataka,West Coast (Arabian Sea),12.8615,74.843,2.0,May 2018 Flash Flood (Western Ghats Runoff),2018-06-22T10:00,2.3,1003.5,11.4,36.4,0.345,0.318,0.351
mangalore_netravati,Mangalore,Karnataka,West Coast (Arabian Sea),12.8615,74.843,2.0,May 2018 Flash Flood (Western Ghats Runoff),2018-06-22T11:00,0.9,1003.4,14.6,33.1,0.34,0.32,0.35
mangalore_netravati,Mangalore,Karnataka,West Coast (Arabian Sea),12.8615,74.843,2.0,May 2018 Flash Flood (Western Ghats Runoff),2018-06-22T12:00,0.8,1003.6,8.6,35.3,0.339,0.348,0.363
mangalore_netravati,Mangalore,Karnataka,West Coast (Arabian Sea),12.8615,74.843,2.0,May 2018 Flash Flood (Western Ghats Runoff),2018-06-22T13:00,2.4,1003.9,11.0,27.4,0.36,0.346,0.363
mangalore_netravati,Mangalore,Karnataka,West Coast (Arabian Sea),12.8615,74.843,2.0,May 2018 Flash Flood (Western Ghats Runoff),2018-06-22T14:00,1.2,1004.3,13.4,30.6,0.354,0.348,0.363
mangalore_netravati,Mangalore,Karnataka,West Coast (Arabian Sea),12.8615,74.843,2.0,May 2018 Flash Flood (Western Ghats Runoff),2018-06-22T15:00,0.6,1004.8,11.0,26.6,0.348,0.346,0.362
mangalore_netravati,Mangalore,Karnataka,West Coast (Arabian Sea),12.8615,74.843,2.0,May 2018 Flash Flood (Western Ghats Runoff),2018-06-22T16:00,1.0,1005.4,10.6,29.2,0.348,0.345,0.362
mangalore_netravati,Mangalore,Karnataka,West Coast (Arabian Sea),12.8615,74.843,2.0,May 2018 Flash Flood (Western Ghats Runoff),2018-06-22T17:00,1.3,1005.8,12.6,32.4,0.35,0.344,0.362
mangalore_netravati,Mangalore,Karnataka,West Coast (Arabian Sea),12.8615,74.843,2.0,May 2018 Flash Flood (Western Ghats Runoff),2018-06-22T18:00,1.8,1005.8,10.5,30.2,0.357,0.344,0.361
mangalore_netravati,Mangalore,Karnataka,West Coast (Arabian Sea),12.8615,74.843,2.0,May 2018 Flash Flood (Western Ghats Runoff),2018-06-22T19:00,1.7,1005.4,10.5,30.6,0.357,0.346,0.361
mangalore_netravati,Mangalore,Karnataka,West Coast (Arabian Sea),12.8615,74.843,2.0,May 2018 Flash Flood (Western Ghats Runoff),2018-06-22T20:00,1.4,1004.8,10.9,31.7,0.355,0.347,0.361
mangalore_netravati,Mangalore,Karnataka,West Coast (Arabian Sea),12.8615,74.843,2.0,May 2018 Flash Flood (Western Ghats Runoff),2018-06-22T21:00,0.6,1004.2,11.4,35.6,0.349,0.347,0.361
mangalore_netravati,Mangalore,Karnataka,West Coast (Arabian Sea),12.8615,74.843,2.0,May 2018 Flash Flood (Western Ghats Runoff),2018-06-22T22:00,1.0,1003.8,9.7,34.6,0.349,0.345,0.361
mangalore_netravati,Mangalore,Karnataka,West Coast (Arabian Sea),12.8615,74.843,2.0,May 2018 Flash Flood (Western Ghats Runoff),2018-06-22T23:00,0.7,1003.8,4.9,30.6,0.345,0.344,0.36
mangalore_netravati,Mangalore,Karnataka,West Coast (Arabian Sea),12.8615,74.843,2.0,May 2018 Flash Flood (Western Ghats Runoff),2018-06-23T00:00,0.1,1003.5,6.3,15.5,0.361,0.344,0.361
mangalore_netravati,Mangalore,Karnataka,West Coast (Arabian Sea),12.8615,74.843,2.0,May 2018 Flash Flood (Western Ghats Runoff),2018-06-23T01:00,25.4,1003.8,8.4,27.4,0.403,0.403,0.364
mangalore_netravati,Mangalore,Karnataka,West Coast (Arabian Sea),12.8615,74.843,2.0,May 2018 Flash Flood (Western Ghats Runoff),2018-06-23T02:00,31.4,1004.7,8.4,16.9,0.398,0.401,0.396
mangalore_netravati,Mangalore,Karnataka,West Coast (Arabian Sea),12.8615,74.843,2.0,May 2018 Flash Flood (Western Ghats Runoff),2018-06-23T03:00,12.1,1005.5,3.6,21.6,0.394,0.395,0.399
mangalore_netravati,Mangalore,Karnataka,West Coast (Arabian Sea),12.8615,74.843,2.0,May 2018 Flash Flood (Western Ghats Runoff),2018-06-23T04:00,3.8,1006.1,3.2,7.6,0.381,0.383,0.397
mangalore_netravati,Mangalore,Karnataka,West Coast (Arabian Sea),12.8615,74.843,2.0,May 2018 Flash Flood (Western Ghats Runoff),2018-06-23T05:00,1.2,1006.1,1.8,26.6,0.365,0.368,0.394
mangalore_netravati,Mangalore,Karnataka,West Coast (Arabian Sea),12.8615,74.843,2.0,May 2018 Flash Flood (Western Ghats Runoff),2018-06-23T06:00,1.1,1006.0,4.0,22.0,0.355,0.355,0.392
mangalore_netravati,Mangalore,Karnataka,West Coast (Arabian Sea),12.8615,74.843,2.0,May 2018 Flash Flood (Western Ghats Runoff),2018-06-23T07:00,0.6,1005.5,10.9,33.5,0.346,0.344,0.389
mangalore_netravati,Mangalore,Karnataka,West Coast (Arabian Sea),12.8615,74.843,2.0,May 2018 Flash Flood (Western Ghats Runoff),2018-06-23T08:00,0.4,1005.0,14.3,39.2,0.338,0.336,0.387
mangalore_netravati,Mangalore,Karnataka,West Coast (Arabian Sea),12.8615,74.843,2.0,May 2018 Flash Flood (Western Ghats Runoff),2018-06-23T09:00,2.0,1004.4,13.0,39.6,0.345,0.33,0.384
mangalore_netravati,Mangalore,Karnataka,West Coast (Arabian Sea),12.8615,74.843,2.0,May 2018 Flash Flood (Western Ghats Runoff),2018-06-23T10:00,1.7,1004.0,13.9,40.0,0.347,0.327,0.382
mangalore_netravati,Mangalore,Karnataka,West Coast (Arabian Sea),12.8615,74.843,2.0,May 2018 Flash Flood (Western Ghats Runoff),2018-06-23T11:00,2.3,1003.8,13.8,36.4,0.358,0.324,0.38
mangalore_netravati,Mangalore,Karnataka,West Coast (Arabian Sea),12.8615,74.843,2.0,May 2018 Flash Flood (Western Ghats Runoff),2018-06-23T12:00,0.8,1003.7,10.2,35.6,0.346,0.329,0.38
mangalore_netravati,Mangalore,Karnataka,West Coast (Arabian Sea),12.8615,74.843,2.0,May 2018 Flash Flood (Western Ghats Runoff),2018-06-23T13:00,1.5,1004.2,10.7,32.4,0.347,0.327,0.378
mangalore_netravati,Mangalore,Karnataka,West Coast (Arabian Sea),12.8615,74.843,2.0,May 2018 Flash Flood (Western Ghats Runoff),2018-06-23T14:00,0.3,1004.9,3.4,32.0,0.336,0.324,0.377
mangalore_netravati,Mangalore,Karnataka,West Coast (Arabian Sea),12.8615,74.843,2.0,May 2018 Flash Flood (Western Ghats Runoff),2018-06-23T15:00,0.9,1006.0,9.3,28.1,0.338,0.321,0.375
mangalore_netravati,Mangalore,Karnataka,West Coast (Arabian Sea),12.8615,74.843,2.0,May 2018 Flash Flood (Western Ghats Runoff),2018-06-23T16:00,1.3,1006.3,9.2,31.0,0.341,0.319,0.374
mangalore_netravati,Mangalore,Karnataka,West Coast (Arabian Sea),12.8615,74.843,2.0,May 2018 Flash Flood (Western Ghats Runoff),2018-06-23T17:00,0.5,1006.7,8.4,29.5,0.335,0.318,0.372
mangalore_netravati,Mangalore,Karnataka,West Coast (Arabian Sea),12.8615,74.843,2.0,May 2018 Flash Flood (Western Ghats Runoff),2018-06-23T18:00,0.8,1006.5,8.6,32.4,0.334,0.316,0.371
mangalore_netravati,Mangalore,Karnataka,West Coast (Arabian Sea),12.8615,74.843,2.0,May 2018 Flash Flood (Western Ghats Runoff),2018-06-23T19:00,0.6,1006.0,4.7,29.9,0.331,0.315,0.37
mangalore_netravati,Mangalore,Karnataka,West Coast (Arabian Sea),12.8615,74.843,2.0,May 2018 Flash Flood (Western Ghats Runoff),2018-06-23T20:00,0.8,1005.7,4.1,19.1,0.332,0.313,0.368
mangalore_netravati,Mangalore,Karnataka,West Coast (Arabian Sea),12.8615,74.843,2.0,May 2018 Flash Flood (Western Ghats Runoff),2018-06-23T21:00,1.2,1004.9,6.3,20.9,0.336,0.313,0.366
mangalore_netravati,Mangalore,Karnataka,West Coast (Arabian Sea),12.8615,74.843,2.0,May 2018 Flash Flood (Western Ghats Runoff),2018-06-23T22:00,0.7,1004.5,7.2,23.0,0.332,0.313,0.365
mangalore_netravati,Mangalore,Karnataka,West Coast (Arabian Sea),12.8615,74.843,2.0,May 2018 Flash Flood (Western Ghats Runoff),2018-06-23T23:00,0.8,1004.5,10.2,28.1,0.333,0.312,0.363
mangalore_netravati,Mangalore,Karnataka,West Coast (Arabian Sea),12.8615,74.843,2.0,May 2018 Flash Flood (Western Ghats Runoff),2018-06-24T00:00,0.9,1004.3,7.9,28.1,0.338,0.311,0.361
mangalore_netravati,Mangalore,Karnataka,West Coast (Arabian Sea),12.8615,74.843,2.0,May 2018 Flash Flood (Western Ghats Runoff),2018-06-24T01:00,2.1,1004.7,7.7,25.6,0.347,0.314,0.36
mangalore_netravati,Mangalore,Karnataka,West Coast (Arabian Sea),12.8615,74.843,2.0,May 2018 Flash Flood (Western Ghats Runoff),2018-06-24T02:00,0.6,1005.4,9.9,29.2,0.338,0.316,0.358
mangalore_netravati,Mangalore,Karnataka,West Coast (Arabian Sea),12.8615,74.843,2.0,May 2018 Flash Flood (Western Ghats Runoff),2018-06-24T03:00,0.6,1006.1,12.3,32.8,0.332,0.316,0.356
mangalore_netravati,Mangalore,Karnataka,West Coast (Arabian Sea),12.8615,74.843,2.0,May 2018 Flash Flood (Western Ghats Runoff),2018-06-24T04:00,5.1,1006.5,17.3,32.8,0.37,0.323,0.354
mangalore_netravati,Mangalore,Karnataka,West Coast (Arabian Sea),12.8615,74.843,2.0,May 2018 Flash Flood (Western Ghats Runoff),2018-06-24T05:00,8.5,1006.8,22.0,43.2,0.374,0.356,0.353
mangalore_netravati,Mangalore,Karnataka,West Coast (Arabian Sea),12.8615,74.843,2.0,May 2018 Flash Flood (Western Ghats Runoff),2018-06-24T06:00,0.4,1006.8,19.2,42.5,0.353,0.358,0.351
mangalore_netravati,Mangalore,Karnataka,West Coast (Arabian Sea),12.8615,74.843,2.0,May 2018 Flash Flood (Western Ghats Runoff),2018-06-24T07:00,2.4,1006.5,16.8,38.5,0.367,0.357,0.35
mangalore_netravati,Mangalore,Karnataka,West Coast (Arabian Sea),12.8615,74.843,2.0,May 2018 Flash Flood (Western Ghats Runoff),2018-06-24T08:00,0.8,1006.0,15.2,37.4,0.356,0.358,0.349
mangalore_netravati,Mangalore,Karnataka,West Coast (Arabian Sea),12.8615,74.843,2.0,May 2018 Flash Flood (Western Ghats Runoff),2018-06-24T09:00,1.6,1005.5,15.1,36.0,0.359,0.357,0.348
mangalore_netravati,Mangalore,Karnataka,West Coast (Arabian Sea),12.8615,74.843,2.0,May 2018 Flash Flood (Western Ghats Runoff),2018-06-24T10:00,2.5,1005.1,12.7,37.1,0.367,0.359,0.347
mangalore_netravati,Mangalore,Karnataka,West Coast (Arabian Sea),12.8615,74.843,2.0,May 2018 Flash Flood (Western Ghats Runoff),2018-06-24T11:00,1.4,1004.9,15.5,34.2,0.363,0.359,0.347
mangalore_netravati,Mangalore,Karnataka,West Coast (Arabian Sea),12.8615,74.843,2.0,May 2018 Flash Flood (Western Ghats Runoff),2018-06-24T12:00,1.0,1004.2,12.6,36.7,0.351,0.323,0.338
mangalore_netravati,Mangalore,Karnataka,West Coast (Arabian Sea),12.8615,74.843,2.0,May 2018 Flash Flood (Western Ghats Runoff),2018-06-24T13:00,0.2,1004.5,9.3,32.8,0.337,0.326,0.336
mangalore_netravati,Mangalore,Karnataka,West Coast (Arabian Sea),12.8615,74.843,2.0,May 2018 Flash Flood (Western Ghats Runoff),2018-06-24T14:00,1.3,1005.3,11.6,29.2,0.341,0.327,0.334
mangalore_netravati,Mangalore,Karnataka,West Coast (Arabian Sea),12.8615,74.843,2.0,May 2018 Flash Flood (Western Ghats Runoff),2018-06-24T15:00,0.7,1006.1,3.7,29.9,0.338,0.329,0.333
mangalore_netravati,Mangalore,Karnataka,West Coast (Arabian Sea),12.8615,74.843,2.0,May 2018 Flash Flood (Western Ghats Runoff),2018-06-24T16:00,0.8,1007.1,6.1,20.2,0.34,0.33,0.331
mangalore_netravati,Mangalore,Karnataka,West Coast (Arabian Sea),12.8615,74.843,2.0,May 2018 Flash Flood (Western Ghats Runoff),2018-06-24T17:00,1.0,1007.7,6.0,22.7,0.341,0.332,0.329
mangalore_netravati,Mangalore,Karnataka,West Coast (Arabian Sea),12.8615,74.843,2.0,May 2018 Flash Flood (Western Ghats Runoff),2018-06-24T18:00,0.7,1007.5,7.4,20.9,0.34,0.334,0.327
mangalore_netravati,Mangalore,Karnataka,West Coast (Arabian Sea),12.8615,74.843,2.0,May 2018 Flash Flood (Western Ghats Runoff),2018-06-24T19:00,1.2,1007.1,11.0,25.6,0.345,0.335,0.325
mangalore_netravati,Mangalore,Karnataka,West Coast (Arabian Sea),12.8615,74.843,2.0,May 2018 Flash Flood (Western Ghats Runoff),2018-06-24T20:00,2.2,1006.4,6.2,24.1,0.356,0.338,0.324
mangalore_netravati,Mangalore,Karnataka,West Coast (Arabian Sea),12.8615,74.843,2.0,May 2018 Flash Flood (Western Ghats Runoff),2018-06-24T21:00,1.3,1005.6,9.1,22.7,0.351,0.342,0.322
mangalore_netravati,Mangalore,Karnataka,West Coast (Arabian Sea),12.8615,74.843,2.0,May 2018 Flash Flood (Western Ghats Runoff),2018-06-24T22:00,0.7,1005.3,10.4,27.0,0.347,0.343,0.321
mangalore_netravati,Mangalore,Karnataka,West Coast (Arabian Sea),12.8615,74.843,2.0,May 2018 Flash Flood (Western Ghats Runoff),2018-06-24T23:00,1.2,1005.3,11.0,28.1,0.349,0.343,0.32
mangalore_netravati,Mangalore,Karnataka,West Coast (Arabian Sea),12.8615,74.843,2.0,May 2018 Flash Flood (Western Ghats Runoff),2018-06-25T00:00,2.4,1004.7,10.3,26.6,0.353,0.342,0.319
mangalore_netravati,Mangalore,Karnataka,West Coast (Arabian Sea),12.8615,74.843,2.0,May 2018 Flash Flood (Western Ghats Runoff),2018-06-25T01:00,1.2,1004.9,9.7,27.4,0.351,0.344,0.318
mangalore_netravati,Mangalore,Karnataka,West Coast (Arabian Sea),12.8615,74.843,2.0,May 2018 Flash Flood (Western Ghats Runoff),2018-06-25T02:00,1.8,1005.5,8.1,27.0,0.356,0.346,0.317
mangalore_netravati,Mangalore,Karnataka,West Coast (Arabian Sea),12.8615,74.843,2.0,May 2018 Flash Flood (Western Ghats Runoff),2018-06-25T03:00,0.4,1006.2,8.7,25.6,0.345,0.346,0.316
mangalore_netravati,Mangalore,Karnataka,West Coast (Arabian Sea),12.8615,74.843,2.0,May 2018 Flash Flood (Western Ghats Runoff),2018-06-25T04:00,2.0,1006.9,12.5,33.8,0.354,0.346,0.315
mangalore_netravati,Mangalore,Karnataka,West Coast (Arabian Sea),12.8615,74.843,2.0,May 2018 Flash Flood (Western Ghats Runoff),2018-06-25T05:00,0.7,1007.1,12.6,37.8,0.346,0.346,0.314
mangalore_netravati,Mangalore,Karnataka,West Coast (Arabian Sea),12.8615,74.843,2.0,May 2018 Flash Flood (Western Ghats Runoff),2018-06-25T06:00,3.1,1007.1,14.2,40.7,0.358,0.35,0.313
mangalore_netravati,Mangalore,Karnataka,West Coast (Arabian Sea),12.8615,74.843,2.0,May 2018 Flash Flood (Western Ghats Runoff),2018-06-25T07:00,0.7,1006.4,12.0,37.4,0.348,0.35,0.313
mangalore_netravati,Mangalore,Karnataka,West Coast (Arabian Sea),12.8615,74.843,2.0,May 2018 Flash Flood (Western Ghats Runoff),2018-06-25T08:00,0.8,1005.8,11.1,33.8,0.344,0.348,0.312
mangalore_netravati,Mangalore,Karnataka,West Coast (Arabian Sea),12.8615,74.843,2.0,May 2018 Flash Flood (Western Ghats Runoff),2018-06-25T09:00,3.0,1005.0,17.9,42.8,0.365,0.348,0.311
mangalore_netravati,Mangalore,Karnataka,West Coast (Arabian Sea),12.8615,74.843,2.0,May 2018 Flash Flood (Western Ghats Runoff),2018-06-25T10:00,1.2,1004.5,15.5,44.6,0.355,0.35,0.311
mangalore_netravati,Mangalore,Karnataka,West Coast (Arabian Sea),12.8615,74.843,2.0,May 2018 Flash Flood (Western Ghats Runoff),2018-06-25T11:00,2.5,1004.3,16.3,36.4,0.364,0.352,0.311
mangalore_netravati,Mangalore,Karnataka,West Coast (Arabian Sea),12.8615,74.843,2.0,May 2018 Flash Flood (Western Ghats Runoff),2018-06-25T12:00,1.2,1003.5,11.6,40.7,0.357,0.358,0.313
mangalore_netravati,Mangalore,Karnataka,West Coast (Arabian Sea),12.8615,74.843,2.0,May 2018 Flash Flood (Western Ghats Runoff),2018-06-25T13:00,0.8,1003.7,10.5,34.9,0.351,0.355,0.313
mangalore_netravati,Mangalore,Karnataka,West Coast (Arabian Sea),12.8615,74.843,2.0,May 2018 Flash Flood (Western Ghats Runoff),2018-06-25T14:00,1.7,1004.5,13.8,32.0,0.36,0.354,0.313
mangalore_netravati,Mangalore,Karnataka,West Coast (Arabian Sea),12.8615,74.843,2.0,May 2018 Flash Flood (Western Ghats Runoff),2018-06-25T15:00,1.6,1005.6,11.2,39.2,0.358,0.355,0.313
mangalore_netravati,Mangalore,Karnataka,West Coast (Arabian Sea),12.8615,74.843,2.0,May 2018 Flash Flood (Western Ghats Runoff),2018-06-25T16:00,0.8,1006.6,10.4,31.7,0.353,0.353,0.313
mangalore_netravati,Mangalore,Karnataka,West Coast (Arabian Sea),12.8615,74.843,2.0,May 2018 Flash Flood (Western Ghats Runoff),2018-06-25T17:00,3.7,1007.1,13.0,32.0,0.384,0.354,0.313
mangalore_netravati,Mangalore,Karnataka,West Coast (Arabian Sea),12.8615,74.843,2.0,May 2018 Flash Flood (Western Ghats Runoff),2018-06-25T18:00,3.5,1006.9,15.5,38.2,0.37,0.365,0.313
mangalore_netravati,Mangalore,Karnataka,West Coast (Arabian Sea),12.8615,74.843,2.0,May 2018 Flash Flood (Western Ghats Runoff),2018-06-25T19:00,2.3,1006.6,8.7,38.5,0.372,0.365,0.314
mangalore_netravati,Mangalore,Karnataka,West Coast (Arabian Sea),12.8615,74.843,2.0,May 2018 Flash Flood (Western Ghats Runoff),2018-06-25T20:00,3.9,1005.7,6.6,27.0,0.38,0.369,0.315
mangalore_netravati,Mangalore,Karnataka,West Coast (Arabian Sea),12.8615,74.843,2.0,May 2018 Flash Flood (Western Ghats Runoff),2018-06-25T21:00,1.7,1004.8,1.5,22.0,0.365,0.369,0.317
mangalore_netravati,Mangalore,Karnataka,West Coast (Arabian Sea),12.8615,74.843,2.0,May 2018 Flash Flood (Western Ghats Runoff),2018-06-25T22:00,1.1,1004.4,2.8,21.6,0.36,0.365,0.318
mangalore_netravati,Mangalore,Karnataka,West Coast (Arabian Sea),12.8615,74.843,2.0,May 2018 Flash Flood (Western Ghats Runoff),2018-06-25T23:00,2.6,1004.6,1.5,18.0,0.369,0.364,0.319
mangalore_netravati,Mangalore,Karnataka,West Coast (Arabian Sea),12.8615,74.843,2.0,May 2018 Flash Flood (Western Ghats Runoff),2018-06-26T00:00,1.4,1004.3,14.7,18.7,0.363,0.359,0.322
mangalore_netravati,Mangalore,Karnataka,West Coast (Arabian Sea),12.8615,74.843,2.0,May 2018 Flash Flood (Western Ghats Runoff),2018-06-26T01:00,1.2,1004.5,9.1,38.2,0.359,0.358,0.322
mangalore_netravati,Mangalore,Karnataka,West Coast (Arabian Sea),12.8615,74.843,2.0,May 2018 Flash Flood (Western Ghats Runoff),2018-06-26T02:00,1.2,1005.1,13.3,37.4,0.358,0.357,0.322
mangalore_netravati,Mangalore,Karnataka,West Coast (Arabian Sea),12.8615,74.843,2.0,May 2018 Flash Flood (Western Ghats Runoff),2018-06-26T03:00,1.7,1005.5,12.7,37.8,0.362,0.356,0.322
mangalore_netravati,Mangalore,Karnataka,West Coast (Arabian Sea),12.8615,74.843,2.0,May 2018 Flash Flood (Western Ghats Runoff),2018-06-26T04:00,3.6,1006.0,10.8,35.6,0.374,0.361,0.322
mangalore_netravati,Mangalore,Karnataka,West Coast (Arabian Sea),12.8615,74.843,2.0,May 2018 Flash Flood (Western Ghats Runoff),2018-06-26T05:00,3.6,1006.2,10.8,36.0,0.376,0.367,0.323
mangalore_netravati,Mangalore,Karnataka,West Coast (Arabian Sea),12.8615,74.843,2.0,May 2018 Flash Flood (Western Ghats Runoff),2018-06-26T06:00,2.1,1006.1,11.5,35.6,0.37,0.367,0.324
mangalore_netravati,Mangalore,Karnataka,West Coast (Arabian Sea),12.8615,74.843,2.0,May 2018 Flash Flood (Western Ghats Runoff),2018-06-26T07:00,0.8,1005.4,12.3,33.5,0.356,0.364,0.325
mangalore_netravati,Mangalore,Karnataka,West Coast (Arabian Sea),12.8615,74.843,2.0,May 2018 Flash Flood (Western Ghats Runoff),2018-06-26T08:00,0.7,1005.0,13.7,41.0,0.348,0.36,0.326
mangalore_netravati,Mangalore,Karnataka,West Coast (Arabian Sea),12.8615,74.843,2.0,May 2018 Flash Flood (Western Ghats Runoff),2018-06-26T09:00,0.2,1004.2,16.3,43.9,0.339,0.356,0.326
mangalore_netravati,Mangalore,Karnataka,West Coast (Arabian Sea),12.8615,74.843,2.0,May 2018 Flash Flood (Western Ghats Runoff),2018-06-26T10:00,0.3,1003.8,16.7,50.4,0.334,0.353,0.325
mangalore_netravati,Mangalore,Karnataka,West Coast (Arabian Sea),12.8615,74.843,2.0,May 2018 Flash Flood (Western Ghats Runoff),2018-06-26T11:00,0.3,1003.8,17.0,43.6,0.33,0.349,0.325
mangalore_netravati,Mangalore,Karnataka,West Coast (Arabian Sea),12.8615,74.843,2.0,May 2018 Flash Flood (Western Ghats Runoff),2018-06-26T12:00,0.7,1003.1,7.4,46.1,0.326,0.34,0.317
mangalore_netravati,Mangalore,Karnataka,West Coast (Arabian Sea),12.8615,74.843,2.0,May 2018 Flash Flood (Western Ghats Runoff),2018-06-26T13:00,0.3,1003.3,10.7,31.0,0.323,0.338,0.316
mangalore_netravati,Mangalore,Karnataka,West Coast (Arabian Sea),12.8615,74.843,2.0,May 2018 Flash Flood (Western Ghats Runoff),2018-06-26T14:00,0.1,1004.2,7.3,32.4,0.32,0.336,0.315
mangalore_netravati,Mangalore,Karnataka,West Coast (Arabian Sea),12.8615,74.843,2.0,May 2018 Flash Flood (Western Ghats Runoff),2018-06-26T15:00,0.2,1005.4,10.5,25.6,0.318,0.334,0.314
mangalore_netravati,Mangalore,Karnataka,West Coast (Arabian Sea),12.8615,74.843,2.0,May 2018 Flash Flood (Western Ghats Runoff),2018-06-26T16:00,0.6,1006.0,10.4,31.0,0.322,0.333,0.313
mangalore_netravati,Mangalore,Karnataka,West Coast (Arabian Sea),12.8615,74.843,2.0,May 2018 Flash Flood (Western Ghats Runoff),2018-06-26T17:00,1.4,1006.2,10.7,31.0,0.335,0.332,0.312
mangalore_netravati,Mangalore,Karnataka,West Coast (Arabian Sea),12.8615,74.843,2.0,May 2018 Flash Flood (Western Ghats Runoff),2018-06-26T18:00,2.2,1006.2,13.4,27.4,0.353,0.333,0.311
mangalore_netravati,Mangalore,Karnataka,West Coast (Arabian Sea),12.8615,74.843,2.0,May 2018 Flash Flood (Western Ghats Runoff),2018-06-26T19:00,2.5,1005.8,15.1,33.5,0.36,0.339,0.31
mangalore_netravati,Mangalore,Karnataka,West Coast (Arabian Sea),12.8615,74.843,2.0,May 2018 Flash Flood (Western Ghats Runoff),2018-06-26T20:00,1.9,1005.0,7.5,31.3,0.357,0.345,0.31
mangalore_netravati,Mangalore,Karnataka,West Coast (Arabian Sea),12.8615,74.843,2.0,May 2018 Flash Flood (Western Ghats Runoff),2018-06-26T21:00,1.2,1004.2,10.9,30.6,0.354,0.347,0.309
mangalore_netravati,Mangalore,Karnataka,West Coast (Arabian Sea),12.8615,74.843,2.0,May 2018 Flash Flood (Western Ghats Runoff),2018-06-26T22:00,1.1,1004.1,15.0,41.4,0.352,0.347,0.309
mangalore_netravati,Mangalore,Karnataka,West Coast (Arabian Sea),12.8615,74.843,2.0,May 2018 Flash Flood (Western Ghats Runoff),2018-06-26T23:00,1.3,1003.9,16.3,39.6,0.355,0.347,0.308
mangalore_netravati,Mangalore,Karnataka,West Coast (Arabian Sea),12.8615,74.843,2.0,May 2018 Flash Flood (Western Ghats Runoff),2018-06-27T00:00,2.2,1002.6,10.9,40.7,0.342,0.335,0.306
mangalore_netravati,Mangalore,Karnataka,West Coast (Arabian Sea),12.8615,74.843,2.0,May 2018 Flash Flood (Western Ghats Runoff),2018-06-27T01:00,1.1,1003.0,9.7,36.0,0.345,0.336,0.305
mangalore_netravati,Mangalore,Karnataka,West Coast (Arabian Sea),12.8615,74.843,2.0,May 2018 Flash Flood (Western Ghats Runoff),2018-06-27T02:00,0.9,1003.3,12.4,36.0,0.343,0.337,0.305
mangalore_netravati,Mangalore,Karnataka,West Coast (Arabian Sea),12.8615,74.843,2.0,May 2018 Flash Flood (Western Ghats Runoff),2018-06-27T03:00,0.6,1003.9,12.8,40.7,0.339,0.337,0.304
mangalore_netravati,Mangalore,Karnataka,West Coast (Arabian Sea),12.8615,74.843,2.0,May 2018 Flash Flood (Western Ghats Runoff),2018-06-27T04:00,1.9,1004.9,17.1,43.6,0.352,0.336,0.303
mangalore_netravati,Mangalore,Karnataka,West Coast (Arabian Sea),12.8615,74.843,2.0,May 2018 Flash Flood (Western Ghats Runoff),2018-06-27T05:00,0.8,1004.9,14.6,45.0,0.343,0.339,0.302
mangalore_netravati,Mangalore,Karnataka,West Coast (Arabian Sea),12.8615,74.843,2.0,May 2018 Flash Flood (Western Ghats Runoff),2018-06-27T06:00,1.4,1004.7,12.7,44.6,0.344,0.339,0.302
mangalore_netravati,Mangalore,Karnataka,West Coast (Arabian Sea),12.8615,74.843,2.0,May 2018 Flash Flood (Western Ghats Runoff),2018-06-27T07:00,1.0,1004.9,16.2,44.6,0.343,0.339,0.301
mangalore_netravati,Mangalore,Karnataka,West Coast (Arabian Sea),12.8615,74.843,2.0,May 2018 Flash Flood (Western Ghats Runoff),2018-06-27T08:00,0.5,1004.6,16.2,43.9,0.337,0.338,0.301
mangalore_netravati,Mangalore,Karnataka,West Coast (Arabian Sea),12.8615,74.843,2.0,May 2018 Flash Flood (Western Ghats Runoff),2018-06-27T09:00,1.8,1004.0,14.5,46.4,0.345,0.338,0.3
mangalore_netravati,Mangalore,Karnataka,West Coast (Arabian Sea),12.8615,74.843,2.0,May 2018 Flash Flood (Western Ghats Runoff),2018-06-27T10:00,1.6,1003.2,17.6,46.1,0.35,0.339,0.3
mangalore_netravati,Mangalore,Karnataka,West Coast (Arabian Sea),12.8615,74.843,2.0,May 2018 Flash Flood (Western Ghats Runoff),2018-06-27T11:00,0.7,1003.1,15.5,47.2,0.343,0.339,0.299
mangalore_netravati,Mangalore,Karnataka,West Coast (Arabian Sea),12.8615,74.843,2.0,May 2018 Flash Flood (Western Ghats Runoff),2018-06-27T12:00,1.2,1002.2,8.5,43.6,0.337,0.334,0.298
mangalore_netravati,Mangalore,Karnataka,West Coast (Arabian Sea),12.8615,74.843,2.0,May 2018 Flash Flood (Western Ghats Runoff),2018-06-27T13:00,0.6,1002.8,10.9,32.0,0.334,0.333,0.297
mangalore_netravati,Mangalore,Karnataka,West Coast (Arabian Sea),12.8615,74.843,2.0,May 2018 Flash Flood (Western Ghats Runoff),2018-06-27T14:00,1.0,1003.4,9.3,33.8,0.337,0.333,0.296
mangalore_netravati,Mangalore,Karnataka,West Coast (Arabian Sea),12.8615,74.843,2.0,May 2018 Flash Flood (Western Ghats Runoff),2018-06-27T15:00,1.1,1004.4,8.9,31.3,0.342,0.333,0.296
mangalore_netravati,Mangalore,Karnataka,West Coast (Arabian Sea),12.8615,74.843,2.0,May 2018 Flash Flood (Western Ghats Runoff),2018-06-27T16:00,2.2,1005.2,11.3,30.6,0.353,0.336,0.295
mangalore_netravati,Mangalore,Karnataka,West Coast (Arabian Sea),12.8615,74.843,2.0,May 2018 Flash Flood (Western Ghats Runoff),2018-06-27T17:00,2.2,1005.8,7.3,32.4,0.359,0.34,0.295
mangalore_netravati,Mangalore,Karnataka,West Coast (Arabian Sea),12.8615,74.843,2.0,May 2018 Flash Flood (Western Ghats Runoff),2018-06-27T18:00,1.6,1005.6,3.4,22.0,0.356,0.344,0.294
mangalore_netravati,Mangalore,Karnataka,West Coast (Arabian Sea),12.8615,74.843,2.0,May 2018 Flash Flood (Western Ghats Runoff),2018-06-27T19:00,1.2,1004.9,4.5,21.2,0.354,0.345,0.294
mangalore_netravati,Mangalore,Karnataka,West Coast (Arabian Sea),12.8615,74.843,2.0,May 2018 Flash Flood (Western Ghats Runoff),2018-06-27T20:00,2.4,1004.5,6.4,23.4,0.364,0.347,0.294
mangalore_netravati,Mangalore,Karnataka,West Coast (Arabian Sea),12.8615,74.843,2.0,May 2018 Flash Flood (Western Ghats Runoff),2018-06-27T21:00,3.3,1004.3,4.5,21.6,0.374,0.353,0.295
mangalore_netravati,Mangalore,Karnataka,West Coast (Arabian Sea),12.8615,74.843,2.0,May 2018 Flash Flood (Western Ghats Runoff),2018-06-27T22:00,5.6,1004.1,1.5,20.2,0.386,0.366,0.296
mangalore_netravati,Mangalore,Karnataka,West Coast (Arabian Sea),12.8615,74.843,2.0,May 2018 Flash Flood (Western Ghats Runoff),2018-06-27T23:00,6.3,1003.9,4.8,27.4,0.394,0.378,0.298
mangalore_netravati,Mangalore,Karnataka,West Coast (Arabian Sea),12.8615,74.843,2.0,May 2018 Flash Flood (Western Ghats Runoff),2018-06-28T00:00,8.2,1002.5,14.7,31.0,0.384,0.376,0.3
mangalore_netravati,Mangalore,Karnataka,West Coast (Arabian Sea),12.8615,74.843,2.0,May 2018 Flash Flood (Western Ghats Runoff),2018-06-28T01:00,1.4,1003.1,14.8,46.4,0.369,0.371,0.304
mangalore_netravati,Mangalore,Karnataka,West Coast (Arabian Sea),12.8615,74.843,2.0,May 2018 Flash Flood (Western Ghats Runoff),2018-06-28T02:00,0.8,1003.8,11.8,40.7,0.358,0.365,0.306
mangalore_netravati,Mangalore,Karnataka,West Coast (Arabian Sea),12.8615,74.843,2.0,May 2018 Flash Flood (Western Ghats Runoff),2018-06-28T03:00,1.4,1004.4,14.6,39.6,0.358,0.361,0.307
mangalore_netravati,Mangalore,Karnataka,West Coast (Arabian Sea),12.8615,74.843,2.0,May 2018 Flash Flood (Western Ghats Runoff),2018-06-28T04:00,2.6,1005.2,14.8,40.0,0.369,0.36,0.308
mangalore_netravati,Mangalore,Karnataka,West Coast (Arabian Sea),12.8615,74.843,2.0,May 2018 Flash Flood (Western Ghats Runoff),2018-06-28T05:00,4.4,1005.7,15.9,38.5,0.38,0.366,0.31
mangalore_netravati,Mangalore,Karnataka,West Coast (Arabian Sea),12.8615,74.843,2.0,May 2018 Flash Flood (Western Ghats Runoff),2018-06-28T06:00,2.6,1005.5,13.2,40.7,0.372,0.368,0.311
mangalore_netravati,Mangalore,Karnataka,West Coast (Arabian Sea),12.8615,74.843,2.0,May 2018 Flash Flood (Western Ghats Runoff),2018-06-28T07:00,1.6,1005.0,9.7,34.9,0.364,0.365,0.313
mangalore_netravati,Mangalore,Karnataka,West Coast (Arabian Sea),12.8615,74.843,2.0,May 2018 Flash Flood (Western Ghats Runoff),2018-06-28T08:00,1.1,1004.5,12.1,34.2,0.356,0.362,0.314
mangalore_netravati,Mangalore,Karnataka,West Coast (Arabian Sea),12.8615,74.843,2.0,May 2018 Flash Flood (Western Ghats Runoff),2018-06-28T09:00,2.1,1003.9,16.7,33.8,0.365,0.359,0.315
mangalore_netravati,Mangalore,Karnataka,West Coast (Arabian Sea),12.8615,74.843,2.0,May 2018 Flash Flood (Western Ghats Runoff),2018-06-28T10:00,7.4,1003.4,17.9,38.2,0.39,0.375,0.317
mangalore_netravati,Mangalore,Karnataka,West Coast (Arabian Sea),12.8615,74.843,2.0,May 2018 Flash Flood (Western Ghats Runoff),2018-06-28T11:00,3.3,1003.2,17.0,40.0,0.374,0.376,0.321
mangalore_netravati,Mangalore,Karnataka,West Coast (Arabian Sea),12.8615,74.843,2.0,May 2018 Flash Flood (Western Ghats Runoff),2018-06-28T12:00,1.8,1003.1,7.3,39.2,0.357,0.363,0.337
mangalore_netravati,Mangalore,Karnataka,West Coast (Arabian Sea),12.8615,74.843,2.0,May 2018 Flash Flood (Western Ghats Runoff),2018-06-28T13:00,0.8,1003.5,4.3,25.6,0.352,0.361,0.338
mangalore_netravati,Mangalore,Karnataka,West Coast (Arabian Sea),12.8615,74.843,2.0,May 2018 Flash Flood (Western Ghats Runoff),2018-06-28T14:00,0.5,1004.1,5.4,25.2,0.345,0.358,0.338
mangalore_netravati,Mangalore,Karnataka,West Coast (Arabian Sea),12.8615,74.843,2.0,May 2018 Flash Flood (Western Ghats Runoff),2018-06-28T15:00,0.5,1004.9,2.1,17.6,0.342,0.355,0.338
mangalore_netravati,Mangalore,Karnataka,West Coast (Arabian Sea),12.8615,74.843,2.0,May 2018 Flash Flood (Western Ghats Runoff),2018-06-28T16:00,0.4,1005.5,6.0,19.1,0.338,0.352,0.338
mangalore_netravati,Mangalore,Karnataka,West Coast (Arabian Sea),12.8615,74.843,2.0,May 2018 Flash Flood (Western Ghats Runoff),2018-06-28T17:00,0.6,1006.2,8.0,25.6,0.338,0.35,0.338
mangalore_netravati,Mangalore,Karnataka,West Coast (Arabian Sea),12.8615,74.843,2.0,May 2018 Flash Flood (Western Ghats Runoff),2018-06-28T18:00,0.4,1006.2,9.3,25.6,0.335,0.348,0.337
mangalore_netravati,Mangalore,Karnataka,West Coast (Arabian Sea),12.8615,74.843,2.0,May 2018 Flash Flood (Western Ghats Runoff),2018-06-28T19:00,0.6,1005.9,11.9,34.2,0.335,0.346,0.337
mangalore_netravati,Mangalore,Karnataka,West Coast (Arabian Sea),12.8615,74.843,2.0,May 2018 Flash Flood (Western Ghats Runoff),2018-06-28T20:00,0.8,1005.5,10.4,33.8,0.338,0.345,0.337
mangalore_netravati,Mangalore,Karnataka,West Coast (Arabian Sea),12.8615,74.843,2.0,May 2018 Flash Flood (Western Ghats Runoff),2018-06-28T21:00,0.6,1004.9,10.8,29.5,0.338,0.344,0.336
mangalore_netravati,Mangalore,Karnataka,West Coast (Arabian Sea),12.8615,74.843,2.0,May 2018 Flash Flood (Western Ghats Runoff),2018-06-28T22:00,0.9,1004.5,9.0,29.5,0.341,0.344,0.335
mangalore_netravati,Mangalore,Karnataka,West Coast (Arabian Sea),12.8615,74.843,2.0,May 2018 Flash Flood (Western Ghats Runoff),2018-06-28T23:00,0.7,1004.3,10.9,37.4,0.341,0.343,0.335
mangalore_netravati,Mangalore,Karnataka,West Coast (Arabian Sea),12.8615,74.843,2.0,May 2018 Flash Flood (Western Ghats Runoff),2018-06-29T00:00,1.6,1003.1,5.4,32.8,0.341,0.349,0.337
mangalore_netravati,Mangalore,Karnataka,West Coast (Arabian Sea),12.8615,74.843,2.0,May 2018 Flash Flood (Western Ghats Runoff),2018-06-29T01:00,2.3,1003.2,7.6,25.6,0.359,0.349,0.336
mangalore_netravati,Mangalore,Karnataka,West Coast (Arabian Sea),12.8615,74.843,2.0,May 2018 Flash Flood (Western Ghats Runoff),2018-06-29T02:00,3.0,1004.2,6.5,28.8,0.37,0.354,0.336
mangalore_netravati,Mangalore,Karnataka,West Coast (Arabian Sea),12.8615,74.843,2.0,May 2018 Flash Flood (Western Ghats Runoff),2018-06-29T03:00,4.9,1004.7,2.4,23.4,0.381,0.366,0.337
mangalore_netravati,Mangalore,Karnataka,West Coast (Arabian Sea),12.8615,74.843,2.0,May 2018 Flash Flood (Western Ghats Runoff),2018-06-29T04:00,4.5,1005.6,3.1,16.2,0.383,0.374,0.338
mangalore_netravati,Mangalore,Karnataka,West Coast (Arabian Sea),12.8615,74.843,2.0,May 2018 Flash Flood (Western Ghats Runoff),2018-06-29T05:00,5.5,1006.1,6.4,24.1,0.389,0.382,0.341
mangalore_netravati,Mangalore,Karnataka,West Coast (Arabian Sea),12.8615,74.843,2.0,May 2018 Flash Flood (Western Ghats Runoff),2018-06-29T06:00,4.3,1005.8,6.3,24.8,0.385,0.383,0.345
mangalore_netravati,Mangalore,Karnataka,West Coast (Arabian Sea),12.8615,74.843,2.0,May 2018 Flash Flood (Western Ghats Runoff),2018-06-29T07:00,2.4,1005.4,6.4,18.7,0.373,0.379,0.349
mangalore_netravati,Mangalore,Karnataka,West Coast (Arabian Sea),12.8615,74.843,2.0,May 2018 Flash Flood (Western Ghats Runoff),2018-06-29T08:00,1.8,1005.1,7.6,18.0,0.366,0.375,0.351
mangalore_netravati,Mangalore,Karnataka,West Coast (Arabian Sea),12.8615,74.843,2.0,May 2018 Flash Flood (Western Ghats Runoff),2018-06-29T09:00,1.6,1004.5,6.2,24.1,0.363,0.371,0.353
mangalore_netravati,Mangalore,Karnataka,West Coast (Arabian Sea),12.8615,74.843,2.0,May 2018 Flash Flood (Western Ghats Runoff),2018-06-29T10:00,1.7,1003.8,9.3,27.4,0.363,0.368,0.354
mangalore_netravati,Mangalore,Karnataka,West Coast (Arabian Sea),12.8615,74.843,2.0,May 2018 Flash Flood (Western Ghats Runoff),2018-06-29T11:00,3.0,1003.5,6.2,26.6,0.375,0.368,0.355
mangalore_netravati,Mangalore,Karnataka,West Coast (Arabian Sea),12.8615,74.843,2.0,May 2018 Flash Flood (Western Ghats Runoff),2018-06-29T12:00,2.7,1003.0,6.6,11.9,0.366,0.359,0.333
mangalore_netravati,Mangalore,Karnataka,West Coast (Arabian Sea),12.8615,74.843,2.0,May 2018 Flash Flood (Western Ghats Runoff),2018-06-29T13:00,1.5,1003.4,10.8,27.0,0.363,0.359,0.334
mangalore_netravati,Mangalore,Karnataka,West Coast (Arabian Sea),12.8615,74.843,2.0,May 2018 Flash Flood (Western Ghats Runoff),2018-06-29T14:00,2.0,1004.0,11.2,27.7,0.366,0.36,0.334
mangalore_netravati,Mangalore,Karnataka,West Coast (Arabian Sea),12.8615,74.843,2.0,May 2018 Flash Flood (Western Ghats Runoff),2018-06-29T15:00,1.1,1004.6,9.8,27.7,0.36,0.36,0.335
mangalore_netravati,Mangalore,Karnataka,West Coast (Arabian Sea),12.8615,74.843,2.0,May 2018 Flash Flood (Western Ghats Runoff),2018-06-29T16:00,0.7,1005.1,4.1,22.0,0.353,0.358,0.335
mangalore_netravati,Mangalore,Karnataka,West Coast (Arabian Sea),12.8615,74.843,2.0,May 2018 Flash Flood (Western Ghats Runoff),2018-06-29T17:00,0.2,1005.7,4.2,16.2,0.344,0.356,0.336
mangalore_netravati,Mangalore,Karnataka,West Coast (Arabian Sea),12.8615,74.843,2.0,May 2018 Flash Flood (Western Ghats Runoff),2018-06-29T18:00,1.1,1005.8,6.5,23.4,0.347,0.354,0.336
mangalore_netravati,Mangalore,Karnataka,West Coast (Arabian Sea),12.8615,74.843,2.0,May 2018 Flash Flood (Western Ghats Runoff),2018-06-29T19:00,0.6,1005.1,3.7,21.6,0.344,0.352,0.336
mangalore_netravati,Mangalore,Karnataka,West Coast (Arabian Sea),12.8615,74.843,2.0,May 2018 Flash Flood (Western Ghats Runoff),2018-06-29T20:00,1.3,1004.9,7.6,22.3,0.351,0.351,0.336
mangalore_netravati,Mangalore,Karnataka,West Coast (Arabian Sea),12.8615,74.843,2.0,May 2018 Flash Flood (Western Ghats Runoff),2018-06-29T21:00,2.9,1004.7,8.5,23.8,0.366,0.354,0.335
mangalore_netravati,Mangalore,Karnataka,West Coast (Arabian Sea),12.8615,74.843,2.0,May 2018 Flash Flood (Western Ghats Runoff),2018-06-29T22:00,0.6,1004.6,4.8,24.1,0.354,0.355,0.336
mangalore_netravati,Mangalore,Karnataka,West Coast (Arabian Sea),12.8615,74.843,2.0,May 2018 Flash Flood (Western Ghats Runoff),2018-06-29T23:00,0.5,1004.7,5.2,17.3,0.347,0.353,0.336
mangalore_netravati,Mangalore,Karnataka,West Coast (Arabian Sea),12.8615,74.843,2.0,May 2018 Flash Flood (Western Ghats Runoff),2018-06-30T00:00,0.8,1004.3,3.8,24.1,0.348,0.347,0.333
mangalore_netravati,Mangalore,Karnataka,West Coast (Arabian Sea),12.8615,74.843,2.0,May 2018 Flash Flood (Western Ghats Runoff),2018-06-30T01:00,2.9,1004.9,3.3,12.6,0.368,0.35,0.332
mangalore_netravati,Mangalore,Karnataka,West Coast (Arabian Sea),12.8615,74.843,2.0,May 2018 Flash Flood (Western Ghats Runoff),2018-06-30T02:00,1.3,1005.4,3.3,13.7,0.356,0.354,0.332
mangalore_netravati,Mangalore,Karnataka,West Coast (Arabian Sea),12.8615,74.843,2.0,May 2018 Flash Flood (Western Ghats Runoff),2018-06-30T03:00,0.5,1006.0,5.4,19.8,0.348,0.353,0.332
mangalore_netravati,Mangalore,Karnataka,West Coast (Arabian Sea),12.8615,74.843,2.0,May 2018 Flash Flood (Western Ghats Runoff),2018-06-30T04:00,0.6,1006.8,4.8,24.5,0.343,0.351,0.332
mangalore_netravati,Mangalore,Karnataka,West Coast (Arabian Sea),12.8615,74.843,2.0,May 2018 Flash Flood (Western Ghats Runoff),2018-06-30T05:00,0.6,1007.0,7.8,27.0,0.339,0.349,0.332
mangalore_netravati,Mangalore,Karnataka,West Coast (Arabian Sea),12.8615,74.843,2.0,May 2018 Flash Flood (Western Ghats Runoff),2018-06-30T06:00,3.6,1006.7,11.3,34.6,0.365,0.351,0.332
mangalore_netravati,Mangalore,Karnataka,West Coast (Arabian Sea),12.8615,74.843,2.0,May 2018 Flash Flood (Western Ghats Runoff),2018-06-30T07:00,0.5,1006.1,12.1,36.7,0.35,0.352,0.332
mangalore_netravati,Mangalore,Karnataka,West Coast (Arabian Sea),12.8615,74.843,2.0,May 2018 Flash Flood (Western Ghats Runoff),2018-06-30T08:00,0.4,1005.9,9.2,35.6,0.341,0.35,0.332
mangalore_netravati,Mangalore,Karnataka,West Coast (Arabian Sea),12.8615,74.843,2.0,May 2018 Flash Flood (Western Ghats Runoff),2018-06-30T09:00,1.9,1005.5,8.6,31.7,0.35,0.349,0.332
mangalore_netravati,Mangalore,Karnataka,West Coast (Arabian Sea),12.8615,74.843,2.0,May 2018 Flash Flood (Western Ghats Runoff),2018-06-30T10:00,1.4,1005.0,7.0,25.2,0.352,0.35,0.332
mangalore_netravati,Mangalore,Karnataka,West Coast (Arabian Sea),12.8615,74.843,2.0,May 2018 Flash Flood (Western Ghats Runoff),2018-06-30T11:00,1.3,1004.5,3.5,20.2,0.353,0.35,0.332
mangalore_netravati,Mangalore,Karnataka,West Coast (Arabian Sea),12.8615,74.843,2.0,May 2018 Flash Flood (Western Ghats Runoff),2018-06-30T12:00,0.9,1003.8,7.9,15.1,0.319,0.339,0.328
mangalore_netravati,Mangalore,Karnataka,West Coast (Arabian Sea),12.8615,74.843,2.0,May 2018 Flash Flood (Western Ghats Runoff),2018-06-30T13:00,0.3,1004.1,9.4,23.0,0.317,0.337,0.327
mangalore_netravati,Mangalore,Karnataka,West Coast (Arabian Sea),12.8615,74.843,2.0,May 2018 Flash Flood (Western Ghats Runoff),2018-06-30T14:00,0.7,1005.0,6.8,24.1,0.319,0.335,0.327
mangalore_netravati,Mangalore,Karnataka,West Coast (Arabian Sea),12.8615,74.843,2.0,May 2018 Flash Flood (Western Ghats Runoff),2018-06-30T15:00,0.4,1005.8,3.4,13.0,0.32,0.333,0.326
mangalore_netravati,Mangalore,Karnataka,West Coast (Arabian Sea),12.8615,74.843,2.0,May 2018 Flash Flood (Western Ghats Runoff),2018-06-30T16:00,0.1,1006.3,3.6,6.1,0.318,0.332,0.325
mangalore_netravati,Mangalore,Karnataka,West Coast (Arabian Sea),12.8615,74.843,2.0,May 2018 Flash Flood (Western Ghats Runoff),2018-06-30T17:00,0.2,1006.6,3.3,11.9,0.317,0.331,0.324
mangalore_netravati,Mangalore,Karnataka,West Coast (Arabian Sea),12.8615,74.843,2.0,May 2018 Flash Flood (Western Ghats Runoff),2018-06-30T18:00,0.5,1006.7,3.6,13.3,0.32,0.33,0.323
mangalore_netravati,Mangalore,Karnataka,West Coast (Arabian Sea),12.8615,74.843,2.0,May 2018 Flash Flood (Western Ghats Runoff),2018-06-30T19:00,0.2,1006.3,3.0,11.5,0.318,0.329,0.323
mangalore_netravati,Mangalore,Karnataka,West Coast (Arabian Sea),12.8615,74.843,2.0,May 2018 Flash Flood (Western Ghats Runoff),2018-06-30T20:00,0.1,1005.7,1.8,3.6,0.316,0.328,0.322
mangalore_netravati,Mangalore,Karnataka,West Coast (Arabian Sea),12.8615,74.843,2.0,May 2018 Flash Flood (Western Ghats Runoff),2018-06-30T21:00,0.2,1005.1,1.8,10.4,0.315,0.327,0.321
mangalore_netravati,Mangalore,Karnataka,West Coast (Arabian Sea),12.8615,74.843,2.0,May 2018 Flash Flood (Western Ghats Runoff),2018-06-30T22:00,1.8,1005.0,1.4,9.7,0.334,0.327,0.32
mangalore_netravati,Mangalore,Karnataka,West Coast (Arabian Sea),12.8615,74.843,2.0,May 2018 Flash Flood (Western Ghats Runoff),2018-06-30T23:00,0.6,1004.9,2.2,11.5,0.333,0.328,0.319
mangalore_netravati,Mangalore,Karnataka,West Coast (Arabian Sea),12.8615,74.843,2.0,July 2023 Netravati Estuary Breach,2023-06-15T00:00,0.1,1006.8,4.0,10.8,0.276,0.256,0.062
mangalore_netravati,Mangalore,Karnataka,West Coast (Arabian Sea),12.8615,74.843,2.0,July 2023 Netravati Estuary Breach,2023-06-15T01:00,0.1,1007.4,5.4,9.4,0.275,0.256,0.063
mangalore_netravati,Mangalore,Karnataka,West Coast (Arabian Sea),12.8615,74.843,2.0,July 2023 Netravati Estuary Breach,2023-06-15T02:00,0.3,1008.3,2.5,15.5,0.277,0.255,0.063
mangalore_netravati,Mangalore,Karnataka,West Coast (Arabian Sea),12.8615,74.843,2.0,July 2023 Netravati Estuary Breach,2023-06-15T03:00,0.5,1008.8,6.9,18.7,0.278,0.255,0.063
mangalore_netravati,Mangalore,Karnataka,West Coast (Arabian Sea),12.8615,74.843,2.0,July 2023 Netravati Estuary Breach,2023-06-15T04:00,0.0,1008.8,2.5,16.6,0.276,0.255,0.063
mangalore_netravati,Mangalore,Karnataka,West Coast (Arabian Sea),12.8615,74.843,2.0,July 2023 Netravati Estuary Breach,2023-06-15T05:00,0.0,1008.6,5.1,16.2,0.272,0.254,0.064
mangalore_netravati,Mangalore,Karnataka,West Coast (Arabian Sea),12.8615,74.843,2.0,July 2023 Netravati Estuary Breach,2023-06-15T06:00,0.2,1008.4,8.1,20.5,0.269,0.253,0.064
mangalore_netravati,Mangalore,Karnataka,West Coast (Arabian Sea),12.8615,74.843,2.0,July 2023 Netravati Estuary Breach,2023-06-15T07:00,0.1,1007.6,11.2,26.3,0.265,0.251,0.064
mangalore_netravati,Mangalore,Karnataka,West Coast (Arabian Sea),12.8615,74.843,2.0,July 2023 Netravati Estuary Breach,2023-06-15T08:00,0.1,1007.1,13.3,30.2,0.262,0.25,0.064
mangalore_netravati,Mangalore,Karnataka,West Coast (Arabian Sea),12.8615,74.843,2.0,July 2023 Netravati Estuary Breach,2023-06-15T09:00,0.0,1006.4,14.0,31.3,0.258,0.248,0.065
mangalore_netravati,Mangalore,Karnataka,West Coast (Arabian Sea),12.8615,74.843,2.0,July 2023 Netravati Estuary Breach,2023-06-15T10:00,0.0,1005.7,15.1,34.2,0.255,0.247,0.065
mangalore_netravati,Mangalore,Karnataka,West Coast (Arabian Sea),12.8615,74.843,2.0,July 2023 Netravati Estuary Breach,2023-06-15T11:00,0.0,1005.4,13.0,33.8,0.252,0.246,0.065
mangalore_netravati,Mangalore,Karnataka,West Coast (Arabian Sea),12.8615,74.843,2.0,July 2023 Netravati Estuary Breach,2023-06-15T12:00,0.0,1005.6,9.0,27.4,0.254,0.247,0.065
mangalore_netravati,Mangalore,Karnataka,West Coast (Arabian Sea),12.8615,74.843,2.0,July 2023 Netravati Estuary Breach,2023-06-15T13:00,0.0,1005.7,4.1,18.0,0.252,0.246,0.066
mangalore_netravati,Mangalore,Karnataka,West Coast (Arabian Sea),12.8615,74.843,2.0,July 2023 Netravati Estuary Breach,2023-06-15T14:00,0.0,1006.8,6.0,8.3,0.252,0.246,0.066
mangalore_netravati,Mangalore,Karnataka,West Coast (Arabian Sea),12.8615,74.843,2.0,July 2023 Netravati Estuary Breach,2023-06-15T15:00,0.0,1007.7,4.6,7.9,0.251,0.246,0.066
mangalore_netravati,Mangalore,Karnataka,West Coast (Arabian Sea),12.8615,74.843,2.0,July 2023 Netravati Estuary Breach,2023-06-15T16:00,0.0,1008.1,5.8,10.1,0.251,0.245,0.066
mangalore_netravati,Mangalore,Karnataka,West Coast (Arabian Sea),12.8615,74.843,2.0,July 2023 Netravati Estuary Breach,2023-06-15T17:00,0.0,1008.4,5.4,7.6,0.25,0.245,0.066
mangalore_netravati,Mangalore,Karnataka,West Coast (Arabian Sea),12.8615,74.843,2.0,July 2023 Netravati Estuary Breach,2023-06-15T18:00,0.0,1008.2,3.4,7.2,0.25,0.244,0.067
mangalore_netravati,Mangalore,Karnataka,West Coast (Arabian Sea),12.8615,74.843,2.0,July 2023 Netravati Estuary Breach,2023-06-15T19:00,0.1,1007.6,4.7,8.6,0.25,0.244,0.067
mangalore_netravati,Mangalore,Karnataka,West Coast (Arabian Sea),12.8615,74.843,2.0,July 2023 Netravati Estuary Breach,2023-06-15T20:00,0.1,1006.9,1.1,8.6,0.25,0.243,0.067
mangalore_netravati,Mangalore,Karnataka,West Coast (Arabian Sea),12.8615,74.843,2.0,July 2023 Netravati Estuary Breach,2023-06-15T21:00,0.1,1006.2,0.4,2.2,0.251,0.243,0.067
mangalore_netravati,Mangalore,Karnataka,West Coast (Arabian Sea),12.8615,74.843,2.0,July 2023 Netravati Estuary Breach,2023-06-15T22:00,0.0,1005.8,3.0,3.6,0.25,0.243,0.067
mangalore_netravati,Mangalore,Karnataka,West Coast (Arabian Sea),12.8615,74.843,2.0,July 2023 Netravati Estuary Breach,2023-06-15T23:00,0.0,1005.6,3.6,6.5,0.25,0.242,0.067
mangalore_netravati,Mangalore,Karnataka,West Coast (Arabian Sea),12.8615,74.843,2.0,July 2023 Netravati Estuary Breach,2023-06-16T00:00,0.1,1005.6,2.9,11.9,0.248,0.242,0.067
mangalore_netravati,Mangalore,Karnataka,West Coast (Arabian Sea),12.8615,74.843,2.0,July 2023 Netravati Estuary Breach,2023-06-16T01:00,0.3,1006.4,3.3,10.1,0.25,0.241,0.068
mangalore_netravati,Mangalore,Karnataka,West Coast (Arabian Sea),12.8615,74.843,2.0,July 2023 Netravati Estuary Breach,2023-06-16T02:00,0.0,1007.2,6.5,14.4,0.249,0.241,0.068
mangalore_netravati,Mangalore,Karnataka,West Coast (Arabian Sea),12.8615,74.843,2.0,July 2023 Netravati Estuary Breach,2023-06-16T03:00,1.2,1008.1,3.4,16.2,0.258,0.241,0.068
mangalore_netravati,Mangalore,Karnataka,West Coast (Arabian Sea),12.8615,74.843,2.0,July 2023 Netravati Estuary Breach,2023-06-16T04:00,0.1,1008.1,2.6,11.2,0.258,0.24,0.068
mangalore_netravati,Mangalore,Karnataka,West Coast (Arabian Sea),12.8615,74.843,2.0,July 2023 Netravati Estuary Breach,2023-06-16T05:00,0.1,1008.3,6.2,21.6,0.256,0.24,0.068
mangalore_netravati,Mangalore,Karnataka,West Coast (Arabian Sea),12.8615,74.843,2.0,July 2023 Netravati Estuary Breach,2023-06-16T06:00,0.0,1007.9,7.8,26.3,0.253,0.239,0.068
mangalore_netravati,Mangalore,Karnataka,West Coast (Arabian Sea),12.8615,74.843,2.0,July 2023 Netravati Estuary Breach,2023-06-16T07:00,0.0,1007.0,11.4,28.8,0.25,0.237,0.068
mangalore_netravati,Mangalore,Karnataka,West Coast (Arabian Sea),12.8615,74.843,2.0,July 2023 Netravati Estuary Breach,2023-06-16T08:00,0.3,1006.5,12.3,29.5,0.248,0.236,0.069
mangalore_netravati,Mangalore,Karnataka,West Coast (Arabian Sea),12.8615,74.843,2.0,July 2023 Netravati Estuary Breach,2023-06-16T09:00,0.3,1005.8,6.4,31.7,0.248,0.235,0.069
mangalore_netravati,Mangalore,Karnataka,West Coast (Arabian Sea),12.8615,74.843,2.0,July 2023 Netravati Estuary Breach,2023-06-16T10:00,0.2,1005.1,8.9,22.0,0.247,0.234,0.069
mangalore_netravati,Mangalore,Karnataka,West Coast (Arabian Sea),12.8615,74.843,2.0,July 2023 Netravati Estuary Breach,2023-06-16T11:00,0.0,1005.1,11.3,25.9,0.245,0.233,0.069
mangalore_netravati,Mangalore,Karnataka,West Coast (Arabian Sea),12.8615,74.843,2.0,July 2023 Netravati Estuary Breach,2023-06-16T12:00,0.1,1005.3,16.4,31.3,0.237,0.23,0.069
mangalore_netravati,Mangalore,Karnataka,West Coast (Arabian Sea),12.8615,74.843,2.0,July 2023 Netravati Estuary Breach,2023-06-16T13:00,0.5,1005.5,9.4,31.0,0.24,0.23,0.069
mangalore_netravati,Mangalore,Karnataka,West Coast (Arabian Sea),12.8615,74.843,2.0,July 2023 Netravati Estuary Breach,2023-06-16T14:00,0.0,1006.4,11.9,22.3,0.24,0.23,0.069
mangalore_netravati,Mangalore,Karnataka,West Coast (Arabian Sea),12.8615,74.843,2.0,July 2023 Netravati Estuary Breach,2023-06-16T15:00,0.2,1007.1,8.7,20.9,0.241,0.23,0.069
mangalore_netravati,Mangalore,Karnataka,West Coast (Arabian Sea),12.8615,74.843,2.0,July 2023 Netravati Estuary Breach,2023-06-16T16:00,0.1,1007.5,4.7,15.1,0.241,0.229,0.069
mangalore_netravati,Mangalore,Karnataka,West Coast (Arabian Sea),12.8615,74.843,2.0,July 2023 Netravati Estuary Breach,2023-06-16T17:00,0.1,1007.9,9.6,16.6,0.241,0.229,0.069
mangalore_netravati,Mangalore,Karnataka,West Coast (Arabian Sea),12.8615,74.843,2.0,July 2023 Netravati Estuary Breach,2023-06-16T18:00,0.0,1007.7,11.5,22.0,0.241,0.229,0.069
mangalore_netravati,Mangalore,Karnataka,West Coast (Arabian Sea),12.8615,74.843,2.0,July 2023 Netravati Estuary Breach,2023-06-16T19:00,0.0,1006.9,8.3,20.5,0.24,0.229,0.069
mangalore_netravati,Mangalore,Karnataka,West Coast (Arabian Sea),12.8615,74.843,2.0,July 2023 Netravati Estuary Breach,2023-06-16T20:00,0.0,1006.3,6.9,15.1,0.24,0.229,0.069
mangalore_netravati,Mangalore,Karnataka,West Coast (Arabian Sea),12.8615,74.843,2.0,July 2023 Netravati Estuary Breach,2023-06-16T21:00,0.0,1005.9,6.2,13.3,0.239,0.228,0.07
mangalore_netravati,Mangalore,Karnataka,West Coast (Arabian Sea),12.8615,74.843,2.0,July 2023 Netravati Estuary Breach,2023-06-16T22:00,0.0,1005.7,6.8,13.3,0.239,0.228,0.07
mangalore_netravati,Mangalore,Karnataka,West Coast (Arabian Sea),12.8615,74.843,2.0,July 2023 Netravati Estuary Breach,2023-06-16T23:00,0.0,1005.9,6.6,14.0,0.238,0.228,0.07
mangalore_netravati,Mangalore,Karnataka,West Coast (Arabian Sea),12.8615,74.843,2.0,July 2023 Netravati Estuary Breach,2023-06-17T00:00,0.0,1005.9,4.4,13.7,0.239,0.228,0.071
mangalore_netravati,Mangalore,Karnataka,West Coast (Arabian Sea),12.8615,74.843,2.0,July 2023 Netravati Estuary Breach,2023-06-17T01:00,0.0,1006.6,5.2,9.7,0.239,0.228,0.071
mangalore_netravati,Mangalore,Karnataka,West Coast (Arabian Sea),12.8615,74.843,2.0,July 2023 Netravati Estuary Breach,2023-06-17T02:00,0.0,1007.2,4.4,10.8,0.238,0.228,0.071
mangalore_netravati,Mangalore,Karnataka,West Coast (Arabian Sea),12.8615,74.843,2.0,July 2023 Netravati Estuary Breach,2023-06-17T03:00,0.2,1007.6,2.7,10.8,0.239,0.227,0.071
mangalore_netravati,Mangalore,Karnataka,West Coast (Arabian Sea),12.8615,74.843,2.0,July 2023 Netravati Estuary Breach,2023-06-17T04:00,0.4,1007.8,5.6,15.8,0.24,0.227,0.071
mangalore_netravati,Mangalore,Karnataka,West Coast (Arabian Sea),12.8615,74.843,2.0,July 2023 Netravati Estuary Breach,2023-06-17T05:00,0.1,1007.7,9.4,24.8,0.239,0.226,0.071
mangalore_netravati,Mangalore,Karnataka,West Coast (Arabian Sea),12.8615,74.843,2.0,July 2023 Netravati Estuary Breach,2023-06-17T06:00,0.2,1007.7,3.9,27.4,0.238,0.225,0.071
mangalore_netravati,Mangalore,Karnataka,West Coast (Arabian Sea),12.8615,74.843,2.0,July 2023 Netravati Estuary Breach,2023-06-17T07:00,0.0,1007.5,4.4,18.4,0.235,0.224,0.071
mangalore_netravati,Mangalore,Karnataka,West Coast (Arabian Sea),12.8615,74.843,2.0,July 2023 Netravati Estuary Breach,2023-06-17T08:00,0.4,1007.2,10.8,32.0,0.236,0.223,0.071
mangalore_netravati,Mangalore,Karnataka,West Coast (Arabian Sea),12.8615,74.843,2.0,July 2023 Netravati Estuary Breach,2023-06-17T09:00,0.1,1006.3,9.1,25.2,0.235,0.223,0.072
mangalore_netravati,Mangalore,Karnataka,West Coast (Arabian Sea),12.8615,74.843,2.0,July 2023 Netravati Estuary Breach,2023-06-17T10:00,0.1,1005.3,8.7,22.7,0.233,0.222,0.072
mangalore_netravati,Mangalore,Karnataka,West Coast (Arabian Sea),12.8615,74.843,2.0,July 2023 Netravati Estuary Breach,2023-06-17T11:00,0.0,1005.2,8.0,22.3,0.231,0.221,0.072
mangalore_netravati,Mangalore,Karnataka,West Coast (Arabian Sea),12.8615,74.843,2.0,July 2023 Netravati Estuary Breach,2023-06-17T12:00,0.3,1005.3,11.5,18.7,0.229,0.222,0.072
mangalore_netravati,Mangalore,Karnataka,West Coast (Arabian Sea),12.8615,74.843,2.0,July 2023 Netravati Estuary Breach,2023-06-17T13:00,0.0,1005.9,9.8,22.7,0.228,0.222,0.072
mangalore_netravati,Mangalore,Karnataka,West Coast (Arabian Sea),12.8615,74.843,2.0,July 2023 Netravati Estuary Breach,2023-06-17T14:00,0.0,1006.7,9.0,17.6,0.228,0.221,0.072
mangalore_netravati,Mangalore,Karnataka,West Coast (Arabian Sea),12.8615,74.843,2.0,July 2023 Netravati Estuary Breach,2023-06-17T15:00,0.0,1007.5,3.4,15.8,0.228,0.221,0.073
mangalore_netravati,Mangalore,Karnataka,West Coast (Arabian Sea),12.8615,74.843,2.0,July 2023 Netravati Estuary Breach,2023-06-17T16:00,0.3,1008.5,4.7,16.2,0.229,0.221,0.073
mangalore_netravati,Mangalore,Karnataka,West Coast (Arabian Sea),12.8615,74.843,2.0,July 2023 Netravati Estuary Breach,2023-06-17T17:00,0.1,1008.5,4.0,8.3,0.23,0.221,0.073
mangalore_netravati,Mangalore,Karnataka,West Coast (Arabian Sea),12.8615,74.843,2.0,July 2023 Netravati Estuary Breach,2023-06-17T18:00,0.0,1008.3,3.9,6.1,0.23,0.221,0.073
mangalore_netravati,Mangalore,Karnataka,West Coast (Arabian Sea),12.8615,74.843,2.0,July 2023 Netravati Estuary Breach,2023-06-17T19:00,0.0,1007.9,4.9,11.2,0.229,0.221,0.073
mangalore_netravati,Mangalore,Karnataka,West Coast (Arabian Sea),12.8615,74.843,2.0,July 2023 Netravati Estuary Breach,2023-06-17T20:00,0.7,1007.6,1.9,8.3,0.236,0.22,0.073
mangalore_netravati,Mangalore,Karnataka,West Coast (Arabian Sea),12.8615,74.843,2.0,July 2023 Netravati Estuary Breach,2023-06-17T21:00,0.3,1007.1,6.9,11.9,0.238,0.22,0.073
mangalore_netravati,Mangalore,Karnataka,West Coast (Arabian Sea),12.8615,74.843,2.0,July 2023 Netravati Estuary Breach,2023-06-17T22:00,0.6,1006.7,6.1,18.0,0.245,0.22,0.073
mangalore_netravati,Mangalore,Karnataka,West Coast (Arabian Sea),12.8615,74.843,2.0,July 2023 Netravati Estuary Breach,2023-06-17T23:00,0.0,1006.7,4.1,11.2,0.244,0.221,0.073
mangalore_netravati,Mangalore,Karnataka,West Coast (Arabian Sea),12.8615,74.843,2.0,July 2023 Netravati Estuary Breach,2023-06-18T00:00,0.1,1007.4,6.9,14.0,0.252,0.221,0.073
mangalore_netravati,Mangalore,Karnataka,West Coast (Arabian Sea),12.8615,74.843,2.0,July 2023 Netravati Estuary Breach,2023-06-18T01:00,5.1,1007.5,10.2,23.8,0.319,0.223,0.073
mangalore_netravati,Mangalore,Karnataka,West Coast (Arabian Sea),12.8615,74.843,2.0,July 2023 Netravati Estuary Breach,2023-06-18T02:00,1.8,1007.8,5.5,22.7,0.319,0.23,0.073
mangalore_netravati,Mangalore,Karnataka,West Coast (Arabian Sea),12.8615,74.843,2.0,July 2023 Netravati Estuary Breach,2023-06-18T03:00,0.5,1008.2,6.7,17.3,0.308,0.235,0.073
mangalore_netravati,Mangalore,Karnataka,West Coast (Arabian Sea),12.8615,74.843,2.0,July 2023 Netravati Estuary Breach,2023-06-18T04:00,0.1,1008.4,2.2,15.5,0.299,0.238,0.073
mangalore_netravati,Mangalore,Karnataka,West Coast (Arabian Sea),12.8615,74.843,2.0,July 2023 Netravati Estuary Breach,2023-06-18T05:00,0.1,1008.2,4.9,15.1,0.291,0.24,0.073
mangalore_netravati,Mangalore,Karnataka,West Coast (Arabian Sea),12.8615,74.843,2.0,July 2023 Netravati Estuary Breach,2023-06-18T06:00,0.1,1007.8,9.5,24.1,0.284,0.24,0.073
mangalore_netravati,Mangalore,Karnataka,West Coast (Arabian Sea),12.8615,74.843,2.0,July 2023 Netravati Estuary Breach,2023-06-18T07:00,0.0,1007.5,9.7,31.3,0.277,0.239,0.073
mangalore_netravati,Mangalore,Karnataka,West Coast (Arabian Sea),12.8615,74.843,2.0,July 2023 Netravati Estuary Breach,2023-06-18T08:00,0.0,1006.4,10.9,29.5,0.272,0.239,0.073
mangalore_netravati,Mangalore,Karnataka,West Coast (Arabian Sea),12.8615,74.843,2.0,July 2023 Netravati Estuary Breach,2023-06-18T09:00,0.0,1005.5,14.5,32.8,0.267,0.238,0.074
mangalore_netravati,Mangalore,Karnataka,West Coast (Arabian Sea),12.8615,74.843,2.0,July 2023 Netravati Estuary Breach,2023-06-18T10:00,0.1,1005.0,14.5,33.8,0.264,0.238,0.074
mangalore_netravati,Mangalore,Karnataka,West Coast (Arabian Sea),12.8615,74.843,2.0,July 2023 Netravati Estuary Breach,2023-06-18T11:00,0.1,1004.9,11.2,33.1,0.262,0.237,0.074
mangalore_netravati,Mangalore,Karnataka,West Coast (Arabian Sea),12.8615,74.843,2.0,July 2023 Netravati Estuary Breach,2023-06-18T12:00,0.0,1005.0,11.9,27.0,0.256,0.222,0.074
mangalore_netravati,Mangalore,Karnataka,West Coast (Arabian Sea),12.8615,74.843,2.0,July 2023 Netravati Estuary Breach,2023-06-18T13:00,0.0,1005.6,9.3,23.4,0.254,0.222,0.074
mangalore_netravati,Mangalore,Karnataka,West Coast (Arabian Sea),12.8615,74.843,2.0,July 2023 Netravati Estuary Breach,2023-06-18T14:00,0.0,1006.0,5.4,17.3,0.253,0.222,0.074
mangalore_netravati,Mangalore,Karnataka,West Coast (Arabian Sea),12.8615,74.843,2.0,July 2023 Netravati Estuary Breach,2023-06-18T15:00,0.0,1006.4,4.6,9.4,0.251,0.222,0.074
mangalore_netravati,Mangalore,Karnataka,West Coast (Arabian Sea),12.8615,74.843,2.0,July 2023 Netravati Estuary Breach,2023-06-18T16:00,1.1,1007.2,8.3,19.8,0.259,0.223,0.074
mangalore_netravati,Mangalore,Karnataka,West Coast (Arabian Sea),12.8615,74.843,2.0,July 2023 Netravati Estuary Breach,2023-06-18T17:00,0.2,1007.4,7.0,14.4,0.259,0.223,0.074
mangalore_netravati,Mangalore,Karnataka,West Coast (Arabian Sea),12.8615,74.843,2.0,July 2023 Netravati Estuary Breach,2023-06-18T18:00,0.2,1007.6,4.6,11.9,0.26,0.223,0.074
mangalore_netravati,Mangalore,Karnataka,West Coast (Arabian Sea),12.8615,74.843,2.0,July 2023 Netravati Estuary Breach,2023-06-18T19:00,1.4,1006.9,5.8,13.3,0.276,0.224,0.075
mangalore_netravati,Mangalore,Karnataka,West Coast (Arabian Sea),12.8615,74.843,2.0,July 2023 Netravati Estuary Breach,2023-06-18T20:00,0.0,1006.1,6.4,11.5,0.273,0.225,0.075
mangalore_netravati,Mangalore,Karnataka,West Coast (Arabian Sea),12.8615,74.843,2.0,July 2023 Netravati Estuary Breach,2023-06-18T21:00,0.0,1005.9,5.2,12.6,0.269,0.226,0.075
mangalore_netravati,Mangalore,Karnataka,West Coast (Arabian Sea),12.8615,74.843,2.0,July 2023 Netravati Estuary Breach,2023-06-18T22:00,0.0,1005.2,5.2,10.1,0.267,0.227,0.075
mangalore_netravati,Mangalore,Karnataka,West Coast (Arabian Sea),12.8615,74.843,2.0,July 2023 Netravati Estuary Breach,2023-06-18T23:00,0.0,1005.2,3.4,9.7,0.264,0.227,0.075
mangalore_netravati,Mangalore,Karnataka,West Coast (Arabian Sea),12.8615,74.843,2.0,July 2023 Netravati Estuary Breach,2023-06-19T00:00,0.0,1005.4,8.2,7.6,0.267,0.226,0.075
mangalore_netravati,Mangalore,Karnataka,West Coast (Arabian Sea),12.8615,74.843,2.0,July 2023 Netravati Estuary Breach,2023-06-19T01:00,0.0,1005.7,9.6,16.6,0.265,0.227,0.075
mangalore_netravati,Mangalore,Karnataka,West Coast (Arabian Sea),12.8615,74.843,2.0,July 2023 Netravati Estuary Breach,2023-06-19T02:00,0.0,1006.0,8.0,18.7,0.263,0.227,0.076
mangalore_netravati,Mangalore,Karnataka,West Coast (Arabian Sea),12.8615,74.843,2.0,July 2023 Netravati Estuary Breach,2023-06-19T03:00,0.0,1006.2,5.5,16.6,0.261,0.228,0.076
mangalore_netravati,Mangalore,Karnataka,West Coast (Arabian Sea),12.8615,74.843,2.0,July 2023 Netravati Estuary Breach,2023-06-19T04:00,0.0,1006.3,7.7,18.7,0.258,0.227,0.076
mangalore_netravati,Mangalore,Karnataka,West Coast (Arabian Sea),12.8615,74.843,2.0,July 2023 Netravati Estuary Breach,2023-06-19T05:00,0.1,1006.4,7.7,24.1,0.256,0.227,0.076
mangalore_netravati,Mangalore,Karnataka,West Coast (Arabian Sea),12.8615,74.843,2.0,July 2023 Netravati Estuary Breach,2023-06-19T06:00,0.0,1005.9,11.3,29.2,0.252,0.226,0.076
mangalore_netravati,Mangalore,Karnataka,West Coast (Arabian Sea),12.8615,74.843,2.0,July 2023 Netravati Estuary Breach,2023-06-19T07:00,0.0,1005.4,14.2,33.8,0.248,0.225,0.076
mangalore_netravati,Mangalore,Karnataka,West Coast (Arabian Sea),12.8615,74.843,2.0,July 2023 Netravati Estuary Breach,2023-06-19T08:00,1.4,1004.8,17.6,36.7,0.255,0.224,0.076
mangalore_netravati,Mangalore,Karnataka,West Coast (Arabian Sea),12.8615,74.843,2.0,July 2023 Netravati Estuary Breach,2023-06-19T09:00,0.6,1004.0,17.1,37.1,0.257,0.224,0.076
mangalore_netravati,Mangalore,Karnataka,West Coast (Arabian Sea),12.8615,74.843,2.0,July 2023 Netravati Estuary Breach,2023-06-19T10:00,3.0,1003.8,13.3,36.4,0.288,0.225,0.076
mangalore_netravati,Mangalore,Karnataka,West Coast (Arabian Sea),12.8615,74.843,2.0,July 2023 Netravati Estuary Breach,2023-06-19T11:00,2.2,1003.5,12.8,30.2,0.308,0.227,0.076
mangalore_netravati,Mangalore,Karnataka,West Coast (Arabian Sea),12.8615,74.843,2.0,July 2023 Netravati Estuary Breach,2023-06-19T12:00,0.1,1003.3,15.3,26.6,0.261,0.226,0.076
mangalore_netravati,Mangalore,Karnataka,West Coast (Arabian Sea),12.8615,74.843,2.0,July 2023 Netravati Estuary Breach,2023-06-19T13:00,0.0,1003.6,13.3,28.8,0.259,0.226,0.077
mangalore_netravati,Mangalore,Karnataka,West Coast (Arabian Sea),12.8615,74.843,2.0,July 2023 Netravati Estuary Breach,2023-06-19T14:00,0.0,1003.9,9.7,24.1,0.257,0.226,0.077
mangalore_netravati,Mangalore,Karnataka,West Coast (Arabian Sea),12.8615,74.843,2.0,July 2023 Netravati Estuary Breach,2023-06-19T15:00,0.0,1004.3,8.1,17.3,0.255,0.227,0.077
mangalore_netravati,Mangalore,Karnataka,West Coast (Arabian Sea),12.8615,74.843,2.0,July 2023 Netravati Estuary Breach,2023-06-19T16:00,0.0,1004.7,7.8,14.8,0.254,0.227,0.077
mangalore_netravati,Mangalore,Karnataka,West Coast (Arabian Sea),12.8615,74.843,2.0,July 2023 Netravati Estuary Breach,2023-06-19T17:00,0.0,1005.0,8.3,14.4,0.252,0.227,0.077
mangalore_netravati,Mangalore,Karnataka,West Coast (Arabian Sea),12.8615,74.843,2.0,July 2023 Netravati Estuary Breach,2023-06-19T18:00,0.0,1004.9,5.8,14.4,0.252,0.227,0.077
mangalore_netravati,Mangalore,Karnataka,West Coast (Arabian Sea),12.8615,74.843,2.0,July 2023 Netravati Estuary Breach,2023-06-19T19:00,0.1,1004.4,3.4,9.7,0.251,0.227,0.077
mangalore_netravati,Mangalore,Karnataka,West Coast (Arabian Sea),12.8615,74.843,2.0,July 2023 Netravati Estuary Breach,2023-06-19T20:00,0.2,1004.0,4.1,10.1,0.251,0.227,0.077
mangalore_netravati,Mangalore,Karnataka,West Coast (Arabian Sea),12.8615,74.843,2.0,July 2023 Netravati Estuary Breach,2023-06-19T21:00,0.1,1003.6,4.4,11.2,0.251,0.227,0.077
mangalore_netravati,Mangalore,Karnataka,West Coast (Arabian Sea),12.8615,74.843,2.0,July 2023 Netravati Estuary Breach,2023-06-19T22:00,0.4,1003.4,4.3,11.2,0.253,0.227,0.077
mangalore_netravati,Mangalore,Karnataka,West Coast (Arabian Sea),12.8615,74.843,2.0,July 2023 Netravati Estuary Breach,2023-06-19T23:00,0.2,1003.3,6.8,14.0,0.252,0.227,0.077
mangalore_netravati,Mangalore,Karnataka,West Coast (Arabian Sea),12.8615,74.843,2.0,July 2023 Netravati Estuary Breach,2023-06-20T00:00,0.0,1003.7,4.9,11.9,0.276,0.233,0.078
mangalore_netravati,Mangalore,Karnataka,West Coast (Arabian Sea),12.8615,74.843,2.0,July 2023 Netravati Estuary Breach,2023-06-20T01:00,0.2,1004.2,7.4,13.0,0.275,0.234,0.078
mangalore_netravati,Mangalore,Karnataka,West Coast (Arabian Sea),12.8615,74.843,2.0,July 2023 Netravati Estuary Breach,2023-06-20T02:00,0.1,1004.9,6.4,15.1,0.272,0.235,0.078
mangalore_netravati,Mangalore,Karnataka,West Coast (Arabian Sea),12.8615,74.843,2.0,July 2023 Netravati Estuary Breach,2023-06-20T03:00,0.0,1005.3,3.1,15.5,0.27,0.235,0.078
mangalore_netravati,Mangalore,Karnataka,West Coast (Arabian Sea),12.8615,74.843,2.0,July 2023 Netravati Estuary Breach,2023-06-20T04:00,0.1,1005.9,5.7,19.1,0.267,0.235,0.078
mangalore_netravati,Mangalore,Karnataka,West Coast (Arabian Sea),12.8615,74.843,2.0,July 2023 Netravati Estuary Breach,2023-06-20T05:00,0.2,1005.7,7.1,22.3,0.266,0.235,0.078
mangalore_netravati,Mangalore,Karnataka,West Coast (Arabian Sea),12.8615,74.843,2.0,July 2023 Netravati Estuary Breach,2023-06-20T06:00,0.1,1005.0,9.8,23.0,0.263,0.235,0.078
mangalore_netravati,Mangalore,Karnataka,West Coast (Arabian Sea),12.8615,74.843,2.0,July 2023 Netravati Estuary Breach,2023-06-20T07:00,0.1,1004.5,10.3,28.1,0.259,0.234,0.078
mangalore_netravati,Mangalore,Karnataka,West Coast (Arabian Sea),12.8615,74.843,2.0,July 2023 Netravati Estuary Breach,2023-06-20T08:00,0.2,1003.9,8.4,27.4,0.257,0.233,0.078
mangalore_netravati,Mangalore,Karnataka,West Coast (Arabian Sea),12.8615,74.843,2.0,July 2023 Netravati Estuary Breach,2023-06-20T09:00,0.0,1003.5,10.8,24.1,0.255,0.233,0.079
mangalore_netravati,Mangalore,Karnataka,West Coast (Arabian Sea),12.8615,74.843,2.0,July 2023 Netravati Estuary Breach,2023-06-20T10:00,0.0,1003.1,8.7,23.0,0.253,0.232,0.079
mangalore_netravati,Mangalore,Karnataka,West Coast (Arabian Sea),12.8615,74.843,2.0,July 2023 Netravati Estuary Breach,2023-06-20T11:00,0.2,1002.7,9.2,18.4,0.253,0.232,0.079
mangalore_netravati,Mangalore,Karnataka,West Coast (Arabian Sea),12.8615,74.843,2.0,July 2023 Netravati Estuary Breach,2023-06-20T12:00,0.3,1003.4,10.8,22.7,0.255,0.234,0.078
mangalore_netravati,Mangalore,Karnataka,West Coast (Arabian Sea),12.8615,74.843,2.0,July 2023 Netravati Estuary Breach,2023-06-20T13:00,0.1,1003.5,6.5,20.9,0.254,0.234,0.079
mangalore_netravati,Mangalore,Karnataka,West Coast (Arabian Sea),12.8615,74.843,2.0,July 2023 Netravati Estuary Breach,2023-06-20T14:00,0.1,1004.0,3.6,12.2,0.253,0.234,0.079
mangalore_netravati,Mangalore,Karnataka,West Coast (Arabian Sea),12.8615,74.843,2.0,July 2023 Netravati Estuary Breach,2023-06-20T15:00,0.1,1004.7,5.5,6.8,0.252,0.233,0.079
mangalore_netravati,Mangalore,Karnataka,West Coast (Arabian Sea),12.8615,74.843,2.0,July 2023 Netravati Estuary Breach,2023-06-20T16:00,0.0,1004.9,4.2,7.2,0.251,0.233,0.079
mangalore_netravati,Mangalore,Karnataka,West Coast (Arabian Sea),12.8615,74.843,2.0,July 2023 Netravati Estuary Breach,2023-06-20T17:00,0.0,1005.2,3.6,6.5,0.25,0.233,0.079
mangalore_netravati,Mangalore,Karnataka,West Coast (Arabian Sea),12.8615,74.843,2.0,July 2023 Netravati Estuary Breach,2023-06-20T18:00,0.1,1005.2,6.5,12.6,0.25,0.233,0.079
mangalore_netravati,Mangalore,Karnataka,West Coast (Arabian Sea),12.8615,74.843,2.0,July 2023 Netravati Estuary Breach,2023-06-20T19:00,0.1,1005.0,7.9,13.0,0.25,0.233,0.079
mangalore_netravati,Mangalore,Karnataka,West Coast (Arabian Sea),12.8615,74.843,2.0,July 2023 Netravati Estuary Breach,2023-06-20T20:00,0.2,1004.6,2.9,14.0,0.25,0.233,0.079
mangalore_netravati,Mangalore,Karnataka,West Coast (Arabian Sea),12.8615,74.843,2.0,July 2023 Netravati Estuary Breach,2023-06-20T21:00,0.4,1003.9,2.4,8.6,0.252,0.233,0.08
mangalore_netravati,Mangalore,Karnataka,West Coast (Arabian Sea),12.8615,74.843,2.0,July 2023 Netravati Estuary Breach,2023-06-20T22:00,1.5,1003.6,6.1,14.4,0.271,0.233,0.08
mangalore_netravati,Mangalore,Karnataka,West Coast (Arabian Sea),12.8615,74.843,2.0,July 2023 Netravati Estuary Breach,2023-06-20T23:00,0.1,1003.7,7.5,14.0,0.269,0.234,0.08
mangalore_netravati,Mangalore,Karnataka,West Coast (Arabian Sea),12.8615,74.843,2.0,July 2023 Netravati Estuary Breach,2023-06-21T00:00,4.8,1004.1,3.3,23.8,0.348,0.247,0.08
mangalore_netravati,Mangalore,Karnataka,West Coast (Arabian Sea),12.8615,74.843,2.0,July 2023 Netravati Estuary Breach,2023-06-21T01:00,1.3,1004.2,5.9,9.4,0.328,0.259,0.08
mangalore_netravati,Mangalore,Karnataka,West Coast (Arabian Sea),12.8615,74.843,2.0,July 2023 Netravati Estuary Breach,2023-06-21T02:00,0.1,1005.1,9.4,19.1,0.314,0.263,0.08
mangalore_netravati,Mangalore,Karnataka,West Coast (Arabian Sea),12.8615,74.843,2.0,July 2023 Netravati Estuary Breach,2023-06-21T03:00,0.0,1005.6,5.9,19.1,0.304,0.265,0.08
mangalore_netravati,Mangalore,Karnataka,West Coast (Arabian Sea),12.8615,74.843,2.0,July 2023 Netravati Estuary Breach,2023-06-21T04:00,0.1,1006.2,3.5,15.5,0.299,0.266,0.081
mangalore_netravati,Mangalore,Karnataka,West Coast (Arabian Sea),12.8615,74.843,2.0,July 2023 Netravati Estuary Breach,2023-06-21T05:00,0.2,1006.4,3.5,15.8,0.294,0.266,0.081
mangalore_netravati,Mangalore,Karnataka,West Coast (Arabian Sea),12.8615,74.843,2.0,July 2023 Netravati Estuary Breach,2023-06-21T06:00,1.2,1006.4,7.6,23.4,0.301,0.266,0.081
mangalore_netravati,Mangalore,Karnataka,West Coast (Arabian Sea),12.8615,74.843,2.0,July 2023 Netravati Estuary Breach,2023-06-21T07:00,0.5,1006.0,11.3,26.3,0.298,0.267,0.082
mangalore_netravati,Mangalore,Karnataka,West Coast (Arabian Sea),12.8615,74.843,2.0,July 2023 Netravati Estuary Breach,2023-06-21T08:00,0.5,1004.9,7.5,24.1,0.297,0.267,0.082
mangalore_netravati,Mangalore,Karnataka,West Coast (Arabian Sea),12.8615,74.843,2.0,July 2023 Netravati Estuary Breach,2023-06-21T09:00,0.4,1004.2,7.5,21.6,0.294,0.268,0.082
mangalore_netravati,Mangalore,Karnataka,West Coast (Arabian Sea),12.8615,74.843,2.0,July 2023 Netravati Estuary Breach,2023-06-21T10:00,0.1,1003.9,7.0,23.4,0.29,0.267,0.083
mangalore_netravati,Mangalore,Karnataka,West Coast (Arabian Sea),12.8615,74.843,2.0,July 2023 Netravati Estuary Breach,2023-06-21T11:00,0.2,1003.7,9.2,25.2,0.287,0.267,0.083
mangalore_netravati,Mangalore,Karnataka,West Coast (Arabian Sea),12.8615,74.843,2.0,July 2023 Netravati Estuary Breach,2023-06-21T12:00,0.0,1004.1,6.8,20.5,0.301,0.29,0.09
mangalore_netravati,Mangalore,Karnataka,West Coast (Arabian Sea),12.8615,74.843,2.0,July 2023 Netravati Estuary Breach,2023-06-21T13:00,1.1,1004.6,5.2,17.3,0.31,0.289,0.09
mangalore_netravati,Mangalore,Karnataka,West Coast (Arabian Sea),12.8615,74.843,2.0,July 2023 Netravati Estuary Breach,2023-06-21T14:00,4.8,1005.7,5.8,20.2,0.355,0.295,0.091
mangalore_netravati,Mangalore,Karnataka,West Coast (Arabian Sea),12.8615,74.843,2.0,July 2023 Netravati Estuary Breach,2023-06-21T15:00,2.4,1006.7,1.1,15.1,0.35,0.304,0.092
mangalore_netravati,Mangalore,Karnataka,West Coast (Arabian Sea),12.8615,74.843,2.0,July 2023 Netravati Estuary Breach,2023-06-21T16:00,1.3,1006.9,2.9,5.0,0.344,0.309,0.093
mangalore_netravati,Mangalore,Karnataka,West Coast (Arabian Sea),12.8615,74.843,2.0,July 2023 Netravati Estuary Breach,2023-06-21T17:00,1.0,1006.7,5.8,10.1,0.339,0.311,0.094
mangalore_netravati,Mangalore,Karnataka,West Coast (Arabian Sea),12.8615,74.843,2.0,July 2023 Netravati Estuary Breach,2023-06-21T18:00,0.7,1006.5,6.5,13.3,0.333,0.312,0.095
mangalore_netravati,Mangalore,Karnataka,West Coast (Arabian Sea),12.8615,74.843,2.0,July 2023 Netravati Estuary Breach,2023-06-21T19:00,0.3,1005.9,4.9,11.5,0.327,0.311,0.097
mangalore_netravati,Mangalore,Karnataka,West Coast (Arabian Sea),12.8615,74.843,2.0,July 2023 Netravati Estuary Breach,2023-06-21T20:00,0.1,1005.3,5.5,9.4,0.32,0.31,0.098
mangalore_netravati,Mangalore,Karnataka,West Coast (Arabian Sea),12.8615,74.843,2.0,July 2023 Netravati Estuary Breach,2023-06-21T21:00,0.0,1004.7,6.4,12.2,0.315,0.308,0.099
mangalore_netravati,Mangalore,Karnataka,West Coast (Arabian Sea),12.8615,74.843,2.0,July 2023 Netravati Estuary Breach,2023-06-21T22:00,0.1,1004.8,2.9,11.5,0.311,0.306,0.1
mangalore_netravati,Mangalore,Karnataka,West Coast (Arabian Sea),12.8615,74.843,2.0,July 2023 Netravati Estuary Breach,2023-06-21T23:00,0.1,1004.7,2.4,5.0,0.308,0.304,0.101
mangalore_netravati,Mangalore,Karnataka,West Coast (Arabian Sea),12.8615,74.843,2.0,July 2023 Netravati Estuary Breach,2023-06-22T00:00,0.7,1005.2,2.0,7.2,0.297,0.282,0.097
mangalore_netravati,Mangalore,Karnataka,West Coast (Arabian Sea),12.8615,74.843,2.0,July 2023 Netravati Estuary Breach,2023-06-22T01:00,0.0,1005.5,1.8,2.9,0.294,0.281,0.097
mangalore_netravati,Mangalore,Karnataka,West Coast (Arabian Sea),12.8615,74.843,2.0,July 2023 Netravati Estuary Breach,2023-06-22T02:00,0.8,1006.4,8.7,20.5,0.301,0.281,0.098
mangalore_netravati,Mangalore,Karnataka,West Coast (Arabian Sea),12.8615,74.843,2.0,July 2023 Netravati Estuary Breach,2023-06-22T03:00,0.3,1006.6,10.7,19.8,0.299,0.281,0.098
mangalore_netravati,Mangalore,Karnataka,West Coast (Arabian Sea),12.8615,74.843,2.0,July 2023 Netravati Estuary Breach,2023-06-22T04:00,0.1,1006.8,9.4,26.3,0.296,0.28,0.099
mangalore_netravati,Mangalore,Karnataka,West Coast (Arabian Sea),12.8615,74.843,2.0,July 2023 Netravati Estuary Breach,2023-06-22T05:00,0.1,1006.8,8.9,27.4,0.292,0.279,0.099
mangalore_netravati,Mangalore,Karnataka,West Coast (Arabian Sea),12.8615,74.843,2.0,July 2023 Netravati Estuary Breach,2023-06-22T06:00,0.1,1006.4,10.1,28.4,0.287,0.277,0.1
mangalore_netravati,Mangalore,Karnataka,West Coast (Arabian Sea),12.8615,74.843,2.0,July 2023 Netravati Estuary Breach,2023-06-22T07:00,1.6,1005.9,15.5,34.2,0.3,0.276,0.1
mangalore_netravati,Mangalore,Karnataka,West Coast (Arabian Sea),12.8615,74.843,2.0,July 2023 Netravati Estuary Breach,2023-06-22T08:00,2.2,1005.1,13.9,36.0,0.316,0.278,0.1
mangalore_netravati,Mangalore,Karnataka,West Coast (Arabian Sea),12.8615,74.843,2.0,July 2023 Netravati Estuary Breach,2023-06-22T09:00,0.1,1004.7,12.4,32.4,0.307,0.278,0.101
mangalore_netravati,Mangalore,Karnataka,West Coast (Arabian Sea),12.8615,74.843,2.0,July 2023 Netravati Estuary Breach,2023-06-22T10:00,0.0,1004.1,12.2,33.1,0.3,0.278,0.101
mangalore_netravati,Mangalore,Karnataka,West Coast (Arabian Sea),12.8615,74.843,2.0,July 2023 Netravati Estuary Breach,2023-06-22T11:00,0.0,1004.0,12.9,31.3,0.295,0.277,0.102
mangalore_netravati,Mangalore,Karnataka,West Coast (Arabian Sea),12.8615,74.843,2.0,July 2023 Netravati Estuary Breach,2023-06-22T12:00,0.2,1004.2,9.8,31.3,0.29,0.275,0.102
mangalore_netravati,Mangalore,Karnataka,West Coast (Arabian Sea),12.8615,74.843,2.0,July 2023 Netravati Estuary Breach,2023-06-22T13:00,0.1,1004.4,8.4,21.6,0.288,0.274,0.102
mangalore_netravati,Mangalore,Karnataka,West Coast (Arabian Sea),12.8615,74.843,2.0,July 2023 Netravati Estuary Breach,2023-06-22T14:00,1.3,1005.4,12.1,21.2,0.297,0.274,0.102
mangalore_netravati,Mangalore,Karnataka,West Coast (Arabian Sea),12.8615,74.843,2.0,July 2023 Netravati Estuary Breach,2023-06-22T15:00,0.3,1006.3,6.9,22.3,0.296,0.274,0.103
mangalore_netravati,Mangalore,Karnataka,West Coast (Arabian Sea),12.8615,74.843,2.0,July 2023 Netravati Estuary Breach,2023-06-22T16:00,0.1,1006.4,3.4,12.6,0.293,0.274,0.103
mangalore_netravati,Mangalore,Karnataka,West Coast (Arabian Sea),12.8615,74.843,2.0,July 2023 Netravati Estuary Breach,2023-06-22T17:00,0.0,1006.9,2.8,5.4,0.29,0.274,0.104
mangalore_netravati,Mangalore,Karnataka,West Coast (Arabian Sea),12.8615,74.843,2.0,July 2023 Netravati Estuary Breach,2023-06-22T18:00,0.0,1006.7,2.9,5.4,0.288,0.274,0.104
mangalore_netravati,Mangalore,Karnataka,West Coast (Arabian Sea),12.8615,74.843,2.0,July 2023 Netravati Estuary Breach,2023-06-22T19:00,0.0,1006.1,4.8,8.6,0.285,0.273,0.104
mangalore_netravati,Mangalore,Karnataka,West Coast (Arabian Sea),12.8615,74.843,2.0,July 2023 Netravati Estuary Breach,2023-06-22T20:00,0.0,1005.5,5.8,10.4,0.283,0.273,0.105
mangalore_netravati,Mangalore,Karnataka,West Coast (Arabian Sea),12.8615,74.843,2.0,July 2023 Netravati Estuary Breach,2023-06-22T21:00,0.1,1005.1,4.0,14.8,0.282,0.272,0.105
mangalore_netravati,Mangalore,Karnataka,West Coast (Arabian Sea),12.8615,74.843,2.0,July 2023 Netravati Estuary Breach,2023-06-22T22:00,0.1,1004.9,3.3,6.8,0.281,0.272,0.105
mangalore_netravati,Mangalore,Karnataka,West Coast (Arabian Sea),12.8615,74.843,2.0,July 2023 Netravati Estuary Breach,2023-06-22T23:00,0.2,1004.8,1.6,9.4,0.282,0.271,0.106
mangalore_netravati,Mangalore,Karnataka,West Coast (Arabian Sea),12.8615,74.843,2.0,July 2023 Netravati Estuary Breach,2023-06-23T00:00,1.0,1005.5,6.3,6.1,0.285,0.267,0.106
mangalore_netravati,Mangalore,Karnataka,West Coast (Arabian Sea),12.8615,74.843,2.0,July 2023 Netravati Estuary Breach,2023-06-23T01:00,0.5,1005.8,1.5,10.8,0.288,0.267,0.106
mangalore_netravati,Mangalore,Karnataka,West Coast (Arabian Sea),12.8615,74.843,2.0,July 2023 Netravati Estuary Breach,2023-06-23T02:00,1.3,1006.5,5.6,14.8,0.302,0.268,0.106
mangalore_netravati,Mangalore,Karnataka,West Coast (Arabian Sea),12.8615,74.843,2.0,July 2023 Netravati Estuary Breach,2023-06-23T03:00,2.4,1007.3,4.6,19.4,0.325,0.27,0.107
mangalore_netravati,Mangalore,Karnataka,West Coast (Arabian Sea),12.8615,74.843,2.0,July 2023 Netravati Estuary Breach,2023-06-23T04:00,4.3,1007.4,2.0,15.8,0.343,0.281,0.107
mangalore_netravati,Mangalore,Karnataka,West Coast (Arabian Sea),12.8615,74.843,2.0,July 2023 Netravati Estuary Breach,2023-06-23T05:00,0.7,1007.2,9.3,21.2,0.329,0.287,0.108
mangalore_netravati,Mangalore,Karnataka,West Coast (Arabian Sea),12.8615,74.843,2.0,July 2023 Netravati Estuary Breach,2023-06-23T06:00,0.5,1007.1,6.9,24.8,0.32,0.289,0.108
mangalore_netravati,Mangalore,Karnataka,West Coast (Arabian Sea),12.8615,74.843,2.0,July 2023 Netravati Estuary Breach,2023-06-23T07:00,0.5,1006.5,7.1,25.6,0.314,0.289,0.109
mangalore_netravati,Mangalore,Karnataka,West Coast (Arabian Sea),12.8615,74.843,2.0,July 2023 Netravati Estuary Breach,2023-06-23T08:00,0.5,1005.9,12.7,32.0,0.31,0.289,0.109
mangalore_netravati,Mangalore,Karnataka,West Coast (Arabian Sea),12.8615,74.843,2.0,July 2023 Netravati Estuary Breach,2023-06-23T09:00,0.1,1005.4,12.8,34.2,0.305,0.288,0.11
mangalore_netravati,Mangalore,Karnataka,West Coast (Arabian Sea),12.8615,74.843,2.0,July 2023 Netravati Estuary Breach,2023-06-23T10:00,6.0,1005.1,14.7,35.6,0.36,0.293,0.11
mangalore_netravati,Mangalore,Karnataka,West Coast (Arabian Sea),12.8615,74.843,2.0,July 2023 Netravati Estuary Breach,2023-06-23T11:00,4.3,1004.9,10.7,33.8,0.352,0.312,0.111
mangalore_netravati,Mangalore,Karnataka,West Coast (Arabian Sea),12.8615,74.843,2.0,July 2023 Netravati Estuary Breach,2023-06-23T12:00,1.2,1005.0,5.6,27.4,0.33,0.293,0.11
mangalore_netravati,Mangalore,Karnataka,West Coast (Arabian Sea),12.8615,74.843,2.0,July 2023 Netravati Estuary Breach,2023-06-23T13:00,0.4,1005.4,4.6,19.1,0.323,0.295,0.111
mangalore_netravati,Mangalore,Karnataka,West Coast (Arabian Sea),12.8615,74.843,2.0,July 2023 Netravati Estuary Breach,2023-06-23T14:00,1.9,1005.9,1.3,16.9,0.334,0.298,0.112
mangalore_netravati,Mangalore,Karnataka,West Coast (Arabian Sea),12.8615,74.843,2.0,July 2023 Netravati Estuary Breach,2023-06-23T15:00,0.4,1006.0,1.1,3.2,0.326,0.299,0.112
mangalore_netravati,Mangalore,Karnataka,West Coast (Arabian Sea),12.8615,74.843,2.0,July 2023 Netravati Estuary Breach,2023-06-23T16:00,0.2,1006.7,3.4,5.8,0.32,0.3,0.113
mangalore_netravati,Mangalore,Karnataka,West Coast (Arabian Sea),12.8615,74.843,2.0,July 2023 Netravati Estuary Breach,2023-06-23T17:00,0.2,1007.3,1.8,12.2,0.316,0.299,0.114
mangalore_netravati,Mangalore,Karnataka,West Coast (Arabian Sea),12.8615,74.843,2.0,July 2023 Netravati Estuary Breach,2023-06-23T18:00,0.8,1007.2,5.2,15.5,0.319,0.299,0.115
mangalore_netravati,Mangalore,Karnataka,West Coast (Arabian Sea),12.8615,74.843,2.0,July 2023 Netravati Estuary Breach,2023-06-23T19:00,0.8,1006.5,2.9,15.8,0.322,0.299,0.116
mangalore_netravati,Mangalore,Karnataka,West Coast (Arabian Sea),12.8615,74.843,2.0,July 2023 Netravati Estuary Breach,2023-06-23T20:00,0.6,1005.4,4.8,16.6,0.321,0.299,0.116
mangalore_netravati,Mangalore,Karnataka,West Coast (Arabian Sea),12.8615,74.843,2.0,July 2023 Netravati Estuary Breach,2023-06-23T21:00,0.3,1004.8,2.7,8.6,0.318,0.299,0.117
mangalore_netravati,Mangalore,Karnataka,West Coast (Arabian Sea),12.8615,74.843,2.0,July 2023 Netravati Estuary Breach,2023-06-23T22:00,0.5,1004.3,4.4,14.0,0.317,0.299,0.118
mangalore_netravati,Mangalore,Karnataka,West Coast (Arabian Sea),12.8615,74.843,2.0,July 2023 Netravati Estuary Breach,2023-06-23T23:00,1.4,1004.7,11.0,18.0,0.329,0.299,0.119
mangalore_netravati,Mangalore,Karnataka,West Coast (Arabian Sea),12.8615,74.843,2.0,July 2023 Netravati Estuary Breach,2023-06-24T00:00,1.8,1004.9,6.7,23.0,0.347,0.322,0.122
mangalore_netravati,Mangalore,Karnataka,West Coast (Arabian Sea),12.8615,74.843,2.0,July 2023 Netravati Estuary Breach,2023-06-24T01:00,2.5,1005.7,12.2,26.3,0.358,0.325,0.123
mangalore_netravati,Mangalore,Karnataka,West Coast (Arabian Sea),12.8615,74.843,2.0,July 2023 Netravati Estuary Breach,2023-06-24T02:00,1.8,1005.9,3.9,27.0,0.351,0.329,0.125
mangalore_netravati,Mangalore,Karnataka,West Coast (Arabian Sea),12.8615,74.843,2.0,July 2023 Netravati Estuary Breach,2023-06-24T03:00,5.3,1006.4,4.7,19.4,0.374,0.339,0.127
mangalore_netravati,Mangalore,Karnataka,West Coast (Arabian Sea),12.8615,74.843,2.0,July 2023 Netravati Estuary Breach,2023-06-24T04:00,0.2,1006.4,5.5,22.3,0.347,0.339,0.13
mangalore_netravati,Mangalore,Karnataka,West Coast (Arabian Sea),12.8615,74.843,2.0,July 2023 Netravati Estuary Breach,2023-06-24T05:00,1.0,1006.8,9.0,28.1,0.344,0.335,0.132
mangalore_netravati,Mangalore,Karnataka,West Coast (Arabian Sea),12.8615,74.843,2.0,July 2023 Netravati Estuary Breach,2023-06-24T06:00,1.5,1006.8,9.4,30.2,0.347,0.332,0.134
mangalore_netravati,Mangalore,Karnataka,West Coast (Arabian Sea),12.8615,74.843,2.0,July 2023 Netravati Estuary Breach,2023-06-24T07:00,1.1,1006.3,8.2,31.7,0.343,0.33,0.136
mangalore_netravati,Mangalore,Karnataka,West Coast (Arabian Sea),12.8615,74.843,2.0,July 2023 Netravati Estuary Breach,2023-06-24T08:00,0.9,1006.1,4.3,27.7,0.339,0.329,0.138
mangalore_netravati,Mangalore,Karnataka,West Coast (Arabian Sea),12.8615,74.843,2.0,July 2023 Netravati Estuary Breach,2023-06-24T09:00,0.9,1005.3,6.6,21.6,0.337,0.326,0.14
mangalore_netravati,Mangalore,Karnataka,West Coast (Arabian Sea),12.8615,74.843,2.0,July 2023 Netravati Estuary Breach,2023-06-24T10:00,0.4,1004.4,5.1,16.9,0.33,0.324,0.141
mangalore_netravati,Mangalore,Karnataka,West Coast (Arabian Sea),12.8615,74.843,2.0,July 2023 Netravati Estuary Breach,2023-06-24T11:00,0.2,1004.4,5.9,18.0,0.324,0.321,0.143
mangalore_netravati,Mangalore,Karnataka,West Coast (Arabian Sea),12.8615,74.843,2.0,July 2023 Netravati Estuary Breach,2023-06-24T12:00,0.1,1004.7,3.3,14.8,0.313,0.309,0.138
mangalore_netravati,Mangalore,Karnataka,West Coast (Arabian Sea),12.8615,74.843,2.0,July 2023 Netravati Estuary Breach,2023-06-24T13:00,0.0,1004.7,1.0,8.3,0.309,0.307,0.139
mangalore_netravati,Mangalore,Karnataka,West Coast (Arabian Sea),12.8615,74.843,2.0,July 2023 Netravati Estuary Breach,2023-06-24T14:00,0.0,1005.0,3.2,4.3,0.306,0.305,0.14
mangalore_netravati,Mangalore,Karnataka,West Coast (Arabian Sea),12.8615,74.843,2.0,July 2023 Netravati Estuary Breach,2023-06-24T15:00,0.0,1005.5,3.3,5.0,0.303,0.303,0.141
mangalore_netravati,Mangalore,Karnataka,West Coast (Arabian Sea),12.8615,74.843,2.0,July 2023 Netravati Estuary Breach,2023-06-24T16:00,0.1,1005.8,4.8,15.1,0.302,0.301,0.141
mangalore_netravati,Mangalore,Karnataka,West Coast (Arabian Sea),12.8615,74.843,2.0,July 2023 Netravati Estuary Breach,2023-06-24T17:00,0.3,1006.3,2.6,8.6,0.301,0.299,0.142
mangalore_netravati,Mangalore,Karnataka,West Coast (Arabian Sea),12.8615,74.843,2.0,July 2023 Netravati Estuary Breach,2023-06-24T18:00,0.1,1005.8,7.3,12.2,0.3,0.298,0.143
mangalore_netravati,Mangalore,Karnataka,West Coast (Arabian Sea),12.8615,74.843,2.0,July 2023 Netravati Estuary Breach,2023-06-24T19:00,0.5,1005.3,3.4,19.1,0.303,0.296,0.143
mangalore_netravati,Mangalore,Karnataka,West Coast (Arabian Sea),12.8615,74.843,2.0,July 2023 Netravati Estuary Breach,2023-06-24T20:00,0.8,1005.3,7.0,14.8,0.309,0.296,0.144
mangalore_netravati,Mangalore,Karnataka,West Coast (Arabian Sea),12.8615,74.843,2.0,July 2023 Netravati Estuary Breach,2023-06-24T21:00,0.2,1004.4,4.3,16.6,0.307,0.295,0.145
mangalore_netravati,Mangalore,Karnataka,West Coast (Arabian Sea),12.8615,74.843,2.0,July 2023 Netravati Estuary Breach,2023-06-24T22:00,0.0,1004.4,1.1,13.0,0.303,0.294,0.145
mangalore_netravati,Mangalore,Karnataka,West Coast (Arabian Sea),12.8615,74.843,2.0,July 2023 Netravati Estuary Breach,2023-06-24T23:00,0.1,1004.2,4.7,9.0,0.302,0.294,0.146
mangalore_netravati,Mangalore,Karnataka,West Coast (Arabian Sea),12.8615,74.843,2.0,July 2023 Netravati Estuary Breach,2023-06-25T00:00,0.1,1004.0,8.4,11.2,0.301,0.293,0.146
mangalore_netravati,Mangalore,Karnataka,West Coast (Arabian Sea),12.8615,74.843,2.0,July 2023 Netravati Estuary Breach,2023-06-25T01:00,0.0,1004.1,7.9,15.5,0.298,0.292,0.147
mangalore_netravati,Mangalore,Karnataka,West Coast (Arabian Sea),12.8615,74.843,2.0,July 2023 Netravati Estuary Breach,2023-06-25T02:00,0.2,1004.7,5.2,18.0,0.297,0.291,0.147
mangalore_netravati,Mangalore,Karnataka,West Coast (Arabian Sea),12.8615,74.843,2.0,July 2023 Netravati Estuary Breach,2023-06-25T03:00,0.5,1005.4,7.0,16.9,0.3,0.29,0.148
mangalore_netravati,Mangalore,Karnataka,West Coast (Arabian Sea),12.8615,74.843,2.0,July 2023 Netravati Estuary Breach,2023-06-25T04:00,0.0,1005.5,4.5,17.3,0.296,0.289,0.148
mangalore_netravati,Mangalore,Karnataka,West Coast (Arabian Sea),12.8615,74.843,2.0,July 2023 Netravati Estuary Breach,2023-06-25T05:00,0.1,1005.8,6.1,23.4,0.293,0.288,0.149
mangalore_netravati,Mangalore,Karnataka,West Coast (Arabian Sea),12.8615,74.843,2.0,July 2023 Netravati Estuary Breach,2023-06-25T06:00,4.3,1005.8,10.5,32.4,0.336,0.289,0.149
mangalore_netravati,Mangalore,Karnataka,West Coast (Arabian Sea),12.8615,74.843,2.0,July 2023 Netravati Estuary Breach,2023-06-25T07:00,1.2,1005.4,7.2,31.7,0.329,0.294,0.149
mangalore_netravati,Mangalore,Karnataka,West Coast (Arabian Sea),12.8615,74.843,2.0,July 2023 Netravati Estuary Breach,2023-06-25T08:00,0.0,1005.0,7.6,28.4,0.317,0.294,0.15
mangalore_netravati,Mangalore,Karnataka,West Coast (Arabian Sea),12.8615,74.843,2.0,July 2023 Netravati Estuary Breach,2023-06-25T09:00,0.0,1003.8,6.6,27.0,0.309,0.294,0.15
mangalore_netravati,Mangalore,Karnataka,West Coast (Arabian Sea),12.8615,74.843,2.0,July 2023 Netravati Estuary Breach,2023-06-25T10:00,0.0,1003.7,9.2,28.1,0.303,0.292,0.151
mangalore_netravati,Mangalore,Karnataka,West Coast (Arabian Sea),12.8615,74.843,2.0,July 2023 Netravati Estuary Breach,2023-06-25T11:00,5.7,1003.9,12.2,36.7,0.355,0.297,0.151
mangalore_netravati,Mangalore,Karnataka,West Coast (Arabian Sea),12.8615,74.843,2.0,July 2023 Netravati Estuary Breach,2023-06-25T12:00,0.1,1004.1,6.9,24.8,0.311,0.297,0.152
mangalore_netravati,Mangalore,Karnataka,West Coast (Arabian Sea),12.8615,74.843,2.0,July 2023 Netravati Estuary Breach,2023-06-25T13:00,0.0,1005.1,5.4,13.0,0.306,0.297,0.153
mangalore_netravati,Mangalore,Karnataka,West Coast (Arabian Sea),12.8615,74.843,2.0,July 2023 Netravati Estuary Breach,2023-06-25T14:00,0.4,1005.3,2.3,15.1,0.306,0.296,0.153
mangalore_netravati,Mangalore,Karnataka,West Coast (Arabian Sea),12.8615,74.843,2.0,July 2023 Netravati Estuary Breach,2023-06-25T15:00,0.1,1005.8,4.0,6.5,0.303,0.295,0.154
mangalore_netravati,Mangalore,Karnataka,West Coast (Arabian Sea),12.8615,74.843,2.0,July 2023 Netravati Estuary Breach,2023-06-25T16:00,0.0,1006.5,6.5,11.5,0.3,0.294,0.155
mangalore_netravati,Mangalore,Karnataka,West Coast (Arabian Sea),12.8615,74.843,2.0,July 2023 Netravati Estuary Breach,2023-06-25T17:00,0.0,1007.0,10.7,17.6,0.297,0.293,0.155
mangalore_netravati,Mangalore,Karnataka,West Coast (Arabian Sea),12.8615,74.843,2.0,July 2023 Netravati Estuary Breach,2023-06-25T18:00,0.5,1007.0,7.4,20.5,0.302,0.292,0.156
mangalore_netravati,Mangalore,Karnataka,West Coast (Arabian Sea),12.8615,74.843,2.0,July 2023 Netravati Estuary Breach,2023-06-25T19:00,0.4,1006.7,9.8,16.6,0.304,0.292,0.156
mangalore_netravati,Mangalore,Karnataka,West Coast (Arabian Sea),12.8615,74.843,2.0,July 2023 Netravati Estuary Breach,2023-06-25T20:00,0.4,1006.0,7.8,20.5,0.304,0.291,0.157
mangalore_netravati,Mangalore,Karnataka,West Coast (Arabian Sea),12.8615,74.843,2.0,July 2023 Netravati Estuary Breach,2023-06-25T21:00,0.2,1005.6,0.8,14.0,0.303,0.291,0.157
mangalore_netravati,Mangalore,Karnataka,West Coast (Arabian Sea),12.8615,74.843,2.0,July 2023 Netravati Estuary Breach,2023-06-25T22:00,0.2,1005.3,4.8,9.0,0.302,0.291,0.158
mangalore_netravati,Mangalore,Karnataka,West Coast (Arabian Sea),12.8615,74.843,2.0,July 2023 Netravati Estuary Breach,2023-06-25T23:00,0.4,1005.3,9.1,19.4,0.304,0.29,0.158
mangalore_netravati,Mangalore,Karnataka,West Coast (Arabian Sea),12.8615,74.843,2.0,July 2023 Netravati Estuary Breach,2023-06-26T00:00,0.0,1005.8,7.2,20.5,0.298,0.29,0.158
mangalore_netravati,Mangalore,Karnataka,West Coast (Arabian Sea),12.8615,74.843,2.0,July 2023 Netravati Estuary Breach,2023-06-26T01:00,0.0,1006.2,8.5,15.8,0.295,0.289,0.158
mangalore_netravati,Mangalore,Karnataka,West Coast (Arabian Sea),12.8615,74.843,2.0,July 2023 Netravati Estuary Breach,2023-06-26T02:00,0.2,1007.0,7.9,20.2,0.295,0.288,0.159
mangalore_netravati,Mangalore,Karnataka,West Coast (Arabian Sea),12.8615,74.843,2.0,July 2023 Netravati Estuary Breach,2023-06-26T03:00,0.0,1007.1,9.2,23.4,0.293,0.287,0.159
mangalore_netravati,Mangalore,Karnataka,West Coast (Arabian Sea),12.8615,74.843,2.0,July 2023 Netravati Estuary Breach,2023-06-26T04:00,0.1,1007.4,6.4,26.3,0.291,0.286,0.16
mangalore_netravati,Mangalore,Karnataka,West Coast (Arabian Sea),12.8615,74.843,2.0,July 2023 Netravati Estuary Breach,2023-06-26T05:00,0.0,1007.4,5.8,24.5,0.288,0.285,0.16
mangalore_netravati,Mangalore,Karnataka,West Coast (Arabian Sea),12.8615,74.843,2.0,July 2023 Netravati Estuary Breach,2023-06-26T06:00,0.0,1007.2,7.4,24.8,0.284,0.284,0.16
mangalore_netravati,Mangalore,Karnataka,West Coast (Arabian Sea),12.8615,74.843,2.0,July 2023 Netravati Estuary Breach,2023-06-26T07:00,0.0,1006.7,9.6,31.0,0.281,0.282,0.16
mangalore_netravati,Mangalore,Karnataka,West Coast (Arabian Sea),12.8615,74.843,2.0,July 2023 Netravati Estuary Breach,2023-06-26T08:00,0.0,1006.1,9.3,30.2,0.277,0.28,0.161
mangalore_netravati,Mangalore,Karnataka,West Coast (Arabian Sea),12.8615,74.843,2.0,July 2023 Netravati Estuary Breach,2023-06-26T09:00,0.0,1005.3,10.4,29.5,0.275,0.278,0.161
mangalore_netravati,Mangalore,Karnataka,West Coast (Arabian Sea),12.8615,74.843,2.0,July 2023 Netravati Estuary Breach,2023-06-26T10:00,0.0,1004.9,13.0,31.0,0.272,0.277,0.161
mangalore_netravati,Mangalore,Karnataka,West Coast (Arabian Sea),12.8615,74.843,2.0,July 2023 Netravati Estuary Breach,2023-06-26T11:00,0.2,1004.5,13.3,32.0,0.271,0.275,0.161
mangalore_netravati,Mangalore,Karnataka,West Coast (Arabian Sea),12.8615,74.843,2.0,July 2023 Netravati Estuary Breach,2023-06-26T12:00,0.1,1005.2,12.9,30.6,0.279,0.277,0.162
mangalore_netravati,Mangalore,Karnataka,West Coast (Arabian Sea),12.8615,74.843,2.0,July 2023 Netravati Estuary Breach,2023-06-26T13:00,0.1,1005.7,10.1,25.6,0.278,0.276,0.162
mangalore_netravati,Mangalore,Karnataka,West Coast (Arabian Sea),12.8615,74.843,2.0,July 2023 Netravati Estuary Breach,2023-06-26T14:00,0.0,1005.8,7.1,18.0,0.277,0.276,0.162
mangalore_netravati,Mangalore,Karnataka,West Coast (Arabian Sea),12.8615,74.843,2.0,July 2023 Netravati Estuary Breach,2023-06-26T15:00,0.0,1006.3,4.1,14.8,0.276,0.275,0.163
mangalore_netravati,Mangalore,Karnataka,West Coast (Arabian Sea),12.8615,74.843,2.0,July 2023 Netravati Estuary Breach,2023-06-26T16:00,0.3,1006.9,1.8,8.6,0.277,0.274,0.163
mangalore_netravati,Mangalore,Karnataka,West Coast (Arabian Sea),12.8615,74.843,2.0,July 2023 Netravati Estuary Breach,2023-06-26T17:00,0.4,1006.9,2.1,6.8,0.279,0.274,0.163
mangalore_netravati,Mangalore,Karnataka,West Coast (Arabian Sea),12.8615,74.843,2.0,July 2023 Netravati Estuary Breach,2023-06-26T18:00,0.1,1006.9,3.3,6.1,0.278,0.273,0.163
mangalore_netravati,Mangalore,Karnataka,West Coast (Arabian Sea),12.8615,74.843,2.0,July 2023 Netravati Estuary Breach,2023-06-26T19:00,0.3,1006.4,3.9,10.4,0.279,0.273,0.164
mangalore_netravati,Mangalore,Karnataka,West Coast (Arabian Sea),12.8615,74.843,2.0,July 2023 Netravati Estuary Breach,2023-06-26T20:00,0.1,1005.8,5.4,10.1,0.279,0.273,0.164
mangalore_netravati,Mangalore,Karnataka,West Coast (Arabian Sea),12.8615,74.843,2.0,July 2023 Netravati Estuary Breach,2023-06-26T21:00,0.1,1005.3,5.9,11.9,0.278,0.272,0.164
mangalore_netravati,Mangalore,Karnataka,West Coast (Arabian Sea),12.8615,74.843,2.0,July 2023 Netravati Estuary Breach,2023-06-26T22:00,0.6,1004.8,3.6,13.3,0.284,0.272,0.164
mangalore_netravati,Mangalore,Karnataka,West Coast (Arabian Sea),12.8615,74.843,2.0,July 2023 Netravati Estuary Breach,2023-06-26T23:00,0.6,1005.2,1.5,6.5,0.29,0.272,0.165
mangalore_netravati,Mangalore,Karnataka,West Coast (Arabian Sea),12.8615,74.843,2.0,July 2023 Netravati Estuary Breach,2023-06-27T00:00,0.4,1004.8,6.6,6.5,0.282,0.272,0.165
mangalore_netravati,Mangalore,Karnataka,West Coast (Arabian Sea),12.8615,74.843,2.0,July 2023 Netravati Estuary Breach,2023-06-27T01:00,2.1,1005.6,6.7,11.9,0.307,0.272,0.165
mangalore_netravati,Mangalore,Karnataka,West Coast (Arabian Sea),12.8615,74.843,2.0,July 2023 Netravati Estuary Breach,2023-06-27T02:00,0.6,1006.1,6.1,14.4,0.307,0.274,0.165
mangalore_netravati,Mangalore,Karnataka,West Coast (Arabian Sea),12.8615,74.843,2.0,July 2023 Netravati Estuary Breach,2023-06-27T03:00,0.2,1006.6,9.4,19.4,0.302,0.275,0.166
mangalore_netravati,Mangalore,Karnataka,West Coast (Arabian Sea),12.8615,74.843,2.0,July 2023 Netravati Estuary Breach,2023-06-27T04:00,0.2,1007.2,8.8,21.2,0.299,0.276,0.166
mangalore_netravati,Mangalore,Karnataka,West Coast (Arabian Sea),12.8615,74.843,2.0,July 2023 Netravati Estuary Breach,2023-06-27T05:00,1.3,1007.3,11.3,24.5,0.308,0.276,0.166
mangalore_netravati,Mangalore,Karnataka,West Coast (Arabian Sea),12.8615,74.843,2.0,July 2023 Netravati Estuary Breach,2023-06-27T06:00,3.6,1007.2,11.6,25.9,0.335,0.281,0.166
mangalore_netravati,Mangalore,Karnataka,West Coast (Arabian Sea),12.8615,74.843,2.0,July 2023 Netravati Estuary Breach,2023-06-27T07:00,0.9,1007.2,12.8,28.8,0.327,0.286,0.167
mangalore_netravati,Mangalore,Karnataka,West Coast (Arabian Sea),12.8615,74.843,2.0,July 2023 Netravati Estuary Breach,2023-06-27T08:00,0.9,1006.4,10.8,33.1,0.322,0.288,0.167
mangalore_netravati,Mangalore,Karnataka,West Coast (Arabian Sea),12.8615,74.843,2.0,July 2023 Netravati Estuary Breach,2023-06-27T09:00,0.5,1005.9,10.7,27.7,0.316,0.29,0.168
mangalore_netravati,Mangalore,Karnataka,West Coast (Arabian Sea),12.8615,74.843,2.0,July 2023 Netravati Estuary Breach,2023-06-27T10:00,0.3,1005.5,17.1,33.8,0.311,0.29,0.168
mangalore_netravati,Mangalore,Karnataka,West Coast (Arabian Sea),12.8615,74.843,2.0,July 2023 Netravati Estuary Breach,2023-06-27T11:00,0.7,1005.4,16.0,35.6,0.31,0.29,0.169
mangalore_netravati,Mangalore,Karnataka,West Coast (Arabian Sea),12.8615,74.843,2.0,July 2023 Netravati Estuary Breach,2023-06-27T12:00,4.5,1005.6,10.4,32.8,0.348,0.313,0.127
mangalore_netravati,Mangalore,Karnataka,West Coast (Arabian Sea),12.8615,74.843,2.0,July 2023 Netravati Estuary Breach,2023-06-27T13:00,3.7,1005.9,5.4,23.4,0.364,0.32,0.129
mangalore_netravati,Mangalore,Karnataka,West Coast (Arabian Sea),12.8615,74.843,2.0,July 2023 Netravati Estuary Breach,2023-06-27T14:00,0.9,1006.7,4.0,13.7,0.348,0.325,0.13
mangalore_netravati,Mangalore,Karnataka,West Coast (Arabian Sea),12.8615,74.843,2.0,July 2023 Netravati Estuary Breach,2023-06-27T15:00,0.9,1007.4,1.5,11.2,0.343,0.325,0.132
mangalore_netravati,Mangalore,Karnataka,West Coast (Arabian Sea),12.8615,74.843,2.0,July 2023 Netravati Estuary Breach,2023-06-27T16:00,2.5,1008.2,3.7,10.8,0.354,0.327,0.133
mangalore_netravati,Mangalore,Karnataka,West Coast (Arabian Sea),12.8615,74.843,2.0,July 2023 Netravati Estuary Breach,2023-06-27T17:00,1.5,1008.5,0.4,9.7,0.351,0.329,0.135
mangalore_netravati,Mangalore,Karnataka,West Coast (Arabian Sea),12.8615,74.843,2.0,July 2023 Netravati Estuary Breach,2023-06-27T18:00,2.0,1008.6,3.0,9.4,0.356,0.331,0.137
mangalore_netravati,Mangalore,Karnataka,West Coast (Arabian Sea),12.8615,74.843,2.0,July 2023 Netravati Estuary Breach,2023-06-27T19:00,2.3,1008.0,2.6,9.4,0.359,0.333,0.139
mangalore_netravati,Mangalore,Karnataka,West Coast (Arabian Sea),12.8615,74.843,2.0,July 2023 Netravati Estuary Breach,2023-06-27T20:00,5.6,1007.4,0.4,7.9,0.382,0.344,0.141
mangalore_netravati,Mangalore,Karnataka,West Coast (Arabian Sea),12.8615,74.843,2.0,July 2023 Netravati Estuary Breach,2023-06-27T21:00,3.4,1006.6,5.1,10.4,0.367,0.353,0.145
mangalore_netravati,Mangalore,Karnataka,West Coast (Arabian Sea),12.8615,74.843,2.0,July 2023 Netravati Estuary Breach,2023-06-27T22:00,1.4,1006.5,4.5,9.7,0.359,0.35,0.149
mangalore_netravati,Mangalore,Karnataka,West Coast (Arabian Sea),12.8615,74.843,2.0,July 2023 Netravati Estuary Breach,2023-06-27T23:00,1.5,1006.4,3.3,14.4,0.356,0.346,0.152
mangalore_netravati,Mangalore,Karnataka,West Coast (Arabian Sea),12.8615,74.843,2.0,July 2023 Netravati Estuary Breach,2023-06-28T00:00,4.4,1007.1,5.4,10.8,0.386,0.362,0.169
mangalore_netravati,Mangalore,Karnataka,West Coast (Arabian Sea),12.8615,74.843,2.0,July 2023 Netravati Estuary Breach,2023-06-28T01:00,3.4,1007.2,6.6,13.3,0.374,0.364,0.174
mangalore_netravati,Mangalore,Karnataka,West Coast (Arabian Sea),12.8615,74.843,2.0,July 2023 Netravati Estuary Breach,2023-06-28T02:00,1.6,1008.3,6.9,18.0,0.364,0.358,0.178
mangalore_netravati,Mangalore,Karnataka,West Coast (Arabian Sea),12.8615,74.843,2.0,July 2023 Netravati Estuary Breach,2023-06-28T03:00,1.1,1008.6,4.9,17.3,0.358,0.352,0.182
mangalore_netravati,Mangalore,Karnataka,West Coast (Arabian Sea),12.8615,74.843,2.0,July 2023 Netravati Estuary Breach,2023-06-28T04:00,0.5,1008.5,5.6,15.5,0.347,0.347,0.185
mangalore_netravati,Mangalore,Karnataka,West Coast (Arabian Sea),12.8615,74.843,2.0,July 2023 Netravati Estuary Breach,2023-06-28T05:00,0.3,1009.0,7.7,22.7,0.339,0.342,0.188
mangalore_netravati,Mangalore,Karnataka,West Coast (Arabian Sea),12.8615,74.843,2.0,July 2023 Netravati Estuary Breach,2023-06-28T06:00,0.8,1009.0,11.8,29.2,0.338,0.337,0.19
mangalore_netravati,Mangalore,Karnataka,West Coast (Arabian Sea),12.8615,74.843,2.0,July 2023 Netravati Estuary Breach,2023-06-28T07:00,1.4,1008.2,8.0,30.2,0.342,0.335,0.192
mangalore_netravati,Mangalore,Karnataka,West Coast (Arabian Sea),12.8615,74.843,2.0,July 2023 Netravati Estuary Breach,2023-06-28T08:00,0.4,1007.3,7.3,25.6,0.334,0.332,0.193
mangalore_netravati,Mangalore,Karnataka,West Coast (Arabian Sea),12.8615,74.843,2.0,July 2023 Netravati Estuary Breach,2023-06-28T09:00,1.7,1006.8,10.2,32.4,0.34,0.33,0.195
mangalore_netravati,Mangalore,Karnataka,West Coast (Arabian Sea),12.8615,74.843,2.0,July 2023 Netravati Estuary Breach,2023-06-28T10:00,3.0,1006.4,11.2,34.6,0.356,0.332,0.196
mangalore_netravati,Mangalore,Karnataka,West Coast (Arabian Sea),12.8615,74.843,2.0,July 2023 Netravati Estuary Breach,2023-06-28T11:00,1.1,1006.3,15.1,31.3,0.35,0.332,0.198
mangalore_netravati,Mangalore,Karnataka,West Coast (Arabian Sea),12.8615,74.843,2.0,July 2023 Netravati Estuary Breach,2023-06-28T12:00,2.5,1006.4,9.9,33.5,0.347,0.344,0.223
mangalore_netravati,Mangalore,Karnataka,West Coast (Arabian Sea),12.8615,74.843,2.0,July 2023 Netravati Estuary Breach,2023-06-28T13:00,0.1,1006.6,7.6,19.4,0.338,0.34,0.225
mangalore_netravati,Mangalore,Karnataka,West Coast (Arabian Sea),12.8615,74.843,2.0,July 2023 Netravati Estuary Breach,2023-06-28T14:00,1.0,1007.6,7.5,20.9,0.341,0.337,0.227
mangalore_netravati,Mangalore,Karnataka,West Coast (Arabian Sea),12.8615,74.843,2.0,July 2023 Netravati Estuary Breach,2023-06-28T15:00,4.0,1008.4,6.4,19.1,0.379,0.338,0.228
mangalore_netravati,Mangalore,Karnataka,West Coast (Arabian Sea),12.8615,74.843,2.0,July 2023 Netravati Estuary Breach,2023-06-28T16:00,4.0,1008.8,1.5,14.0,0.363,0.354,0.231
mangalore_netravati,Mangalore,Karnataka,West Coast (Arabian Sea),12.8615,74.843,2.0,July 2023 Netravati Estuary Breach,2023-06-28T17:00,0.7,1008.9,3.2,13.0,0.354,0.351,0.234
mangalore_netravati,Mangalore,Karnataka,West Coast (Arabian Sea),12.8615,74.843,2.0,July 2023 Netravati Estuary Breach,2023-06-28T18:00,0.3,1009.0,3.2,6.1,0.346,0.347,0.236
mangalore_netravati,Mangalore,Karnataka,West Coast (Arabian Sea),12.8615,74.843,2.0,July 2023 Netravati Estuary Breach,2023-06-28T19:00,0.7,1008.8,1.8,7.6,0.344,0.343,0.238
mangalore_netravati,Mangalore,Karnataka,West Coast (Arabian Sea),12.8615,74.843,2.0,July 2023 Netravati Estuary Breach,2023-06-28T20:00,1.3,1008.4,6.4,11.9,0.349,0.341,0.24
mangalore_netravati,Mangalore,Karnataka,West Coast (Arabian Sea),12.8615,74.843,2.0,July 2023 Netravati Estuary Breach,2023-06-28T21:00,1.2,1007.5,3.4,16.9,0.35,0.34,0.242
mangalore_netravati,Mangalore,Karnataka,West Coast (Arabian Sea),12.8615,74.843,2.0,July 2023 Netravati Estuary Breach,2023-06-28T22:00,2.6,1007.4,5.1,16.6,0.366,0.341,0.243
mangalore_netravati,Mangalore,Karnataka,West Coast (Arabian Sea),12.8615,74.843,2.0,July 2023 Netravati Estuary Breach,2023-06-28T23:00,1.8,1007.3,2.1,11.9,0.362,0.345,0.245
mangalore_netravati,Mangalore,Karnataka,West Coast (Arabian Sea),12.8615,74.843,2.0,July 2023 Netravati Estuary Breach,2023-06-29T00:00,1.6,1007.3,4.0,7.6,0.355,0.338,0.241
mangalore_netravati,Mangalore,Karnataka,West Coast (Arabian Sea),12.8615,74.843,2.0,July 2023 Netravati Estuary Breach,2023-06-29T01:00,1.1,1007.5,6.8,17.6,0.35,0.339,0.243
mangalore_netravati,Mangalore,Karnataka,West Coast (Arabian Sea),12.8615,74.843,2.0,July 2023 Netravati Estuary Breach,2023-06-29T02:00,0.4,1008.6,6.2,12.6,0.342,0.338,0.244
mangalore_netravati,Mangalore,Karnataka,West Coast (Arabian Sea),12.8615,74.843,2.0,July 2023 Netravati Estuary Breach,2023-06-29T03:00,1.5,1009.2,6.1,17.6,0.347,0.338,0.246
mangalore_netravati,Mangalore,Karnataka,West Coast (Arabian Sea),12.8615,74.843,2.0,July 2023 Netravati Estuary Breach,2023-06-29T04:00,0.3,1009.6,2.6,14.4,0.338,0.337,0.247
mangalore_netravati,Mangalore,Karnataka,West Coast (Arabian Sea),12.8615,74.843,2.0,July 2023 Netravati Estuary Breach,2023-06-29T05:00,0.5,1009.5,8.3,25.2,0.335,0.334,0.249
mangalore_netravati,Mangalore,Karnataka,West Coast (Arabian Sea),12.8615,74.843,2.0,July 2023 Netravati Estuary Breach,2023-06-29T06:00,0.2,1009.3,8.0,26.6,0.329,0.332,0.25
mangalore_netravati,Mangalore,Karnataka,West Coast (Arabian Sea),12.8615,74.843,2.0,July 2023 Netravati Estuary Breach,2023-06-29T07:00,0.4,1008.6,10.5,29.5,0.325,0.33,0.251
mangalore_netravati,Mangalore,Karnataka,West Coast (Arabian Sea),12.8615,74.843,2.0,July 2023 Netravati Estuary Breach,2023-06-29T08:00,0.1,1008.1,10.4,30.6,0.32,0.327,0.252
mangalore_netravati,Mangalore,Karnataka,West Coast (Arabian Sea),12.8615,74.843,2.0,July 2023 Netravati Estuary Breach,2023-06-29T09:00,2.3,1007.6,12.2,34.6,0.336,0.326,0.253
mangalore_netravati,Mangalore,Karnataka,West Coast (Arabian Sea),12.8615,74.843,2.0,July 2023 Netravati Estuary Breach,2023-06-29T10:00,2.2,1007.3,13.7,30.2,0.351,0.327,0.254
mangalore_netravati,Mangalore,Karnataka,West Coast (Arabian Sea),12.8615,74.843,2.0,July 2023 Netravati Estuary Breach,2023-06-29T11:00,1.9,1007.0,12.9,31.0,0.352,0.331,0.255
mangalore_netravati,Mangalore,Karnataka,West Coast (Arabian Sea),12.8615,74.843,2.0,July 2023 Netravati Estuary Breach,2023-06-29T12:00,0.3,1007.3,12.7,29.9,0.338,0.34,0.262
mangalore_netravati,Mangalore,Karnataka,West Coast (Arabian Sea),12.8615,74.843,2.0,July 2023 Netravati Estuary Breach,2023-06-29T13:00,0.0,1007.6,6.9,23.4,0.331,0.338,0.263
mangalore_netravati,Mangalore,Karnataka,West Coast (Arabian Sea),12.8615,74.843,2.0,July 2023 Netravati Estuary Breach,2023-06-29T14:00,0.0,1007.7,5.3,12.2,0.325,0.335,0.265
mangalore_netravati,Mangalore,Karnataka,West Coast (Arabian Sea),12.8615,74.843,2.0,July 2023 Netravati Estuary Breach,2023-06-29T15:00,0.5,1008.6,3.8,16.9,0.324,0.333,0.266
mangalore_netravati,Mangalore,Karnataka,West Coast (Arabian Sea),12.8615,74.843,2.0,July 2023 Netravati Estuary Breach,2023-06-29T16:00,0.7,1009.3,3.1,13.7,0.328,0.331,0.267
mangalore_netravati,Mangalore,Karnataka,West Coast (Arabian Sea),12.8615,74.843,2.0,July 2023 Netravati Estuary Breach,2023-06-29T17:00,0.3,1009.6,1.5,5.4,0.326,0.329,0.268
mangalore_netravati,Mangalore,Karnataka,West Coast (Arabian Sea),12.8615,74.843,2.0,July 2023 Netravati Estuary Breach,2023-06-29T18:00,0.6,1009.7,3.4,8.3,0.328,0.328,0.268
mangalore_netravati,Mangalore,Karnataka,West Coast (Arabian Sea),12.8615,74.843,2.0,July 2023 Netravati Estuary Breach,2023-06-29T19:00,0.2,1009.1,6.3,20.9,0.325,0.327,0.269
mangalore_netravati,Mangalore,Karnataka,West Coast (Arabian Sea),12.8615,74.843,2.0,July 2023 Netravati Estuary Breach,2023-06-29T20:00,0.2,1008.7,8.1,15.5,0.322,0.325,0.27
mangalore_netravati,Mangalore,Karnataka,West Coast (Arabian Sea),12.8615,74.843,2.0,July 2023 Netravati Estuary Breach,2023-06-29T21:00,0.4,1008.0,5.5,20.2,0.322,0.324,0.271
mangalore_netravati,Mangalore,Karnataka,West Coast (Arabian Sea),12.8615,74.843,2.0,July 2023 Netravati Estuary Breach,2023-06-29T22:00,0.5,1008.0,7.0,14.8,0.324,0.323,0.271
mangalore_netravati,Mangalore,Karnataka,West Coast (Arabian Sea),12.8615,74.843,2.0,July 2023 Netravati Estuary Breach,2023-06-29T23:00,0.1,1007.8,7.2,13.7,0.321,0.322,0.272
mangalore_netravati,Mangalore,Karnataka,West Coast (Arabian Sea),12.8615,74.843,2.0,July 2023 Netravati Estuary Breach,2023-06-30T00:00,0.0,1007.7,7.1,14.0,0.319,0.321,0.273
mangalore_netravati,Mangalore,Karnataka,West Coast (Arabian Sea),12.8615,74.843,2.0,July 2023 Netravati Estuary Breach,2023-06-30T01:00,0.0,1008.0,7.0,15.5,0.315,0.32,0.274
mangalore_netravati,Mangalore,Karnataka,West Coast (Arabian Sea),12.8615,74.843,2.0,July 2023 Netravati Estuary Breach,2023-06-30T02:00,0.0,1008.7,6.8,14.4,0.312,0.319,0.274
mangalore_netravati,Mangalore,Karnataka,West Coast (Arabian Sea),12.8615,74.843,2.0,July 2023 Netravati Estuary Breach,2023-06-30T03:00,0.0,1009.0,8.2,18.0,0.308,0.318,0.275
mangalore_netravati,Mangalore,Karnataka,West Coast (Arabian Sea),12.8615,74.843,2.0,July 2023 Netravati Estuary Breach,2023-06-30T04:00,0.1,1009.4,8.7,20.2,0.306,0.316,0.275
mangalore_netravati,Mangalore,Karnataka,West Coast (Arabian Sea),12.8615,74.843,2.0,July 2023 Netravati Estuary Breach,2023-06-30T05:00,0.1,1009.6,10.2,28.4,0.303,0.315,0.275
mangalore_netravati,Mangalore,Karnataka,West Coast (Arabian Sea),12.8615,74.843,2.0,July 2023 Netravati Estuary Breach,2023-06-30T06:00,0.1,1009.3,12.0,33.1,0.299,0.313,0.275
mangalore_netravati,Mangalore,Karnataka,West Coast (Arabian Sea),12.8615,74.843,2.0,July 2023 Netravati Estuary Breach,2023-06-30T07:00,0.0,1008.4,15.4,36.0,0.294,0.311,0.276
mangalore_netravati,Mangalore,Karnataka,West Coast (Arabian Sea),12.8615,74.843,2.0,July 2023 Netravati Estuary Breach,2023-06-30T08:00,0.0,1008.1,16.0,39.6,0.291,0.309,0.276
mangalore_netravati,Mangalore,Karnataka,West Coast (Arabian Sea),12.8615,74.843,2.0,July 2023 Netravati Estuary Breach,2023-06-30T09:00,2.7,1007.4,16.9,40.3,0.317,0.308,0.276
mangalore_netravati,Mangalore,Karnataka,West Coast (Arabian Sea),12.8615,74.843,2.0,July 2023 Netravati Estuary Breach,2023-06-30T10:00,0.5,1006.8,15.7,38.9,0.315,0.308,0.276
mangalore_netravati,Mangalore,Karnataka,West Coast (Arabian Sea),12.8615,74.843,2.0,July 2023 Netravati Estuary Breach,2023-06-30T11:00,2.4,1006.2,14.9,38.2,0.331,0.31,0.276
mangalore_netravati,Mangalore,Karnataka,West Coast (Arabian Sea),12.8615,74.843,2.0,July 2023 Netravati Estuary Breach,2023-06-30T12:00,2.8,1006.0,10.6,35.6,0.312,0.305,0.276
mangalore_netravati,Mangalore,Karnataka,West Coast (Arabian Sea),12.8615,74.843,2.0,July 2023 Netravati Estuary Breach,2023-06-30T13:00,0.6,1006.6,7.0,23.0,0.314,0.305,0.276
mangalore_netravati,Mangalore,Karnataka,West Coast (Arabian Sea),12.8615,74.843,2.0,July 2023 Netravati Estuary Breach,2023-06-30T14:00,0.4,1007.1,4.8,13.0,0.313,0.306,0.276
mangalore_netravati,Mangalore,Karnataka,West Coast (Arabian Sea),12.8615,74.843,2.0,July 2023 Netravati Estuary Breach,2023-06-30T15:00,0.0,1007.6,3.8,7.9,0.309,0.306,0.276
mangalore_netravati,Mangalore,Karnataka,West Coast (Arabian Sea),12.8615,74.843,2.0,July 2023 Netravati Estuary Breach,2023-06-30T16:00,0.0,1008.0,7.2,12.6,0.306,0.306,0.277
mangalore_netravati,Mangalore,Karnataka,West Coast (Arabian Sea),12.8615,74.843,2.0,July 2023 Netravati Estuary Breach,2023-06-30T17:00,1.3,1008.9,2.1,20.2,0.321,0.306,0.277
mangalore_netravati,Mangalore,Karnataka,West Coast (Arabian Sea),12.8615,74.843,2.0,July 2023 Netravati Estuary Breach,2023-06-30T18:00,0.7,1009.2,2.8,14.0,0.322,0.307,0.277
mangalore_netravati,Mangalore,Karnataka,West Coast (Arabian Sea),12.8615,74.843,2.0,July 2023 Netravati Estuary Breach,2023-06-30T19:00,0.1,1008.5,5.9,10.8,0.317,0.308,0.277
mangalore_netravati,Mangalore,Karnataka,West Coast (Arabian Sea),12.8615,74.843,2.0,July 2023 Netravati Estuary Breach,2023-06-30T20:00,0.1,1008.3,8.6,15.1,0.314,0.308,0.278
mangalore_netravati,Mangalore,Karnataka,West Coast (Arabian Sea),12.8615,74.843,2.0,July 2023 Netravati Estuary Breach,2023-06-30T21:00,0.3,1007.6,7.4,16.2,0.313,0.308,0.278
mangalore_netravati,Mangalore,Karnataka,West Coast (Arabian Sea),12.8615,74.843,2.0,July 2023 Netravati Estuary Breach,2023-06-30T22:00,0.1,1007.1,6.1,13.3,0.31,0.308,0.278
mangalore_netravati,Mangalore,Karnataka,West Coast (Arabian Sea),12.8615,74.843,2.0,July 2023 Netravati Estuary Breach,2023-06-30T23:00,0.1,1007.1,6.3,10.8,0.308,0.308,0.278
mangalore_netravati,Mangalore,Karnataka,West Coast (Arabian Sea),12.8615,74.843,2.0,July 2023 Netravati Estuary Breach,2023-07-01T00:00,0.3,1007.1,4.0,16.9,0.326,0.317,0.28
mangalore_netravati,Mangalore,Karnataka,West Coast (Arabian Sea),12.8615,74.843,2.0,July 2023 Netravati Estuary Breach,2023-07-01T01:00,1.0,1007.7,7.3,20.5,0.331,0.318,0.28
mangalore_netravati,Mangalore,Karnataka,West Coast (Arabian Sea),12.8615,74.843,2.0,July 2023 Netravati Estuary Breach,2023-07-01T02:00,0.8,1008.0,5.8,20.2,0.332,0.319,0.28
mangalore_netravati,Mangalore,Karnataka,West Coast (Arabian Sea),12.8615,74.843,2.0,July 2023 Netravati Estuary Breach,2023-07-01T03:00,0.5,1008.5,7.3,22.0,0.33,0.32,0.281
mangalore_netravati,Mangalore,Karnataka,West Coast (Arabian Sea),12.8615,74.843,2.0,July 2023 Netravati Estuary Breach,2023-07-01T04:00,0.1,1009.1,5.4,22.7,0.324,0.32,0.281
mangalore_netravati,Mangalore,Karnataka,West Coast (Arabian Sea),12.8615,74.843,2.0,July 2023 Netravati Estuary Breach,2023-07-01T05:00,0.0,1009.4,3.0,13.7,0.319,0.32,0.282
mangalore_netravati,Mangalore,Karnataka,West Coast (Arabian Sea),12.8615,74.843,2.0,July 2023 Netravati Estuary Breach,2023-07-01T06:00,0.1,1009.1,5.4,14.8,0.314,0.319,0.282
mangalore_netravati,Mangalore,Karnataka,West Coast (Arabian Sea),12.8615,74.843,2.0,July 2023 Netravati Estuary Breach,2023-07-01T07:00,0.0,1008.8,8.6,26.6,0.31,0.317,0.282
mangalore_netravati,Mangalore,Karnataka,West Coast (Arabian Sea),12.8615,74.843,2.0,July 2023 Netravati Estuary Breach,2023-07-01T08:00,0.0,1008.1,8.4,28.4,0.305,0.316,0.283
mangalore_netravati,Mangalore,Karnataka,West Coast (Arabian Sea),12.8615,74.843,2.0,July 2023 Netravati Estuary Breach,2023-07-01T09:00,0.0,1007.5,11.2,31.3,0.301,0.314,0.283
mangalore_netravati,Mangalore,Karnataka,West Coast (Arabian Sea),12.8615,74.843,2.0,July 2023 Netravati Estuary Breach,2023-07-01T10:00,0.1,1006.8,11.7,34.6,0.298,0.312,0.283
mangalore_netravati,Mangalore,Karnataka,West Coast (Arabian Sea),12.8615,74.843,2.0,July 2023 Netravati Estuary Breach,2023-07-01T11:00,0.1,1006.5,12.9,33.1,0.296,0.311,0.283
mangalore_netravati,Mangalore,Karnataka,West Coast (Arabian Sea),12.8615,74.843,2.0,July 2023 Netravati Estuary Breach,2023-07-01T12:00,0.5,1006.2,10.0,39.2,0.276,0.301,0.28
mangalore_netravati,Mangalore,Karnataka,West Coast (Arabian Sea),12.8615,74.843,2.0,July 2023 Netravati Estuary Breach,2023-07-01T13:00,0.0,1006.7,10.8,23.4,0.276,0.299,0.28
mangalore_netravati,Mangalore,Karnataka,West Coast (Arabian Sea),12.8615,74.843,2.0,July 2023 Netravati Estuary Breach,2023-07-01T14:00,1.2,1008.0,13.5,28.4,0.288,0.298,0.28
mangalore_netravati,Mangalore,Karnataka,West Coast (Arabian Sea),12.8615,74.843,2.0,July 2023 Netravati Estuary Breach,2023-07-01T15:00,0.4,1008.7,3.1,23.8,0.291,0.298,0.28
mangalore_netravati,Mangalore,Karnataka,West Coast (Arabian Sea),12.8615,74.843,2.0,July 2023 Netravati Estuary Breach,2023-07-01T16:00,0.1,1009.0,3.3,8.3,0.29,0.298,0.28
mangalore_netravati,Mangalore,Karnataka,West Coast (Arabian Sea),12.8615,74.843,2.0,July 2023 Netravati Estuary Breach,2023-07-01T17:00,0.0,1009.4,3.8,6.5,0.289,0.297,0.28
mangalore_netravati,Mangalore,Karnataka,West Coast (Arabian Sea),12.8615,74.843,2.0,July 2023 Netravati Estuary Breach,2023-07-01T18:00,0.5,1009.9,1.5,13.0,0.294,0.297,0.28
mangalore_netravati,Mangalore,Karnataka,West Coast (Arabian Sea),12.8615,74.843,2.0,July 2023 Netravati Estuary Breach,2023-07-01T19:00,0.2,1008.9,4.3,10.8,0.295,0.297,0.28
mangalore_netravati,Mangalore,Karnataka,West Coast (Arabian Sea),12.8615,74.843,2.0,July 2023 Netravati Estuary Breach,2023-07-01T20:00,0.4,1008.5,0.8,13.0,0.298,0.296,0.28
mangalore_netravati,Mangalore,Karnataka,West Coast (Arabian Sea),12.8615,74.843,2.0,July 2023 Netravati Estuary Breach,2023-07-01T21:00,0.2,1007.9,2.6,5.0,0.298,0.296,0.28
mangalore_netravati,Mangalore,Karnataka,West Coast (Arabian Sea),12.8615,74.843,2.0,July 2023 Netravati Estuary Breach,2023-07-01T22:00,0.0,1007.3,4.0,7.2,0.296,0.296,0.28
mangalore_netravati,Mangalore,Karnataka,West Coast (Arabian Sea),12.8615,74.843,2.0,July 2023 Netravati Estuary Breach,2023-07-01T23:00,0.0,1006.9,4.5,8.6,0.294,0.296,0.28
mangalore_netravati,Mangalore,Karnataka,West Coast (Arabian Sea),12.8615,74.843,2.0,July 2023 Netravati Estuary Breach,2023-07-02T00:00,0.0,1006.3,1.1,12.2,0.292,0.296,0.281
mangalore_netravati,Mangalore,Karnataka,West Coast (Arabian Sea),12.8615,74.843,2.0,July 2023 Netravati Estuary Breach,2023-07-02T01:00,0.1,1006.7,1.8,4.0,0.292,0.296,0.281
mangalore_netravati,Mangalore,Karnataka,West Coast (Arabian Sea),12.8615,74.843,2.0,July 2023 Netravati Estuary Breach,2023-07-02T02:00,0.7,1007.8,4.5,17.3,0.299,0.296,0.281
mangalore_netravati,Mangalore,Karnataka,West Coast (Arabian Sea),12.8615,74.843,2.0,July 2023 Netravati Estuary Breach,2023-07-02T03:00,0.4,1008.2,6.3,12.6,0.3,0.296,0.281
mangalore_netravati,Mangalore,Karnataka,West Coast (Arabian Sea),12.8615,74.843,2.0,July 2023 Netravati Estuary Breach,2023-07-02T04:00,0.3,1008.3,6.8,29.9,0.3,0.296,0.281
mangalore_netravati,Mangalore,Karnataka,West Coast (Arabian Sea),12.8615,74.843,2.0,July 2023 Netravati Estuary Breach,2023-07-02T05:00,0.0,1008.1,7.9,19.4,0.296,0.295,0.281
mangalore_netravati,Mangalore,Karnataka,West Coast (Arabian Sea),12.8615,74.843,2.0,July 2023 Netravati Estuary Breach,2023-07-02T06:00,0.2,1007.6,12.8,27.4,0.293,0.295,0.281
mangalore_netravati,Mangalore,Karnataka,West Coast (Arabian Sea),12.8615,74.843,2.0,July 2023 Netravati Estuary Breach,2023-07-02T07:00,2.7,1007.8,16.7,40.0,0.319,0.294,0.281
mangalore_netravati,Mangalore,Karnataka,West Coast (Arabian Sea),12.8615,74.843,2.0,July 2023 Netravati Estuary Breach,2023-07-02T08:00,0.1,1006.3,12.2,40.3,0.312,0.296,0.281
mangalore_netravati,Mangalore,Karnataka,West Coast (Arabian Sea),12.8615,74.843,2.0,July 2023 Netravati Estuary Breach,2023-07-02T09:00,0.0,1005.8,10.6,26.6,0.305,0.296,0.28
mangalore_netravati,Mangalore,Karnataka,West Coast (Arabian Sea),12.8615,74.843,2.0,July 2023 Netravati Estuary Breach,2023-07-02T10:00,0.9,1005.6,18.4,43.9,0.307,0.296,0.28
mangalore_netravati,Mangalore,Karnataka,West Coast (Arabian Sea),12.8615,74.843,2.0,July 2023 Netravati Estuary Breach,2023-07-02T11:00,0.2,1005.6,13.7,36.4,0.304,0.296,0.28
mangalore_netravati,Mangalore,Karnataka,West Coast (Arabian Sea),12.8615,74.843,2.0,July 2023 Netravati Estuary Breach,2023-07-02T12:00,2.3,1005.7,16.8,33.1,0.332,0.312,0.288
mangalore_netravati,Mangalore,Karnataka,West Coast (Arabian Sea),12.8615,74.843,2.0,July 2023 Netravati Estuary Breach,2023-07-02T13:00,0.9,1006.5,9.7,34.9,0.33,0.314,0.288
mangalore_netravati,Mangalore,Karnataka,West Coast (Arabian Sea),12.8615,74.843,2.0,July 2023 Netravati Estuary Breach,2023-07-02T14:00,0.4,1006.8,8.1,17.6,0.327,0.316,0.288
mangalore_netravati,Mangalore,Karnataka,West Coast (Arabian Sea),12.8615,74.843,2.0,July 2023 Netravati Estuary Breach,2023-07-02T15:00,6.1,1007.8,11.9,28.8,0.375,0.326,0.289
mangalore_netravati,Mangalore,Karnataka,West Coast (Arabian Sea),12.8615,74.843,2.0,July 2023 Netravati Estuary Breach,2023-07-02T16:00,1.0,1008.2,6.8,24.8,0.349,0.336,0.289
mangalore_netravati,Mangalore,Karnataka,West Coast (Arabian Sea),12.8615,74.843,2.0,July 2023 Netravati Estuary Breach,2023-07-02T17:00,4.8,1009.3,10.4,24.5,0.378,0.344,0.29
mangalore_netravati,Mangalore,Karnataka,West Coast (Arabian Sea),12.8615,74.843,2.0,July 2023 Netravati Estuary Breach,2023-07-02T18:00,1.5,1009.1,9.9,24.5,0.357,0.352,0.292
mangalore_netravati,Mangalore,Karnataka,West Coast (Arabian Sea),12.8615,74.843,2.0,July 2023 Netravati Estuary Breach,2023-07-02T19:00,2.1,1008.5,8.4,25.2,0.367,0.351,0.294
mangalore_netravati,Mangalore,Karnataka,West Coast (Arabian Sea),12.8615,74.843,2.0,July 2023 Netravati Estuary Breach,2023-07-02T20:00,2.5,1007.6,9.4,22.7,0.361,0.357,0.296
mangalore_netravati,Mangalore,Karnataka,West Coast (Arabian Sea),12.8615,74.843,2.0,July 2023 Netravati Estuary Breach,2023-07-02T21:00,0.2,1006.5,6.5,16.9,0.347,0.354,0.298
mangalore_netravati,Mangalore,Karnataka,West Coast (Arabian Sea),12.8615,74.843,2.0,July 2023 Netravati Estuary Breach,2023-07-02T22:00,1.4,1006.5,6.9,12.6,0.354,0.351,0.299
mangalore_netravati,Mangalore,Karnataka,West Coast (Arabian Sea),12.8615,74.843,2.0,July 2023 Netravati Estuary Breach,2023-07-02T23:00,2.7,1006.0,12.4,31.0,0.364,0.354,0.301
mangalore_netravati,Mangalore,Karnataka,West Coast (Arabian Sea),12.8615,74.843,2.0,July 2023 Netravati Estuary Breach,2023-07-03T00:00,1.4,1006.4,12.5,22.3,0.35,0.34,0.297
mangalore_netravati,Mangalore,Karnataka,West Coast (Arabian Sea),12.8615,74.843,2.0,July 2023 Netravati Estuary Breach,2023-07-03T01:00,0.8,1006.0,13.0,30.6,0.346,0.341,0.298
mangalore_netravati,Mangalore,Karnataka,West Coast (Arabian Sea),12.8615,74.843,2.0,July 2023 Netravati Estuary Breach,2023-07-03T02:00,2.7,1006.7,11.8,31.7,0.366,0.342,0.298
mangalore_netravati,Mangalore,Karnataka,West Coast (Arabian Sea),12.8615,74.843,2.0,July 2023 Netravati Estuary Breach,2023-07-03T03:00,3.9,1007.4,8.2,27.0,0.375,0.351,0.3
mangalore_netravati,Mangalore,Karnataka,West Coast (Arabian Sea),12.8615,74.843,2.0,July 2023 Netravati Estuary Breach,2023-07-03T04:00,3.3,1007.7,14.9,35.3,0.366,0.36,0.302
mangalore_netravati,Mangalore,Karnataka,West Coast (Arabian Sea),12.8615,74.843,2.0,July 2023 Netravati Estuary Breach,2023-07-03T05:00,0.6,1007.4,12.5,36.4,0.352,0.358,0.304
mangalore_netravati,Mangalore,Karnataka,West Coast (Arabian Sea),12.8615,74.843,2.0,July 2023 Netravati Estuary Breach,2023-07-03T06:00,0.8,1007.6,16.6,41.8,0.346,0.354,0.306
mangalore_netravati,Mangalore,Karnataka,West Coast (Arabian Sea),12.8615,74.843,2.0,July 2023 Netravati Estuary Breach,2023-07-03T07:00,0.4,1006.7,15.8,43.2,0.338,0.351,0.307
mangalore_netravati,Mangalore,Karnataka,West Coast (Arabian Sea),12.8615,74.843,2.0,July 2023 Netravati Estuary Breach,2023-07-03T08:00,0.2,1005.5,15.7,40.3,0.331,0.347,0.308
mangalore_netravati,Mangalore,Karnataka,West Coast (Arabian Sea),12.8615,74.843,2.0,July 2023 Netravati Estuary Breach,2023-07-03T09:00,0.3,1005.4,18.2,41.8,0.326,0.344,0.309
mangalore_netravati,Mangalore,Karnataka,West Coast (Arabian Sea),12.8615,74.843,2.0,July 2023 Netravati Estuary Breach,2023-07-03T10:00,2.0,1004.5,12.3,43.9,0.339,0.342,0.31
mangalore_netravati,Mangalore,Karnataka,West Coast (Arabian Sea),12.8615,74.843,2.0,July 2023 Netravati Estuary Breach,2023-07-03T11:00,2.3,1004.6,20.9,45.4,0.355,0.342,0.31
mangalore_netravati,Mangalore,Karnataka,West Coast (Arabian Sea),12.8615,74.843,2.0,July 2023 Netravati Estuary Breach,2023-07-03T12:00,2.9,1004.8,14.5,36.0,0.351,0.36,0.324
mangalore_netravati,Mangalore,Karnataka,West Coast (Arabian Sea),12.8615,74.843,2.0,July 2023 Netravati Estuary Breach,2023-07-03T13:00,2.4,1005.0,14.9,30.2,0.361,0.359,0.326
mangalore_netravati,Mangalore,Karnataka,West Coast (Arabian Sea),12.8615,74.843,2.0,July 2023 Netravati Estuary Breach,2023-07-03T14:00,4.5,1005.6,9.7,27.7,0.38,0.365,0.327
mangalore_netravati,Mangalore,Karnataka,West Coast (Arabian Sea),12.8615,74.843,2.0,July 2023 Netravati Estuary Breach,2023-07-03T15:00,1.9,1006.3,8.1,20.9,0.37,0.367,0.329
mangalore_netravati,Mangalore,Karnataka,West Coast (Arabian Sea),12.8615,74.843,2.0,July 2023 Netravati Estuary Breach,2023-07-03T16:00,1.5,1007.3,10.5,21.2,0.367,0.365,0.331
mangalore_netravati,Mangalore,Karnataka,West Coast (Arabian Sea),12.8615,74.843,2.0,July 2023 Netravati Estuary Breach,2023-07-03T17:00,2.9,1007.2,13.9,29.2,0.371,0.367,0.333
mangalore_netravati,Mangalore,Karnataka,West Coast (Arabian Sea),12.8615,74.843,2.0,July 2023 Netravati Estuary Breach,2023-07-03T18:00,2.1,1006.8,10.5,30.6,0.368,0.367,0.335
mangalore_netravati,Mangalore,Karnataka,West Coast (Arabian Sea),12.8615,74.843,2.0,July 2023 Netravati Estuary Breach,2023-07-03T19:00,5.0,1006.3,15.8,31.3,0.379,0.375,0.337
mangalore_netravati,Mangalore,Karnataka,West Coast (Arabian Sea),12.8615,74.843,2.0,July 2023 Netravati Estuary Breach,2023-07-03T20:00,4.1,1005.7,20.2,38.9,0.384,0.378,0.34
mangalore_netravati,Mangalore,Karnataka,West Coast (Arabian Sea),12.8615,74.843,2.0,July 2023 Netravati Estuary Breach,2023-07-03T21:00,4.3,1004.6,17.7,38.2,0.383,0.381,0.344
mangalore_netravati,Mangalore,Karnataka,West Coast (Arabian Sea),12.8615,74.843,2.0,July 2023 Netravati Estuary Breach,2023-07-03T22:00,3.1,1003.9,13.9,35.6,0.379,0.379,0.347
mangalore_netravati,Mangalore,Karnataka,West Coast (Arabian Sea),12.8615,74.843,2.0,July 2023 Netravati Estuary Breach,2023-07-03T23:00,3.7,1004.3,12.4,27.7,0.386,0.378,0.35
mangalore_netravati,Mangalore,Karnataka,West Coast (Arabian Sea),12.8615,74.843,2.0,July 2023 Netravati Estuary Breach,2023-07-04T00:00,5.7,1003.5,7.7,35.6,0.397,0.394,0.359
mangalore_netravati,Mangalore,Karnataka,West Coast (Arabian Sea),12.8615,74.843,2.0,July 2023 Netravati Estuary Breach,2023-07-04T01:00,4.7,1003.2,7.7,20.5,0.387,0.388,0.365
mangalore_netravati,Mangalore,Karnataka,West Coast (Arabian Sea),12.8615,74.843,2.0,July 2023 Netravati Estuary Breach,2023-07-04T02:00,5.7,1003.6,15.9,29.5,0.395,0.389,0.368
mangalore_netravati,Mangalore,Karnataka,West Coast (Arabian Sea),12.8615,74.843,2.0,July 2023 Netravati Estuary Breach,2023-07-04T03:00,9.9,1004.1,24.6,45.4,0.397,0.397,0.375
mangalore_netravati,Mangalore,Karnataka,West Coast (Arabian Sea),12.8615,74.843,2.0,July 2023 Netravati Estuary Breach,2023-07-04T04:00,7.1,1004.7,22.7,47.2,0.395,0.394,0.38
mangalore_netravati,Mangalore,Karnataka,West Coast (Arabian Sea),12.8615,74.843,2.0,July 2023 Netravati Estuary Breach,2023-07-04T05:00,5.4,1004.8,25.7,48.6,0.386,0.391,0.382
mangalore_netravati,Mangalore,Karnataka,West Coast (Arabian Sea),12.8615,74.843,2.0,July 2023 Netravati Estuary Breach,2023-07-04T06:00,7.6,1004.7,25.2,54.7,0.385,0.393,0.385
mangalore_netravati,Mangalore,Karnataka,West Coast (Arabian Sea),12.8615,74.843,2.0,July 2023 Netravati Estuary Breach,2023-07-04T07:00,5.2,1004.6,23.9,51.8,0.39,0.39,0.384
mangalore_netravati,Mangalore,Karnataka,West Coast (Arabian Sea),12.8615,74.843,2.0,July 2023 Netravati Estuary Breach,2023-07-04T08:00,7.6,1004.0,25.7,52.2,0.395,0.395,0.385
mangalore_netravati,Mangalore,Karnataka,West Coast (Arabian Sea),12.8615,74.843,2.0,July 2023 Netravati Estuary Breach,2023-07-04T09:00,4.2,1003.8,21.7,51.1,0.382,0.39,0.385
mangalore_netravati,Mangalore,Karnataka,West Coast (Arabian Sea),12.8615,74.843,2.0,July 2023 Netravati Estuary Breach,2023-07-04T10:00,3.3,1003.2,23.4,48.2,0.379,0.385,0.384
mangalore_netravati,Mangalore,Karnataka,West Coast (Arabian Sea),12.8615,74.843,2.0,July 2023 Netravati Estuary Breach,2023-07-04T11:00,2.5,1002.6,20.9,50.0,0.372,0.382,0.382
mangalore_netravati,Mangalore,Karnataka,West Coast (Arabian Sea),12.8615,74.843,2.0,July 2023 Netravati Estuary Breach,2023-07-04T12:00,3.2,1002.4,19.8,39.2,0.394,0.396,0.392
mangalore_netravati,Mangalore,Karnataka,West Coast (Arabian Sea),12.8615,74.843,2.0,July 2023 Netravati Estuary Breach,2023-07-04T13:00,3.2,1002.9,11.8,44.6,0.378,0.389,0.389
mangalore_netravati,Mangalore,Karnataka,West Coast (Arabian Sea),12.8615,74.843,2.0,July 2023 Netravati Estuary Breach,2023-07-04T14:00,6.5,1003.8,15.1,34.6,0.394,0.392,0.387
mangalore_netravati,Mangalore,Karnataka,West Coast (Arabian Sea),12.8615,74.843,2.0,July 2023 Netravati Estuary Breach,2023-07-04T15:00,7.9,1004.3,12.8,33.5,0.397,0.397,0.387
mangalore_netravati,Mangalore,Karnataka,West Coast (Arabian Sea),12.8615,74.843,2.0,July 2023 Netravati Estuary Breach,2023-07-04T16:00,4.2,1004.6,23.1,38.2,0.382,0.391,0.388
mangalore_netravati,Mangalore,Karnataka,West Coast (Arabian Sea),12.8615,74.843,2.0,July 2023 Netravati Estuary Breach,2023-07-04T17:00,4.8,1004.9,11.4,48.6,0.389,0.388,0.386
mangalore_netravati,Mangalore,Karnataka,West Coast (Arabian Sea),12.8615,74.843,2.0,July 2023 Netravati Estuary Breach,2023-07-04T18:00,5.2,1004.9,9.1,31.0,0.387,0.39,0.385
mangalore_netravati,Mangalore,Karnataka,West Coast (Arabian Sea),12.8615,74.843,2.0,July 2023 Netravati Estuary Breach,2023-07-04T19:00,4.9,1004.4,12.7,28.1,0.39,0.39,0.385
mangalore_netravati,Mangalore,Karnataka,West Coast (Arabian Sea),12.8615,74.843,2.0,July 2023 Netravati Estuary Breach,2023-07-04T20:00,4.6,1003.5,18.8,40.7,0.385,0.389,0.385
mangalore_netravati,Mangalore,Karnataka,West Coast (Arabian Sea),12.8615,74.843,2.0,July 2023 Netravati Estuary Breach,2023-07-04T21:00,3.2,1003.0,16.5,38.5,0.38,0.386,0.384
mangalore_netravati,Mangalore,Karnataka,West Coast (Arabian Sea),12.8615,74.843,2.0,July 2023 Netravati Estuary Breach,2023-07-04T22:00,2.8,1002.6,20.0,34.6,0.375,0.383,0.382
mangalore_netravati,Mangalore,Karnataka,West Coast (Arabian Sea),12.8615,74.843,2.0,July 2023 Netravati Estuary Breach,2023-07-04T23:00,3.4,1002.5,19.3,42.8,0.378,0.382,0.381
mangalore_netravati,Mangalore,Karnataka,West Coast (Arabian Sea),12.8615,74.843,2.0,July 2023 Netravati Estuary Breach,2023-07-05T00:00,2.0,1002.2,17.7,42.5,0.391,0.387,0.381
mangalore_netravati,Mangalore,Karnataka,West Coast (Arabian Sea),12.8615,74.843,2.0,July 2023 Netravati Estuary Breach,2023-07-05T01:00,2.0,1002.7,18.9,40.3,0.373,0.383,0.381
mangalore_netravati,Mangalore,Karnataka,West Coast (Arabian Sea),12.8615,74.843,2.0,July 2023 Netravati Estuary Breach,2023-07-05T02:00,1.0,1003.0,10.7,37.8,0.36,0.378,0.38
mangalore_netravati,Mangalore,Karnataka,West Coast (Arabian Sea),12.8615,74.843,2.0,July 2023 Netravati Estuary Breach,2023-07-05T03:00,4.4,1003.9,14.9,37.1,0.384,0.377,0.378
mangalore_netravati,Mangalore,Karnataka,West Coast (Arabian Sea),12.8615,74.843,2.0,July 2023 Netravati Estuary Breach,2023-07-05T04:00,3.6,1004.6,18.8,42.1,0.382,0.38,0.377
mangalore_netravati,Mangalore,Karnataka,West Coast (Arabian Sea),12.8615,74.843,2.0,July 2023 Netravati Estuary Breach,2023-07-05T05:00,3.0,1004.5,15.9,41.8,0.378,0.38,0.377
mangalore_netravati,Mangalore,Karnataka,West Coast (Arabian Sea),12.8615,74.843,2.0,July 2023 Netravati Estuary Breach,2023-07-05T06:00,3.7,1004.6,11.3,38.5,0.383,0.381,0.376
mangalore_netravati,Mangalore,Karnataka,West Coast (Arabian Sea),12.8615,74.843,2.0,July 2023 Netravati Estuary Breach,2023-07-05T07:00,5.1,1004.1,12.1,40.3,0.387,0.386,0.377
mangalore_netravati,Mangalore,Karnataka,West Coast (Arabian Sea),12.8615,74.843,2.0,July 2023 Netravati Estuary Breach,2023-07-05T08:00,6.1,1004.0,15.2,36.4,0.393,0.39,0.378
mangalore_netravati,Mangalore,Karnataka,West Coast (Arabian Sea),12.8615,74.843,2.0,July 2023 Netravati Estuary Breach,2023-07-05T09:00,2.7,1003.2,15.0,36.4,0.375,0.386,0.38
mangalore_netravati,Mangalore,Karnataka,West Coast (Arabian Sea),12.8615,74.843,2.0,July 2023 Netravati Estuary Breach,2023-07-05T10:00,3.4,1003.0,16.5,34.6,0.382,0.382,0.379
mangalore_netravati,Mangalore,Karnataka,West Coast (Arabian Sea),12.8615,74.843,2.0,July 2023 Netravati Estuary Breach,2023-07-05T11:00,4.4,1002.2,11.9,34.9,0.39,0.383,0.379
mangalore_netravati,Mangalore,Karnataka,West Coast (Arabian Sea),12.8615,74.843,2.0,July 2023 Netravati Estuary Breach,2023-07-05T12:00,2.4,1002.0,11.3,32.0,0.361,0.362,0.373
mangalore_netravati,Mangalore,Karnataka,West Coast (Arabian Sea),12.8615,74.843,2.0,July 2023 Netravati Estuary Breach,2023-07-05T13:00,2.2,1002.4,12.6,26.6,0.369,0.36,0.372
mangalore_netravati,Mangalore,Karnataka,West Coast (Arabian Sea),12.8615,74.843,2.0,July 2023 Netravati Estuary Breach,2023-07-05T14:00,4.9,1002.9,15.2,34.9,0.387,0.368,0.371
mangalore_netravati,Mangalore,Karnataka,West Coast (Arabian Sea),12.8615,74.843,2.0,July 2023 Netravati Estuary Breach,2023-07-05T15:00,7.7,1004.0,19.1,38.2,0.396,0.388,0.371
mangalore_netravati,Mangalore,Karnataka,West Coast (Arabian Sea),12.8615,74.843,2.0,July 2023 Netravati Estuary Breach,2023-07-05T16:00,4.7,1004.6,17.7,41.4,0.382,0.389,0.375
mangalore_netravati,Mangalore,Karnataka,West Coast (Arabian Sea),12.8615,74.843,2.0,July 2023 Netravati Estuary Breach,2023-07-05T17:00,2.4,1005.5,17.6,38.5,0.373,0.383,0.377
mangalore_netravati,Mangalore,Karnataka,West Coast (Arabian Sea),12.8615,74.843,2.0,July 2023 Netravati Estuary Breach,2023-07-05T18:00,3.9,1005.6,19.1,37.8,0.385,0.381,0.377
mangalore_netravati,Mangalore,Karnataka,West Coast (Arabian Sea),12.8615,74.843,2.0,July 2023 Netravati Estuary Breach,2023-07-05T19:00,3.2,1005.0,15.9,36.4,0.373,0.383,0.377
mangalore_netravati,Mangalore,Karnataka,West Coast (Arabian Sea),12.8615,74.843,2.0,July 2023 Netravati Estuary Breach,2023-07-05T20:00,1.7,1004.6,17.5,40.7,0.368,0.378,0.377
mangalore_netravati,Mangalore,Karnataka,West Coast (Arabian Sea),12.8615,74.843,2.0,July 2023 Netravati Estuary Breach,2023-07-05T21:00,1.7,1004.3,19.2,44.3,0.366,0.374,0.376
mangalore_netravati,Mangalore,Karnataka,West Coast (Arabian Sea),12.8615,74.843,2.0,July 2023 Netravati Estuary Breach,2023-07-05T22:00,2.4,1004.0,16.5,41.8,0.371,0.372,0.375
mangalore_netravati,Mangalore,Karnataka,West Coast (Arabian Sea),12.8615,74.843,2.0,July 2023 Netravati Estuary Breach,2023-07-05T23:00,2.4,1004.1,13.3,40.0,0.371,0.372,0.374
mangalore_netravati,Mangalore,Karnataka,West Coast (Arabian Sea),12.8615,74.843,2.0,July 2023 Netravati Estuary Breach,2023-07-06T00:00,0.6,1004.2,16.9,33.1,0.373,0.378,0.371
mangalore_netravati,Mangalore,Karnataka,West Coast (Arabian Sea),12.8615,74.843,2.0,July 2023 Netravati Estuary Breach,2023-07-06T01:00,2.4,1004.3,13.7,41.0,0.369,0.377,0.371
mangalore_netravati,Mangalore,Karnataka,West Coast (Arabian Sea),12.8615,74.843,2.0,July 2023 Netravati Estuary Breach,2023-07-06T02:00,1.7,1005.5,19.5,39.2,0.369,0.373,0.371
mangalore_netravati,Mangalore,Karnataka,West Coast (Arabian Sea),12.8615,74.843,2.0,July 2023 Netravati Estuary Breach,2023-07-06T03:00,2.1,1005.7,6.6,43.6,0.367,0.373,0.371
mangalore_netravati,Mangalore,Karnataka,West Coast (Arabian Sea),12.8615,74.843,2.0,July 2023 Netravati Estuary Breach,2023-07-06T04:00,1.6,1006.6,18.0,38.5,0.364,0.371,0.37
mangalore_netravati,Mangalore,Karnataka,West Coast (Arabian Sea),12.8615,74.843,2.0,July 2023 Netravati Estuary Breach,2023-07-06T05:00,2.6,1007.1,18.2,41.8,0.371,0.37,0.37
mangalore_netravati,Mangalore,Karnataka,West Coast (Arabian Sea),12.8615,74.843,2.0,July 2023 Netravati Estuary Breach,2023-07-06T06:00,1.9,1007.3,16.6,42.1,0.367,0.37,0.369
mangalore_netravati,Mangalore,Karnataka,West Coast (Arabian Sea),12.8615,74.843,2.0,July 2023 Netravati Estuary Breach,2023-07-06T07:00,3.6,1007.1,16.2,36.4,0.378,0.372,0.369
mangalore_netravati,Mangalore,Karnataka,West Coast (Arabian Sea),12.8615,74.843,2.0,July 2023 Netravati Estuary Breach,2023-07-06T08:00,2.2,1006.3,11.2,32.8,0.37,0.374,0.369
mangalore_netravati,Mangalore,Karnataka,West Coast (Arabian Sea),12.8615,74.843,2.0,July 2023 Netravati Estuary Breach,2023-07-06T09:00,2.2,1005.8,14.5,35.6,0.372,0.372,0.369
mangalore_netravati,Mangalore,Karnataka,West Coast (Arabian Sea),12.8615,74.843,2.0,July 2023 Netravati Estuary Breach,2023-07-06T10:00,1.8,1005.6,11.8,33.8,0.368,0.371,0.369
mangalore_netravati,Mangalore,Karnataka,West Coast (Arabian Sea),12.8615,74.843,2.0,July 2023 Netravati Estuary Breach,2023-07-06T11:00,1.5,1005.0,8.4,29.2,0.363,0.369,0.368
mangalore_netravati,Mangalore,Karnataka,West Coast (Arabian Sea),12.8615,74.843,2.0,July 2023 Netravati Estuary Breach,2023-07-06T12:00,2.0,1005.8,2.9,31.7,0.368,0.373,0.37
mangalore_netravati,Mangalore,Karnataka,West Coast (Arabian Sea),12.8615,74.843,2.0,July 2023 Netravati Estuary Breach,2023-07-06T13:00,0.9,1006.0,5.1,8.6,0.358,0.371,0.37
mangalore_netravati,Mangalore,Karnataka,West Coast (Arabian Sea),12.8615,74.843,2.0,July 2023 Netravati Estuary Breach,2023-07-06T14:00,1.3,1006.5,4.3,12.2,0.358,0.368,0.369
mangalore_netravati,Mangalore,Karnataka,West Coast (Arabian Sea),12.8615,74.843,2.0,July 2023 Netravati Estuary Breach,2023-07-06T15:00,1.1,1007.2,1.8,7.9,0.356,0.365,0.369
mangalore_netravati,Mangalore,Karnataka,West Coast (Arabian Sea),12.8615,74.843,2.0,July 2023 Netravati Estuary Breach,2023-07-06T16:00,0.9,1007.3,2.7,15.1,0.352,0.362,0.368
mangalore_netravati,Mangalore,Karnataka,West Coast (Arabian Sea),12.8615,74.843,2.0,July 2023 Netravati Estuary Breach,2023-07-06T17:00,4.0,1007.8,4.9,14.0,0.38,0.364,0.368
mangalore_netravati,Mangalore,Karnataka,West Coast (Arabian Sea),12.8615,74.843,2.0,July 2023 Netravati Estuary Breach,2023-07-06T18:00,0.9,1007.9,7.2,9.4,0.363,0.365,0.367
mangalore_netravati,Mangalore,Karnataka,West Coast (Arabian Sea),12.8615,74.843,2.0,July 2023 Netravati Estuary Breach,2023-07-06T19:00,1.1,1007.2,7.7,27.0,0.357,0.364,0.367
mangalore_netravati,Mangalore,Karnataka,West Coast (Arabian Sea),12.8615,74.843,2.0,July 2023 Netravati Estuary Breach,2023-07-06T20:00,1.9,1006.8,6.4,20.9,0.366,0.362,0.366
mangalore_netravati,Mangalore,Karnataka,West Coast (Arabian Sea),12.8615,74.843,2.0,July 2023 Netravati Estuary Breach,2023-07-06T21:00,0.7,1006.0,2.9,19.8,0.356,0.362,0.366
mangalore_netravati,Mangalore,Karnataka,West Coast (Arabian Sea),12.8615,74.843,2.0,July 2023 Netravati Estuary Breach,2023-07-06T22:00,1.5,1006.0,9.7,23.0,0.359,0.36,0.365
mangalore_netravati,Mangalore,Karnataka,West Coast (Arabian Sea),12.8615,74.843,2.0,July 2023 Netravati Estuary Breach,2023-07-06T23:00,0.5,1006.0,12.0,25.9,0.35,0.358,0.365
mangalore_netravati,Mangalore,Karnataka,West Coast (Arabian Sea),12.8615,74.843,2.0,July 2023 Netravati Estuary Breach,2023-07-07T00:00,7.8,1005.9,11.8,29.5,0.358,0.353,0.365
mangalore_netravati,Mangalore,Karnataka,West Coast (Arabian Sea),12.8615,74.843,2.0,July 2023 Netravati Estuary Breach,2023-07-07T01:00,1.9,1006.6,14.4,32.4,0.364,0.353,0.365
mangalore_netravati,Mangalore,Karnataka,West Coast (Arabian Sea),12.8615,74.843,2.0,July 2023 Netravati Estuary Breach,2023-07-07T02:00,5.7,1007.3,5.5,28.1,0.379,0.367,0.364
mangalore_netravati,Mangalore,Karnataka,West Coast (Arabian Sea),12.8615,74.843,2.0,July 2023 Netravati Estuary Breach,2023-07-07T03:00,1.8,1008.2,12.7,26.3,0.368,0.37,0.364
mangalore_netravati,Mangalore,Karnataka,West Coast (Arabian Sea),12.8615,74.843,2.0,July 2023 Netravati Estuary Breach,2023-07-07T04:00,0.4,1008.4,10.1,26.3,0.353,0.367,0.365
mangalore_netravati,Mangalore,Karnataka,West Coast (Arabian Sea),12.8615,74.843,2.0,July 2023 Netravati Estuary Breach,2023-07-07T05:00,0.4,1008.2,9.1,24.8,0.344,0.364,0.364
mangalore_netravati,Mangalore,Karnataka,West Coast (Arabian Sea),12.8615,74.843,2.0,July 2023 Netravati Estuary Breach,2023-07-07T06:00,5.6,1008.5,20.0,39.6,0.396,0.363,0.364
mangalore_netravati,Mangalore,Karnataka,West Coast (Arabian Sea),12.8615,74.843,2.0,July 2023 Netravati Estuary Breach,2023-07-07T07:00,3.9,1008.5,14.0,45.4,0.378,0.375,0.365
mangalore_netravati,Mangalore,Karnataka,West Coast (Arabian Sea),12.8615,74.843,2.0,July 2023 Netravati Estuary Breach,2023-07-07T08:00,1.9,1007.5,15.1,33.5,0.369,0.374,0.366
mangalore_netravati,Mangalore,Karnataka,West Coast (Arabian Sea),12.8615,74.843,2.0,July 2023 Netravati Estuary Breach,2023-07-07T09:00,2.8,1007.1,12.3,43.9,0.375,0.373,0.366
mangalore_netravati,Mangalore,Karnataka,West Coast (Arabian Sea),12.8615,74.843,2.0,July 2023 Netravati Estuary Breach,2023-07-07T10:00,3.9,1006.2,13.1,28.4,0.376,0.378,0.367
mangalore_netravati,Mangalore,Karnataka,West Coast (Arabian Sea),12.8615,74.843,2.0,July 2023 Netravati Estuary Breach,2023-07-07T11:00,1.5,1006.5,20.3,41.4,0.364,0.375,0.368
mangalore_netravati,Mangalore,Karnataka,West Coast (Arabian Sea),12.8615,74.843,2.0,July 2023 Netravati Estuary Breach,2023-07-07T12:00,1.1,1006.4,10.6,43.6,0.354,0.366,0.366
mangalore_netravati,Mangalore,Karnataka,West Coast (Arabian Sea),12.8615,74.843,2.0,July 2023 Netravati Estuary Breach,2023-07-07T13:00,3.2,1006.8,6.2,27.0,0.366,0.368,0.366
mangalore_netravati,Mangalore,Karnataka,West Coast (Arabian Sea),12.8615,74.843,2.0,July 2023 Netravati Estuary Breach,2023-07-07T14:00,1.8,1007.6,7.0,24.1,0.366,0.368,0.366
mangalore_netravati,Mangalore,Karnataka,West Coast (Arabian Sea),12.8615,74.843,2.0,July 2023 Netravati Estuary Breach,2023-07-07T15:00,2.7,1008.6,7.3,19.8,0.372,0.37,0.366
mangalore_netravati,Mangalore,Karnataka,West Coast (Arabian Sea),12.8615,74.843,2.0,July 2023 Netravati Estuary Breach,2023-07-07T16:00,1.4,1008.9,8.9,27.0,0.365,0.369,0.366
mangalore_netravati,Mangalore,Karnataka,West Coast (Arabian Sea),12.8615,74.843,2.0,July 2023 Netravati Estuary Breach,2023-07-07T17:00,1.1,1009.4,7.0,23.8,0.359,0.368,0.366
mangalore_netravati,Mangalore,Karnataka,West Coast (Arabian Sea),12.8615,74.843,2.0,July 2023 Netravati Estuary Breach,2023-07-07T18:00,0.9,1009.1,6.2,22.7,0.353,0.366,0.366
mangalore_netravati,Mangalore,Karnataka,West Coast (Arabian Sea),12.8615,74.843,2.0,July 2023 Netravati Estuary Breach,2023-07-07T19:00,1.3,1008.8,7.9,20.9,0.354,0.363,0.366
mangalore_netravati,Mangalore,Karnataka,West Coast (Arabian Sea),12.8615,74.843,2.0,July 2023 Netravati Estuary Breach,2023-07-07T20:00,2.0,1008.1,6.8,19.4,0.362,0.362,0.365
mangalore_netravati,Mangalore,Karnataka,West Coast (Arabian Sea),12.8615,74.843,2.0,July 2023 Netravati Estuary Breach,2023-07-07T21:00,0.6,1007.6,7.9,18.4,0.352,0.361,0.365
mangalore_netravati,Mangalore,Karnataka,West Coast (Arabian Sea),12.8615,74.843,2.0,July 2023 Netravati Estuary Breach,2023-07-07T22:00,0.9,1007.1,3.8,23.8,0.349,0.358,0.365
mangalore_netravati,Mangalore,Karnataka,West Coast (Arabian Sea),12.8615,74.843,2.0,July 2023 Netravati Estuary Breach,2023-07-07T23:00,1.3,1007.3,11.9,25.2,0.354,0.356,0.364
mangalore_netravati,Mangalore,Karnataka,West Coast (Arabian Sea),12.8615,74.843,2.0,July 2023 Netravati Estuary Breach,2023-07-08T00:00,1.2,1007.2,3.7,21.2,0.351,0.358,0.365
mangalore_netravati,Mangalore,Karnataka,West Coast (Arabian Sea),12.8615,74.843,2.0,July 2023 Netravati Estuary Breach,2023-07-08T01:00,5.6,1007.7,7.2,21.2,0.391,0.364,0.364
mangalore_netravati,Mangalore,Karnataka,West Coast (Arabian Sea),12.8615,74.843,2.0,July 2023 Netravati Estuary Breach,2023-07-08T02:00,10.6,1008.7,5.0,24.1,0.4,0.394,0.367
mangalore_netravati,Mangalore,Karnataka,West Coast (Arabian Sea),12.8615,74.843,2.0,July 2023 Netravati Estuary Breach,2023-07-08T03:00,4.2,1009.4,4.3,17.3,0.374,0.389,0.373
mangalore_netravati,Mangalore,Karnataka,West Coast (Arabian Sea),12.8615,74.843,2.0,July 2023 Netravati Estuary Breach,2023-07-08T04:00,1.5,1009.8,9.1,23.8,0.365,0.38,0.375
mangalore_netravati,Mangalore,Karnataka,West Coast (Arabian Sea),12.8615,74.843,2.0,July 2023 Netravati Estuary Breach,2023-07-08T05:00,8.6,1010.0,8.2,28.8,0.391,0.392,0.377
mangalore_netravati,Mangalore,Karnataka,West Coast (Arabian Sea),12.8615,74.843,2.0,July 2023 Netravati Estuary Breach,2023-07-08T06:00,3.2,1009.7,4.8,26.6,0.378,0.387,0.38
mangalore_netravati,Mangalore,Karnataka,West Coast (Arabian Sea),12.8615,74.843,2.0,July 2023 Netravati Estuary Breach,2023-07-08T07:00,4.1,1009.4,3.2,18.7,0.378,0.386,0.381
mangalore_netravati,Mangalore,Karnataka,West Coast (Arabian Sea),12.8615,74.843,2.0,July 2023 Netravati Estuary Breach,2023-07-08T08:00,0.7,1008.3,11.9,25.2,0.357,0.379,0.381
mangalore_netravati,Mangalore,Karnataka,West Coast (Arabian Sea),12.8615,74.843,2.0,July 2023 Netravati Estuary Breach,2023-07-08T09:00,0.9,1008.2,15.7,38.5,0.35,0.37,0.38
mangalore_netravati,Mangalore,Karnataka,West Coast (Arabian Sea),12.8615,74.843,2.0,July 2023 Netravati Estuary Breach,2023-07-08T10:00,0.6,1007.6,14.3,31.7,0.343,0.362,0.379
mangalore_netravati,Mangalore,Karnataka,West Coast (Arabian Sea),12.8615,74.843,2.0,July 2023 Netravati Estuary Breach,2023-07-08T11:00,0.4,1007.2,9.0,30.6,0.337,0.354,0.378
mangalore_netravati,Mangalore,Karnataka,West Coast (Arabian Sea),12.8615,74.843,2.0,July 2023 Netravati Estuary Breach,2023-07-08T12:00,1.0,1007.7,8.6,34.9,0.337,0.361,0.364
mangalore_netravati,Mangalore,Karnataka,West Coast (Arabian Sea),12.8615,74.843,2.0,July 2023 Netravati Estuary Breach,2023-07-08T13:00,0.3,1007.5,6.2,16.6,0.334,0.356,0.364
mangalore_netravati,Mangalore,Karnataka,West Coast (Arabian Sea),12.8615,74.843,2.0,July 2023 Netravati Estuary Breach,2023-07-08T14:00,0.0,1007.9,7.4,20.9,0.329,0.351,0.364
mangalore_netravati,Mangalore,Karnataka,West Coast (Arabian Sea),12.8615,74.843,2.0,July 2023 Netravati Estuary Breach,2023-07-08T15:00,0.1,1008.6,4.6,13.7,0.325,0.347,0.363
mangalore_netravati,Mangalore,Karnataka,West Coast (Arabian Sea),12.8615,74.843,2.0,July 2023 Netravati Estuary Breach,2023-07-08T16:00,1.6,1009.0,4.7,16.2,0.34,0.343,0.363
mangalore_netravati,Mangalore,Karnataka,West Coast (Arabian Sea),12.8615,74.843,2.0,July 2023 Netravati Estuary Breach,2023-07-08T17:00,0.6,1009.1,5.6,19.1,0.339,0.341,0.362
mangalore_netravati,Mangalore,Karnataka,West Coast (Arabian Sea),12.8615,74.843,2.0,July 2023 Netravati Estuary Breach,2023-07-08T18:00,0.4,1009.2,4.7,18.7,0.337,0.338,0.362
mangalore_netravati,Mangalore,Karnataka,West Coast (Arabian Sea),12.8615,74.843,2.0,July 2023 Netravati Estuary Breach,2023-07-08T19:00,1.2,1008.5,2.4,15.1,0.342,0.337,0.361
mangalore_netravati,Mangalore,Karnataka,West Coast (Arabian Sea),12.8615,74.843,2.0,July 2023 Netravati Estuary Breach,2023-07-08T20:00,0.8,1007.9,1.6,4.3,0.341,0.335,0.361
mangalore_netravati,Mangalore,Karnataka,West Coast (Arabian Sea),12.8615,74.843,2.0,July 2023 Netravati Estuary Breach,2023-07-08T21:00,0.4,1007.4,4.2,7.6,0.336,0.334,0.36
mangalore_netravati,Mangalore,Karnataka,West Coast (Arabian Sea),12.8615,74.843,2.0,July 2023 Netravati Estuary Breach,2023-07-08T22:00,0.5,1007.3,7.3,18.0,0.334,0.332,0.36
mangalore_netravati,Mangalore,Karnataka,West Coast (Arabian Sea),12.8615,74.843,2.0,July 2023 Netravati Estuary Breach,2023-07-08T23:00,0.2,1007.0,6.8,13.0,0.33,0.329,0.359
mangalore_netravati,Mangalore,Karnataka,West Coast (Arabian Sea),12.8615,74.843,2.0,July 2023 Netravati Estuary Breach,2023-07-09T00:00,0.2,1007.2,3.8,11.5,0.321,0.316,0.358
mangalore_netravati,Mangalore,Karnataka,West Coast (Arabian Sea),12.8615,74.843,2.0,July 2023 Netravati Estuary Breach,2023-07-09T01:00,1.2,1007.5,3.3,15.8,0.33,0.315,0.357
mangalore_netravati,Mangalore,Karnataka,West Coast (Arabian Sea),12.8615,74.843,2.0,July 2023 Netravati Estuary Breach,2023-07-09T02:00,0.2,1008.5,5.6,11.2,0.324,0.314,0.357
mangalore_netravati,Mangalore,Karnataka,West Coast (Arabian Sea),12.8615,74.843,2.0,July 2023 Netravati Estuary Breach,2023-07-09T03:00,0.2,1008.7,6.8,15.8,0.319,0.312,0.356
mangalore_netravati,Mangalore,Karnataka,West Coast (Arabian Sea),12.8615,74.843,2.0,July 2023 Netravati Estuary Breach,2023-07-09T04:00,0.1,1008.9,3.2,21.6,0.315,0.311,0.355
mangalore_netravati,Mangalore,Karnataka,West Coast (Arabian Sea),12.8615,74.843,2.0,July 2023 Netravati Estuary Breach,2023-07-09T05:00,0.1,1008.8,6.8,22.7,0.311,0.308,0.355
mangalore_netravati,Mangalore,Karnataka,West Coast (Arabian Sea),12.8615,74.843,2.0,July 2023 Netravati Estuary Breach,2023-07-09T06:00,2.3,1008.6,8.5,28.4,0.327,0.309,0.354
mangalore_netravati,Mangalore,Karnataka,West Coast (Arabian Sea),12.8615,74.843,2.0,July 2023 Netravati Estuary Breach,2023-07-09T07:00,0.2,1008.3,13.5,31.7,0.32,0.308,0.353
mangalore_netravati,Mangalore,Karnataka,West Coast (Arabian Sea),12.8615,74.843,2.0,July 2023 Netravati Estuary Breach,2023-07-09T08:00,0.8,1007.8,10.9,33.5,0.319,0.307,0.353
mangalore_netravati,Mangalore,Karnataka,West Coast (Arabian Sea),12.8615,74.843,2.0,July 2023 Netravati Estuary Breach,2023-07-09T09:00,0.1,1007.0,10.1,31.0,0.313,0.306,0.352
mangalore_netravati,Mangalore,Karnataka,West Coast (Arabian Sea),12.8615,74.843,2.0,July 2023 Netravati Estuary Breach,2023-07-09T10:00,0.1,1006.3,9.5,29.9,0.308,0.304,0.351
mangalore_netravati,Mangalore,Karnataka,West Coast (Arabian Sea),12.8615,74.843,2.0,July 2023 Netravati Estuary Breach,2023-07-09T11:00,0.0,1006.0,9.0,28.1,0.304,0.302,0.351
mangalore_netravati,Mangalore,Karnataka,West Coast (Arabian Sea),12.8615,74.843,2.0,July 2023 Netravati Estuary Breach,2023-07-09T12:00,0.4,1006.1,6.3,28.1,0.31,0.305,0.351
mangalore_netravati,Mangalore,Karnataka,West Coast (Arabian Sea),12.8615,74.843,2.0,July 2023 Netravati Estuary Breach,2023-07-09T13:00,0.0,1006.5,5.9,13.3,0.306,0.303,0.35
mangalore_netravati,Mangalore,Karnataka,West Coast (Arabian Sea),12.8615,74.843,2.0,July 2023 Netravati Estuary Breach,2023-07-09T14:00,0.0,1006.9,3.7,10.8,0.303,0.301,0.35
mangalore_netravati,Mangalore,Karnataka,West Coast (Arabian Sea),12.8615,74.843,2.0,July 2023 Netravati Estuary Breach,2023-07-09T15:00,0.1,1007.2,3.9,11.5,0.301,0.3,0.349
mangalore_netravati,Mangalore,Karnataka,West Coast (Arabian Sea),12.8615,74.843,2.0,July 2023 Netravati Estuary Breach,2023-07-09T16:00,0.1,1007.5,4.5,14.0,0.3,0.298,0.349
mangalore_netravati,Mangalore,Karnataka,West Coast (Arabian Sea),12.8615,74.843,2.0,July 2023 Netravati Estuary Breach,2023-07-09T17:00,1.2,1008.2,4.4,13.0,0.309,0.297,0.348
mangalore_netravati,Mangalore,Karnataka,West Coast (Arabian Sea),12.8615,74.843,2.0,July 2023 Netravati Estuary Breach,2023-07-09T18:00,0.2,1008.2,2.5,9.4,0.307,0.296,0.347
mangalore_netravati,Mangalore,Karnataka,West Coast (Arabian Sea),12.8615,74.843,2.0,July 2023 Netravati Estuary Breach,2023-07-09T19:00,1.0,1007.9,2.1,10.1,0.315,0.296,0.347
mangalore_netravati,Mangalore,Karnataka,West Coast (Arabian Sea),12.8615,74.843,2.0,July 2023 Netravati Estuary Breach,2023-07-09T20:00,0.3,1007.6,1.3,8.6,0.313,0.296,0.346
mangalore_netravati,Mangalore,Karnataka,West Coast (Arabian Sea),12.8615,74.843,2.0,July 2023 Netravati Estuary Breach,2023-07-09T21:00,1.6,1007.4,4.1,9.7,0.325,0.297,0.346
mangalore_netravati,Mangalore,Karnataka,West Coast (Arabian Sea),12.8615,74.843,2.0,July 2023 Netravati Estuary Breach,2023-07-09T22:00,0.1,1006.9,2.9,7.9,0.318,0.298,0.345
mangalore_netravati,Mangalore,Karnataka,West Coast (Arabian Sea),12.8615,74.843,2.0,July 2023 Netravati Estuary Breach,2023-07-09T23:00,0.3,1006.7,2.5,5.0,0.315,0.298,0.345
mangalore_netravati,Mangalore,Karnataka,West Coast (Arabian Sea),12.8615,74.843,2.0,July 2023 Netravati Estuary Breach,2023-07-10T00:00,0.1,1006.5,5.0,6.8,0.293,0.289,0.344
mangalore_netravati,Mangalore,Karnataka,West Coast (Arabian Sea),12.8615,74.843,2.0,July 2023 Netravati Estuary Breach,2023-07-10T01:00,0.0,1006.8,6.0,10.4,0.291,0.288,0.344
mangalore_netravati,Mangalore,Karnataka,West Coast (Arabian Sea),12.8615,74.843,2.0,July 2023 Netravati Estuary Breach,2023-07-10T02:00,0.0,1007.2,5.8,12.6,0.29,0.287,0.343
mangalore_netravati,Mangalore,Karnataka,West Coast (Arabian Sea),12.8615,74.843,2.0,July 2023 Netravati Estuary Breach,2023-07-10T03:00,0.0,1007.5,4.0,12.6,0.288,0.286,0.343
mangalore_netravati,Mangalore,Karnataka,West Coast (Arabian Sea),12.8615,74.843,2.0,July 2023 Netravati Estuary Breach,2023-07-10T04:00,0.1,1007.8,4.3,21.6,0.286,0.284,0.342
mangalore_netravati,Mangalore,Karnataka,West Coast (Arabian Sea),12.8615,74.843,2.0,July 2023 Netravati Estuary Breach,2023-07-10T05:00,0.0,1007.9,5.8,23.0,0.283,0.283,0.341
mangalore_netravati,Mangalore,Karnataka,West Coast (Arabian Sea),12.8615,74.843,2.0,July 2023 Netravati Estuary Breach,2023-07-10T06:00,0.0,1007.7,11.6,29.9,0.279,0.281,0.34
mangalore_netravati,Mangalore,Karnataka,West Coast (Arabian Sea),12.8615,74.843,2.0,July 2023 Netravati Estuary Breach,2023-07-10T07:00,0.3,1007.0,14.0,33.8,0.278,0.28,0.34
mangalore_netravati,Mangalore,Karnataka,West Coast (Arabian Sea),12.8615,74.843,2.0,July 2023 Netravati Estuary Breach,2023-07-10T08:00,0.1,1006.6,13.4,33.8,0.275,0.278,0.339
mangalore_netravati,Mangalore,Karnataka,West Coast (Arabian Sea),12.8615,74.843,2.0,July 2023 Netravati Estuary Breach,2023-07-10T09:00,0.3,1005.9,14.2,30.2,0.274,0.276,0.338
mangalore_netravati,Mangalore,Karnataka,West Coast (Arabian Sea),12.8615,74.843,2.0,July 2023 Netravati Estuary Breach,2023-07-10T10:00,0.0,1005.5,12.4,32.4,0.271,0.275,0.337
mangalore_netravati,Mangalore,Karnataka,West Coast (Arabian Sea),12.8615,74.843,2.0,July 2023 Netravati Estuary Breach,2023-07-10T11:00,0.0,1005.2,10.8,29.2,0.269,0.274,0.336
mangalore_netravati,Mangalore,Karnataka,West Coast (Arabian Sea),12.8615,74.843,2.0,July 2023 Netravati Estuary Breach,2023-07-10T12:00,0.1,1005.1,10.7,26.6,0.27,0.274,0.336
mangalore_netravati,Mangalore,Karnataka,West Coast (Arabian Sea),12.8615,74.843,2.0,July 2023 Netravati Estuary Breach,2023-07-10T13:00,0.3,1005.7,6.9,23.8,0.271,0.273,0.335
mangalore_netravati,Mangalore,Karnataka,West Coast (Arabian Sea),12.8615,74.843,2.0,July 2023 Netravati Estuary Breach,2023-07-10T14:00,0.6,1006.2,7.3,15.5,0.275,0.272,0.334
mangalore_netravati,Mangalore,Karnataka,West Coast (Arabian Sea),12.8615,74.843,2.0,July 2023 Netravati Estuary Breach,2023-07-10T15:00,0.1,1006.6,4.7,13.0,0.275,0.271,0.333
mangalore_netravati,Mangalore,Karnataka,West Coast (Arabian Sea),12.8615,74.843,2.0,July 2023 Netravati Estuary Breach,2023-07-10T16:00,0.3,1007.6,4.2,12.2,0.276,0.271,0.333
mangalore_netravati,Mangalore,Karnataka,West Coast (Arabian Sea),12.8615,74.843,2.0,July 2023 Netravati Estuary Breach,2023-07-10T17:00,0.3,1008.2,5.0,11.2,0.279,0.27,0.332
mangalore_netravati,Mangalore,Karnataka,West Coast (Arabian Sea),12.8615,74.843,2.0,July 2023 Netravati Estuary Breach,2023-07-10T18:00,0.3,1008.0,2.2,12.6,0.28,0.27,0.331
mangalore_netravati,Mangalore,Karnataka,West Coast (Arabian Sea),12.8615,74.843,2.0,July 2023 Netravati Estuary Breach,2023-07-10T19:00,0.0,1007.5,4.4,7.2,0.279,0.27,0.33
mangalore_netravati,Mangalore,Karnataka,West Coast (Arabian Sea),12.8615,74.843,2.0,July 2023 Netravati Estuary Breach,2023-07-10T20:00,0.1,1006.9,4.0,13.0,0.279,0.27,0.33
mangalore_netravati,Mangalore,Karnataka,West Coast (Arabian Sea),12.8615,74.843,2.0,July 2023 Netravati Estuary Breach,2023-07-10T21:00,0.3,1006.3,4.3,10.1,0.281,0.269,0.329
mangalore_netravati,Mangalore,Karnataka,West Coast (Arabian Sea),12.8615,74.843,2.0,July 2023 Netravati Estuary Breach,2023-07-10T22:00,0.1,1005.9,2.3,7.6,0.28,0.269,0.328
mangalore_netravati,Mangalore,Karnataka,West Coast (Arabian Sea),12.8615,74.843,2.0,July 2023 Netravati Estuary Breach,2023-07-10T23:00,0.1,1005.8,1.8,5.0,0.279,0.269,0.327
mangalore_netravati,Mangalore,Karnataka,West Coast (Arabian Sea),12.8615,74.843,2.0,July 2023 Netravati Estuary Breach,2023-07-11T00:00,0.1,1006.3,6.2,8.6,0.298,0.281,0.327
mangalore_netravati,Mangalore,Karnataka,West Coast (Arabian Sea),12.8615,74.843,2.0,July 2023 Netravati Estuary Breach,2023-07-11T01:00,0.1,1006.1,2.7,10.8,0.296,0.281,0.326
mangalore_netravati,Mangalore,Karnataka,West Coast (Arabian Sea),12.8615,74.843,2.0,July 2023 Netravati Estuary Breach,2023-07-11T02:00,0.0,1006.8,1.1,5.8,0.293,0.281,0.325
mangalore_netravati,Mangalore,Karnataka,West Coast (Arabian Sea),12.8615,74.843,2.0,July 2023 Netravati Estuary Breach,2023-07-11T03:00,0.0,1007.0,0.5,6.1,0.29,0.281,0.325
mangalore_netravati,Mangalore,Karnataka,West Coast (Arabian Sea),12.8615,74.843,2.0,July 2023 Netravati Estuary Breach,2023-07-11T04:00,0.0,1007.4,4.3,19.1,0.287,0.28,0.324
mangalore_netravati,Mangalore,Karnataka,West Coast (Arabian Sea),12.8615,74.843,2.0,July 2023 Netravati Estuary Breach,2023-07-11T05:00,0.0,1007.6,7.3,24.5,0.284,0.28,0.323
mangalore_netravati,Mangalore,Karnataka,West Coast (Arabian Sea),12.8615,74.843,2.0,July 2023 Netravati Estuary Breach,2023-07-11T06:00,0.0,1007.6,9.5,28.8,0.281,0.279,0.322
mangalore_netravati,Mangalore,Karnataka,West Coast (Arabian Sea),12.8615,74.843,2.0,July 2023 Netravati Estuary Breach,2023-07-11T07:00,0.1,1007.4,7.4,28.8,0.279,0.278,0.321
mangalore_netravati,Mangalore,Karnataka,West Coast (Arabian Sea),12.8615,74.843,2.0,July 2023 Netravati Estuary Breach,2023-07-11T08:00,0.1,1006.8,11.2,28.8,0.276,0.277,0.321
mangalore_netravati,Mangalore,Karnataka,West Coast (Arabian Sea),12.8615,74.843,2.0,July 2023 Netravati Estuary Breach,2023-07-11T09:00,0.1,1005.9,11.0,31.3,0.274,0.276,0.32
mangalore_netravati,Mangalore,Karnataka,West Coast (Arabian Sea),12.8615,74.843,2.0,July 2023 Netravati Estuary Breach,2023-07-11T10:00,0.2,1005.7,10.8,30.2,0.273,0.275,0.319
mangalore_netravati,Mangalore,Karnataka,West Coast (Arabian Sea),12.8615,74.843,2.0,July 2023 Netravati Estuary Breach,2023-07-11T11:00,2.0,1005.7,11.0,31.3,0.292,0.275,0.318
mangalore_netravati,Mangalore,Karnataka,West Coast (Arabian Sea),12.8615,74.843,2.0,July 2023 Netravati Estuary Breach,2023-07-11T12:00,0.0,1005.5,9.0,22.0,0.292,0.281,0.318
mangalore_netravati,Mangalore,Karnataka,West Coast (Arabian Sea),12.8615,74.843,2.0,July 2023 Netravati Estuary Breach,2023-07-11T13:00,0.3,1005.4,6.2,22.3,0.292,0.281,0.317
mangalore_netravati,Mangalore,Karnataka,West Coast (Arabian Sea),12.8615,74.843,2.0,July 2023 Netravati Estuary Breach,2023-07-11T14:00,0.0,1006.1,4.4,11.2,0.289,0.281,0.317
mangalore_netravati,Mangalore,Karnataka,West Coast (Arabian Sea),12.8615,74.843,2.0,July 2023 Netravati Estuary Breach,2023-07-11T15:00,0.0,1006.9,4.0,5.4,0.287,0.281,0.316
mangalore_netravati,Mangalore,Karnataka,West Coast (Arabian Sea),12.8615,74.843,2.0,July 2023 Netravati Estuary Breach,2023-07-11T16:00,0.3,1007.6,4.0,10.1,0.287,0.281,0.315
mangalore_netravati,Mangalore,Karnataka,West Coast (Arabian Sea),12.8615,74.843,2.0,July 2023 Netravati Estuary Breach,2023-07-11T17:00,0.1,1007.7,3.6,5.8,0.286,0.281,0.314
mangalore_netravati,Mangalore,Karnataka,West Coast (Arabian Sea),12.8615,74.843,2.0,July 2023 Netravati Estuary Breach,2023-07-11T18:00,0.1,1007.4,4.0,5.0,0.285,0.281,0.314
mangalore_netravati,Mangalore,Karnataka,West Coast (Arabian Sea),12.8615,74.843,2.0,July 2023 Netravati Estuary Breach,2023-07-11T19:00,0.5,1007.0,8.3,19.1,0.289,0.281,0.313
mangalore_netravati,Mangalore,Karnataka,West Coast (Arabian Sea),12.8615,74.843,2.0,July 2023 Netravati Estuary Breach,2023-07-11T20:00,0.1,1006.5,4.6,18.7,0.288,0.281,0.312
mangalore_netravati,Mangalore,Karnataka,West Coast (Arabian Sea),12.8615,74.843,2.0,July 2023 Netravati Estuary Breach,2023-07-11T21:00,0.1,1005.8,7.9,13.7,0.287,0.281,0.312
mangalore_netravati,Mangalore,Karnataka,West Coast (Arabian Sea),12.8615,74.843,2.0,July 2023 Netravati Estuary Breach,2023-07-11T22:00,0.1,1005.5,8.1,15.5,0.286,0.28,0.311
mangalore_netravati,Mangalore,Karnataka,West Coast (Arabian Sea),12.8615,74.843,2.0,July 2023 Netravati Estuary Breach,2023-07-11T23:00,0.4,1005.6,1.4,18.7,0.29,0.281,0.31
mangalore_netravati,Mangalore,Karnataka,West Coast (Arabian Sea),12.8615,74.843,2.0,July 2023 Netravati Estuary Breach,2023-07-12T00:00,0.2,1005.6,8.0,7.2,0.28,0.279,0.309
mangalore_netravati,Mangalore,Karnataka,West Coast (Arabian Sea),12.8615,74.843,2.0,July 2023 Netravati Estuary Breach,2023-07-12T01:00,0.1,1005.8,6.6,14.0,0.279,0.278,0.309
mangalore_netravati,Mangalore,Karnataka,West Coast (Arabian Sea),12.8615,74.843,2.0,July 2023 Netravati Estuary Breach,2023-07-12T02:00,0.0,1006.3,6.9,14.0,0.278,0.278,0.308
mangalore_netravati,Mangalore,Karnataka,West Coast (Arabian Sea),12.8615,74.843,2.0,July 2023 Netravati Estuary Breach,2023-07-12T03:00,0.1,1007.0,3.8,18.4,0.278,0.278,0.307
mangalore_netravati,Mangalore,Karnataka,West Coast (Arabian Sea),12.8615,74.843,2.0,July 2023 Netravati Estuary Breach,2023-07-12T04:00,1.8,1007.5,6.2,21.2,0.295,0.278,0.306
mangalore_netravati,Mangalore,Karnataka,West Coast (Arabian Sea),12.8615,74.843,2.0,July 2023 Netravati Estuary Breach,2023-07-12T05:00,0.1,1007.6,5.2,16.9,0.292,0.278,0.306
mangalore_netravati,Mangalore,Karnataka,West Coast (Arabian Sea),12.8615,74.843,2.0,July 2023 Netravati Estuary Breach,2023-07-12T06:00,0.1,1007.2,6.7,23.4,0.288,0.278,0.305
mangalore_netravati,Mangalore,Karnataka,West Coast (Arabian Sea),12.8615,74.843,2.0,July 2023 Netravati Estuary Breach,2023-07-12T07:00,0.2,1006.9,13.5,29.9,0.286,0.278,0.304
mangalore_netravati,Mangalore,Karnataka,West Coast (Arabian Sea),12.8615,74.843,2.0,July 2023 Netravati Estuary Breach,2023-07-12T08:00,0.1,1006.2,15.3,33.8,0.284,0.277,0.303
mangalore_netravati,Mangalore,Karnataka,West Coast (Arabian Sea),12.8615,74.843,2.0,July 2023 Netravati Estuary Breach,2023-07-12T09:00,0.9,1005.8,16.9,36.0,0.287,0.277,0.302
mangalore_netravati,Mangalore,Karnataka,West Coast (Arabian Sea),12.8615,74.843,2.0,July 2023 Netravati Estuary Breach,2023-07-12T10:00,1.0,1005.3,11.9,34.2,0.293,0.277,0.302
mangalore_netravati,Mangalore,Karnataka,West Coast (Arabian Sea),12.8615,74.843,2.0,July 2023 Netravati Estuary Breach,2023-07-12T11:00,1.3,1004.9,5.8,25.6,0.303,0.278,0.301
mangalore_netravati,Mangalore,Karnataka,West Coast (Arabian Sea),12.8615,74.843,2.0,July 2023 Netravati Estuary Breach,2023-07-12T12:00,0.5,1005.4,6.9,21.2,0.363,0.311,0.3
mangalore_netravati,Mangalore,Karnataka,West Coast (Arabian Sea),12.8615,74.843,2.0,July 2023 Netravati Estuary Breach,2023-07-12T13:00,1.3,1005.9,8.0,18.7,0.347,0.321,0.299
mangalore_netravati,Mangalore,Karnataka,West Coast (Arabian Sea),12.8615,74.843,2.0,July 2023 Netravati Estuary Breach,2023-07-12T14:00,0.7,1006.7,10.1,23.4,0.342,0.324,0.299
mangalore_netravati,Mangalore,Karnataka,West Coast (Arabian Sea),12.8615,74.843,2.0,July 2023 Netravati Estuary Breach,2023-07-12T15:00,0.3,1007.1,3.5,17.6,0.333,0.326,0.299
mangalore_netravati,Mangalore,Karnataka,West Coast (Arabian Sea),12.8615,74.843,2.0,July 2023 Netravati Estuary Breach,2023-07-12T16:00,0.1,1007.3,2.9,6.5,0.327,0.326,0.299
mangalore_netravati,Mangalore,Karnataka,West Coast (Arabian Sea),12.8615,74.843,2.0,July 2023 Netravati Estuary Breach,2023-07-12T17:00,0.1,1007.4,5.9,10.4,0.323,0.325,0.299
mangalore_netravati,Mangalore,Karnataka,West Coast (Arabian Sea),12.8615,74.843,2.0,July 2023 Netravati Estuary Breach,2023-07-12T18:00,0.4,1007.3,4.2,11.9,0.324,0.324,0.299
mangalore_netravati,Mangalore,Karnataka,West Coast (Arabian Sea),12.8615,74.843,2.0,July 2023 Netravati Estuary Breach,2023-07-12T19:00,1.1,1006.8,6.2,13.7,0.333,0.324,0.298
mangalore_netravati,Mangalore,Karnataka,West Coast (Arabian Sea),12.8615,74.843,2.0,July 2023 Netravati Estuary Breach,2023-07-12T20:00,4.0,1006.3,7.2,18.7,0.364,0.33,0.298
mangalore_netravati,Mangalore,Karnataka,West Coast (Arabian Sea),12.8615,74.843,2.0,July 2023 Netravati Estuary Breach,2023-07-12T21:00,2.6,1005.9,8.5,18.7,0.363,0.339,0.298
mangalore_netravati,Mangalore,Karnataka,West Coast (Arabian Sea),12.8615,74.843,2.0,July 2023 Netravati Estuary Breach,2023-07-12T22:00,2.0,1005.4,7.5,20.5,0.361,0.345,0.299
mangalore_netravati,Mangalore,Karnataka,West Coast (Arabian Sea),12.8615,74.843,2.0,July 2023 Netravati Estuary Breach,2023-07-12T23:00,1.7,1005.3,3.4,13.0,0.356,0.349,0.3
mangalore_netravati,Mangalore,Karnataka,West Coast (Arabian Sea),12.8615,74.843,2.0,July 2023 Netravati Estuary Breach,2023-07-13T00:00,0.4,1005.6,4.7,10.4,0.353,0.342,0.306
mangalore_netravati,Mangalore,Karnataka,West Coast (Arabian Sea),12.8615,74.843,2.0,July 2023 Netravati Estuary Breach,2023-07-13T01:00,2.1,1006.4,7.9,18.4,0.359,0.345,0.307
mangalore_netravati,Mangalore,Karnataka,West Coast (Arabian Sea),12.8615,74.843,2.0,July 2023 Netravati Estuary Breach,2023-07-13T02:00,1.4,1006.9,4.7,16.9,0.356,0.347,0.308
mangalore_netravati,Mangalore,Karnataka,West Coast (Arabian Sea),12.8615,74.843,2.0,July 2023 Netravati Estuary Breach,2023-07-13T03:00,0.9,1007.5,2.4,10.1,0.351,0.348,0.308
mangalore_netravati,Mangalore,Karnataka,West Coast (Arabian Sea),12.8615,74.843,2.0,July 2023 Netravati Estuary Breach,2023-07-13T04:00,1.4,1008.2,7.6,19.8,0.355,0.347,0.309
mangalore_netravati,Mangalore,Karnataka,West Coast (Arabian Sea),12.8615,74.843,2.0,July 2023 Netravati Estuary Breach,2023-07-13T05:00,2.6,1008.2,12.3,25.6,0.365,0.35,0.31
mangalore_netravati,Mangalore,Karnataka,West Coast (Arabian Sea),12.8615,74.843,2.0,July 2023 Netravati Estuary Breach,2023-07-13T06:00,3.4,1008.2,10.6,26.3,0.371,0.356,0.311
mangalore_netravati,Mangalore,Karnataka,West Coast (Arabian Sea),12.8615,74.843,2.0,July 2023 Netravati Estuary Breach,2023-07-13T07:00,2.8,1007.7,8.2,25.2,0.371,0.361,0.312
mangalore_netravati,Mangalore,Karnataka,West Coast (Arabian Sea),12.8615,74.843,2.0,July 2023 Netravati Estuary Breach,2023-07-13T08:00,1.5,1007.2,5.4,21.6,0.363,0.361,0.314
mangalore_netravati,Mangalore,Karnataka,West Coast (Arabian Sea),12.8615,74.843,2.0,July 2023 Netravati Estuary Breach,2023-07-13T09:00,1.6,1006.5,9.4,22.3,0.362,0.359,0.316
mangalore_netravati,Mangalore,Karnataka,West Coast (Arabian Sea),12.8615,74.843,2.0,July 2023 Netravati Estuary Breach,2023-07-13T10:00,1.7,1006.1,11.9,27.7,0.361,0.358,0.317
mangalore_netravati,Mangalore,Karnataka,West Coast (Arabian Sea),12.8615,74.843,2.0,July 2023 Netravati Estuary Breach,2023-07-13T11:00,1.6,1005.9,14.6,31.3,0.362,0.357,0.318
mangalore_netravati,Mangalore,Karnataka,West Coast (Arabian Sea),12.8615,74.843,2.0,July 2023 Netravati Estuary Breach,2023-07-13T12:00,6.0,1006.1,16.1,34.9,0.387,0.383,0.342
mangalore_netravati,Mangalore,Karnataka,West Coast (Arabian Sea),12.8615,74.843,2.0,July 2023 Netravati Estuary Breach,2023-07-13T13:00,4.1,1006.7,16.1,29.9,0.385,0.382,0.347
mangalore_netravati,Mangalore,Karnataka,West Coast (Arabian Sea),12.8615,74.843,2.0,July 2023 Netravati Estuary Breach,2023-07-13T14:00,4.3,1007.2,12.2,28.8,0.392,0.381,0.351
mangalore_netravati,Mangalore,Karnataka,West Coast (Arabian Sea),12.8615,74.843,2.0,July 2023 Netravati Estuary Breach,2023-07-13T15:00,3.2,1007.9,9.1,22.0,0.377,0.382,0.355
mangalore_netravati,Mangalore,Karnataka,West Coast (Arabian Sea),12.8615,74.843,2.0,July 2023 Netravati Estuary Breach,2023-07-13T16:00,1.9,1008.6,3.9,15.5,0.37,0.377,0.358
mangalore_netravati,Mangalore,Karnataka,West Coast (Arabian Sea),12.8615,74.843,2.0,July 2023 Netravati Estuary Breach,2023-07-13T17:00,2.6,1008.9,5.8,16.6,0.375,0.375,0.36
mangalore_netravati,Mangalore,Karnataka,West Coast (Arabian Sea),12.8615,74.843,2.0,July 2023 Netravati Estuary Breach,2023-07-13T18:00,2.1,1008.5,6.3,17.6,0.373,0.373,0.361
mangalore_netravati,Mangalore,Karnataka,West Coast (Arabian Sea),12.8615,74.843,2.0,July 2023 Netravati Estuary Breach,2023-07-13T19:00,2.7,1008.0,6.4,17.6,0.379,0.373,0.363
mangalore_netravati,Mangalore,Karnataka,West Coast (Arabian Sea),12.8615,74.843,2.0,July 2023 Netravati Estuary Breach,2023-07-13T20:00,5.0,1007.7,9.1,22.0,0.397,0.378,0.364
mangalore_netravati,Mangalore,Karnataka,West Coast (Arabian Sea),12.8615,74.843,2.0,July 2023 Netravati Estuary Breach,2023-07-13T21:00,5.2,1007.2,7.0,21.6,0.387,0.387,0.367
mangalore_netravati,Mangalore,Karnataka,West Coast (Arabian Sea),12.8615,74.843,2.0,July 2023 Netravati Estuary Breach,2023-07-13T22:00,3.9,1007.1,16.1,33.1,0.389,0.385,0.37
mangalore_netravati,Mangalore,Karnataka,West Coast (Arabian Sea),12.8615,74.843,2.0,July 2023 Netravati Estuary Breach,2023-07-13T23:00,2.9,1006.9,7.2,34.9,0.376,0.383,0.373
mangalore_netravati,Mangalore,Karnataka,West Coast (Arabian Sea),12.8615,74.843,2.0,July 2023 Netravati Estuary Breach,2023-07-14T00:00,1.3,1007.2,3.8,19.1,0.364,0.372,0.367
mangalore_netravati,Mangalore,Karnataka,West Coast (Arabian Sea),12.8615,74.843,2.0,July 2023 Netravati Estuary Breach,2023-07-14T01:00,0.6,1007.5,2.9,7.2,0.353,0.369,0.367
mangalore_netravati,Mangalore,Karnataka,West Coast (Arabian Sea),12.8615,74.843,2.0,July 2023 Netravati Estuary Breach,2023-07-14T02:00,0.7,1008.4,1.4,4.0,0.348,0.365,0.367
mangalore_netravati,Mangalore,Karnataka,West Coast (Arabian Sea),12.8615,74.843,2.0,July 2023 Netravati Estuary Breach,2023-07-14T03:00,0.5,1008.8,5.4,11.5,0.343,0.361,0.367
mangalore_netravati,Mangalore,Karnataka,West Coast (Arabian Sea),12.8615,74.843,2.0,July 2023 Netravati Estuary Breach,2023-07-14T04:00,0.3,1009.4,3.4,14.0,0.337,0.357,0.367
mangalore_netravati,Mangalore,Karnataka,West Coast (Arabian Sea),12.8615,74.843,2.0,July 2023 Netravati Estuary Breach,2023-07-14T05:00,0.5,1009.5,2.5,18.4,0.334,0.352,0.366
mangalore_netravati,Mangalore,Karnataka,West Coast (Arabian Sea),12.8615,74.843,2.0,July 2023 Netravati Estuary Breach,2023-07-14T06:00,0.8,1009.5,10.5,29.2,0.334,0.348,0.366
mangalore_netravati,Mangalore,Karnataka,West Coast (Arabian Sea),12.8615,74.843,2.0,July 2023 Netravati Estuary Breach,2023-07-14T07:00,0.6,1009.3,11.4,31.7,0.331,0.343,0.365
mangalore_netravati,Mangalore,Karnataka,West Coast (Arabian Sea),12.8615,74.843,2.0,July 2023 Netravati Estuary Breach,2023-07-14T08:00,0.4,1008.6,10.4,34.9,0.328,0.339,0.365
mangalore_netravati,Mangalore,Karnataka,West Coast (Arabian Sea),12.8615,74.843,2.0,July 2023 Netravati Estuary Breach,2023-07-14T09:00,0.3,1008.1,9.4,24.5,0.324,0.335,0.364
mangalore_netravati,Mangalore,Karnataka,West Coast (Arabian Sea),12.8615,74.843,2.0,July 2023 Netravati Estuary Breach,2023-07-14T10:00,0.5,1007.3,8.9,34.2,0.323,0.331,0.364
mangalore_netravati,Mangalore,Karnataka,West Coast (Arabian Sea),12.8615,74.843,2.0,July 2023 Netravati Estuary Breach,2023-07-14T11:00,0.5,1006.8,10.9,23.0,0.322,0.327,0.363
mangalore_netravati,Mangalore,Karnataka,West Coast (Arabian Sea),12.8615,74.843,2.0,July 2023 Netravati Estuary Breach,2023-07-14T12:00,0.2,1007.3,6.3,22.7,0.321,0.327,0.363
mangalore_netravati,Mangalore,Karnataka,West Coast (Arabian Sea),12.8615,74.843,2.0,July 2023 Netravati Estuary Breach,2023-07-14T13:00,0.1,1007.6,6.3,20.5,0.317,0.323,0.362
mangalore_netravati,Mangalore,Karnataka,West Coast (Arabian Sea),12.8615,74.843,2.0,July 2023 Netravati Estuary Breach,2023-07-14T14:00,0.1,1007.9,5.4,12.2,0.314,0.32,0.361
mangalore_netravati,Mangalore,Karnataka,West Coast (Arabian Sea),12.8615,74.843,2.0,July 2023 Netravati Estuary Breach,2023-07-14T15:00,0.2,1008.5,3.3,9.7,0.312,0.317,0.361
mangalore_netravati,Mangalore,Karnataka,West Coast (Arabian Sea),12.8615,74.843,2.0,July 2023 Netravati Estuary Breach,2023-07-14T16:00,0.2,1009.0,4.0,5.8,0.311,0.314,0.36
mangalore_netravati,Mangalore,Karnataka,West Coast (Arabian Sea),12.8615,74.843,2.0,July 2023 Netravati Estuary Breach,2023-07-14T17:00,1.2,1009.8,3.2,12.6,0.321,0.312,0.359
mangalore_netravati,Mangalore,Karnataka,West Coast (Arabian Sea),12.8615,74.843,2.0,July 2023 Netravati Estuary Breach,2023-07-14T18:00,0.3,1009.5,1.8,13.0,0.318,0.311,0.358
mangalore_netravati,Mangalore,Karnataka,West Coast (Arabian Sea),12.8615,74.843,2.0,July 2023 Netravati Estuary Breach,2023-07-14T19:00,0.1,1009.0,1.5,11.9,0.315,0.309,0.358
mangalore_netravati,Mangalore,Karnataka,West Coast (Arabian Sea),12.8615,74.843,2.0,July 2023 Netravati Estuary Breach,2023-07-14T20:00,0.5,1008.5,3.0,5.4,0.316,0.307,0.357
mangalore_netravati,Mangalore,Karnataka,West Coast (Arabian Sea),12.8615,74.843,2.0,July 2023 Netravati Estuary Breach,2023-07-14T21:00,1.0,1008.0,8.6,14.8,0.324,0.306,0.356
mangalore_netravati,Mangalore,Karnataka,West Coast (Arabian Sea),12.8615,74.843,2.0,July 2023 Netravati Estuary Breach,2023-07-14T22:00,0.3,1007.3,4.6,15.1,0.319,0.306,0.356
mangalore_netravati,Mangalore,Karnataka,West Coast (Arabian Sea),12.8615,74.843,2.0,July 2023 Netravati Estuary Breach,2023-07-14T23:00,0.3,1007.3,3.3,7.9,0.317,0.305,0.355
mangalore_netravati,Mangalore,Karnataka,West Coast (Arabian Sea),12.8615,74.843,2.0,July 2023 Netravati Estuary Breach,2023-07-15T00:00,3.8,1007.8,4.7,14.0,0.314,0.303,0.354
mangalore_netravati,Mangalore,Karnataka,West Coast (Arabian Sea),12.8615,74.843,2.0,July 2023 Netravati Estuary Breach,2023-07-15T01:00,0.1,1007.9,6.0,10.4,0.31,0.302,0.354
mangalore_netravati,Mangalore,Karnataka,West Coast (Arabian Sea),12.8615,74.843,2.0,July 2023 Netravati Estuary Breach,2023-07-15T02:00,0.0,1008.0,5.6,13.3,0.306,0.301,0.353
mangalore_netravati,Mangalore,Karnataka,West Coast (Arabian Sea),12.8615,74.843,2.0,July 2023 Netravati Estuary Breach,2023-07-15T03:00,0.0,1008.6,4.4,14.0,0.303,0.299,0.352
mangalore_netravati,Mangalore,Karnataka,West Coast (Arabian Sea),12.8615,74.843,2.0,July 2023 Netravati Estuary Breach,2023-07-15T04:00,0.0,1009.2,3.1,19.4,0.3,0.297,0.352
mangalore_netravati,Mangalore,Karnataka,West Coast (Arabian Sea),12.8615,74.843,2.0,July 2023 Netravati Estuary Breach,2023-07-15T05:00,0.6,1009.7,9.9,29.2,0.3,0.295,0.351
mangalore_netravati,Mangalore,Karnataka,West Coast (Arabian Sea),12.8615,74.843,2.0,July 2023 Netravati Estuary Breach,2023-07-15T06:00,0.2,1009.8,8.4,25.9,0.298,0.294,0.35
mangalore_netravati,Mangalore,Karnataka,West Coast (Arabian Sea),12.8615,74.843,2.0,July 2023 Netravati Estuary Breach,2023-07-15T07:00,0.0,1009.0,8.6,28.4,0.294,0.292,0.349
mangalore_netravati,Mangalore,Karnataka,West Coast (Arabian Sea),12.8615,74.843,2.0,July 2023 Netravati Estuary Breach,2023-07-15T08:00,0.0,1008.1,12.0,32.0,0.289,0.29,0.348
mangalore_netravati,Mangalore,Karnataka,West Coast (Arabian Sea),12.8615,74.843,2.0,July 2023 Netravati Estuary Breach,2023-07-15T09:00,0.0,1007.4,11.6,33.1,0.286,0.287,0.347
mangalore_netravati,Mangalore,Karnataka,West Coast (Arabian Sea),12.8615,74.843,2.0,July 2023 Netravati Estuary Breach,2023-07-15T10:00,0.0,1006.5,13.0,31.7,0.282,0.285,0.346
mangalore_netravati,Mangalore,Karnataka,West Coast (Arabian Sea),12.8615,74.843,2.0,July 2023 Netravati Estuary Breach,2023-07-15T11:00,0.0,1006.2,13.3,32.4,0.28,0.284,0.345
mangalore_netravati,Mangalore,Karnataka,West Coast (Arabian Sea),12.8615,74.843,2.0,July 2023 Netravati Estuary Breach,2023-07-15T12:00,0.1,1006.5,14.1,27.7,0.286,0.285,0.345
mangalore_netravati,Mangalore,Karnataka,West Coast (Arabian Sea),12.8615,74.843,2.0,July 2023 Netravati Estuary Breach,2023-07-15T13:00,0.1,1007.0,8.7,32.8,0.285,0.284,0.344
mangalore_netravati,Mangalore,Karnataka,West Coast (Arabian Sea),12.8615,74.843,2.0,July 2023 Netravati Estuary Breach,2023-07-15T14:00,0.1,1007.7,7.9,16.2,0.284,0.283,0.343
mangalore_netravati,Mangalore,Karnataka,West Coast (Arabian Sea),12.8615,74.843,2.0,July 2023 Netravati Estuary Breach,2023-07-15T15:00,0.3,1008.0,7.3,19.8,0.285,0.282,0.342
mangalore_netravati,Mangalore,Karnataka,West Coast (Arabian Sea),12.8615,74.843,2.0,July 2023 Netravati Estuary Breach,2023-07-15T16:00,0.0,1008.6,6.4,13.0,0.284,0.281,0.341
mangalore_netravati,Mangalore,Karnataka,West Coast (Arabian Sea),12.8615,74.843,2.0,July 2023 Netravati Estuary Breach,2023-07-15T17:00,0.0,1008.9,7.7,14.4,0.283,0.28,0.34
mangalore_netravati,Mangalore,Karnataka,West Coast (Arabian Sea),12.8615,74.843,2.0,July 2023 Netravati Estuary Breach,2023-07-15T18:00,0.1,1008.8,6.0,13.3,0.282,0.279,0.339
mangalore_netravati,Mangalore,Karnataka,West Coast (Arabian Sea),12.8615,74.843,2.0,July 2023 Netravati Estuary Breach,2023-07-15T19:00,0.0,1008.1,3.9,10.8,0.281,0.278,0.338
mangalore_netravati,Mangalore,Karnataka,West Coast (Arabian Sea),12.8615,74.843,2.0,July 2023 Netravati Estuary Breach,2023-07-15T20:00,0.1,1007.5,2.4,7.2,0.28,0.278,0.337
mangalore_netravati,Mangalore,Karnataka,West Coast (Arabian Sea),12.8615,74.843,2.0,July 2023 Netravati Estuary Breach,2023-07-15T21:00,0.1,1006.9,1.6,4.3,0.28,0.277,0.336
mangalore_netravati,Mangalore,Karnataka,West Coast (Arabian Sea),12.8615,74.843,2.0,July 2023 Netravati Estuary Breach,2023-07-15T22:00,0.8,1006.7,12.0,19.1,0.287,0.276,0.335
mangalore_netravati,Mangalore,Karnataka,West Coast (Arabian Sea),12.8615,74.843,2.0,July 2023 Netravati Estuary Breach,2023-07-15T23:00,4.0,1006.7,4.8,26.6,0.333,0.278,0.334
mangalore_netravati,Mangalore,Karnataka,West Coast (Arabian Sea),12.8615,74.843,2.0,July 2023 Netravati Estuary Breach,2023-07-16T00:00,0.2,1006.5,4.7,11.2,0.288,0.276,0.333
mangalore_netravati,Mangalore,Karnataka,West Coast (Arabian Sea),12.8615,74.843,2.0,July 2023 Netravati Estuary Breach,2023-07-16T01:00,0.0,1006.7,5.6,9.7,0.286,0.276,0.332
mangalore_netravati,Mangalore,Karnataka,West Coast (Arabian Sea),12.8615,74.843,2.0,July 2023 Netravati Estuary Breach,2023-07-16T02:00,0.0,1007.1,6.9,13.7,0.284,0.276,0.331
mangalore_netravati,Mangalore,Karnataka,West Coast (Arabian Sea),12.8615,74.843,2.0,July 2023 Netravati Estuary Breach,2023-07-16T03:00,0.1,1007.7,3.2,14.4,0.283,0.275,0.33
mangalore_netravati,Mangalore,Karnataka,West Coast (Arabian Sea),12.8615,74.843,2.0,July 2023 Netravati Estuary Breach,2023-07-16T04:00,0.1,1007.8,4.8,19.4,0.281,0.275,0.329
mangalore_netravati,Mangalore,Karnataka,West Coast (Arabian Sea),12.8615,74.843,2.0,July 2023 Netravati Estuary Breach,2023-07-16T05:00,0.0,1008.2,8.8,24.5,0.279,0.274,0.328
mangalore_netravati,Mangalore,Karnataka,West Coast (Arabian Sea),12.8615,74.843,2.0,July 2023 Netravati Estuary Breach,2023-07-16T06:00,1.2,1008.1,9.1,32.4,0.288,0.274,0.327
mangalore_netravati,Mangalore,Karnataka,West Coast (Arabian Sea),12.8615,74.843,2.0,July 2023 Netravati Estuary Breach,2023-07-16T07:00,0.0,1007.6,11.4,26.6,0.283,0.273,0.325
mangalore_netravati,Mangalore,Karnataka,West Coast (Arabian Sea),12.8615,74.843,2.0,July 2023 Netravati Estuary Breach,2023-07-16T08:00,0.0,1006.9,11.8,29.9,0.279,0.272,0.324
mangalore_netravati,Mangalore,Karnataka,West Coast (Arabian Sea),12.8615,74.843,2.0,July 2023 Netravati Estuary Breach,2023-07-16T09:00,0.0,1006.4,12.6,30.6,0.275,0.271,0.323
mangalore_netravati,Mangalore,Karnataka,West Coast (Arabian Sea),12.8615,74.843,2.0,July 2023 Netravati Estuary Breach,2023-07-16T10:00,0.0,1005.7,15.3,31.7,0.272,0.27,0.322
mangalore_netravati,Mangalore,Karnataka,West Coast (Arabian Sea),12.8615,74.843,2.0,July 2023 Netravati Estuary Breach,2023-07-16T11:00,0.1,1005.5,13.9,32.4,0.27,0.27,0.321
mangalore_netravati,Mangalore,Karnataka,West Coast (Arabian Sea),12.8615,74.843,2.0,July 2023 Netravati Estuary Breach,2023-07-16T12:00,0.0,1006.0,13.4,31.0,0.268,0.27,0.319
mangalore_netravati,Mangalore,Karnataka,West Coast (Arabian Sea),12.8615,74.843,2.0,July 2023 Netravati Estuary Breach,2023-07-16T13:00,0.3,1006.3,9.7,29.2,0.27,0.269,0.318
mangalore_netravati,Mangalore,Karnataka,West Coast (Arabian Sea),12.8615,74.843,2.0,July 2023 Netravati Estuary Breach,2023-07-16T14:00,1.6,1007.0,9.0,23.0,0.286,0.269,0.317
mangalore_netravati,Mangalore,Karnataka,West Coast (Arabian Sea),12.8615,74.843,2.0,July 2023 Netravati Estuary Breach,2023-07-16T15:00,0.2,1007.4,5.4,20.2,0.285,0.269,0.316
mangalore_netravati,Mangalore,Karnataka,West Coast (Arabian Sea),12.8615,74.843,2.0,July 2023 Netravati Estuary Breach,2023-07-16T16:00,0.7,1008.0,3.6,11.2,0.291,0.27,0.315
mangalore_netravati,Mangalore,Karnataka,West Coast (Arabian Sea),12.8615,74.843,2.0,July 2023 Netravati Estuary Breach,2023-07-16T17:00,0.4,1008.6,3.3,11.9,0.293,0.27,0.314
mangalore_netravati,Mangalore,Karnataka,West Coast (Arabian Sea),12.8615,74.843,2.0,July 2023 Netravati Estuary Breach,2023-07-16T18:00,1.0,1008.8,2.2,11.9,0.303,0.271,0.313
mangalore_netravati,Mangalore,Karnataka,West Coast (Arabian Sea),12.8615,74.843,2.0,July 2023 Netravati Estuary Breach,2023-07-16T19:00,0.4,1008.1,3.4,7.6,0.302,0.273,0.312
mangalore_netravati,Mangalore,Karnataka,West Coast (Arabian Sea),12.8615,74.843,2.0,July 2023 Netravati Estuary Breach,2023-07-16T20:00,0.1,1007.2,4.6,7.6,0.298,0.274,0.311
mangalore_netravati,Mangalore,Karnataka,West Coast (Arabian Sea),12.8615,74.843,2.0,July 2023 Netravati Estuary Breach,2023-07-16T21:00,0.6,1006.8,5.8,17.3,0.302,0.275,0.31
mangalore_netravati,Mangalore,Karnataka,West Coast (Arabian Sea),12.8615,74.843,2.0,July 2023 Netravati Estuary Breach,2023-07-16T22:00,0.2,1006.3,4.0,15.8,0.299,0.276,0.309
mangalore_netravati,Mangalore,Karnataka,West Coast (Arabian Sea),12.8615,74.843,2.0,July 2023 Netravati Estuary Breach,2023-07-16T23:00,0.1,1006.2,2.1,6.8,0.296,0.277,0.308
mangalore_netravati,Mangalore,Karnataka,West Coast (Arabian Sea),12.8615,74.843,2.0,July 2023 Netravati Estuary Breach,2023-07-17T00:00,0.1,1006.3,1.8,7.2,0.283,0.266,0.307
mangalore_netravati,Mangalore,Karnataka,West Coast (Arabian Sea),12.8615,74.843,2.0,July 2023 Netravati Estuary Breach,2023-07-17T01:00,0.2,1006.4,8.7,15.5,0.284,0.267,0.306
mangalore_netravati,Mangalore,Karnataka,West Coast (Arabian Sea),12.8615,74.843,2.0,July 2023 Netravati Estuary Breach,2023-07-17T02:00,0.0,1007.0,8.4,18.0,0.282,0.267,0.304
mangalore_netravati,Mangalore,Karnataka,West Coast (Arabian Sea),12.8615,74.843,2.0,July 2023 Netravati Estuary Breach,2023-07-17T03:00,0.2,1007.5,5.6,20.9,0.281,0.267,0.303
mangalore_netravati,Mangalore,Karnataka,West Coast (Arabian Sea),12.8615,74.843,2.0,July 2023 Netravati Estuary Breach,2023-07-17T04:00,0.3,1008.1,1.6,14.8,0.281,0.267,0.302
mangalore_netravati,Mangalore,Karnataka,West Coast (Arabian Sea),12.8615,74.843,2.0,July 2023 Netravati Estuary Breach,2023-07-17T05:00,0.6,1008.3,8.6,19.1,0.283,0.268,0.301
mangalore_netravati,Mangalore,Karnataka,West Coast (Arabian Sea),12.8615,74.843,2.0,July 2023 Netravati Estuary Breach,2023-07-17T06:00,0.5,1008.2,11.6,27.4,0.285,0.268,0.3
mangalore_netravati,Mangalore,Karnataka,West Coast (Arabian Sea),12.8615,74.843,2.0,July 2023 Netravati Estuary Breach,2023-07-17T07:00,0.2,1007.5,10.9,32.0,0.283,0.268,0.299
mangalore_netravati,Mangalore,Karnataka,West Coast (Arabian Sea),12.8615,74.843,2.0,July 2023 Netravati Estuary Breach,2023-07-17T08:00,0.1,1007.0,14.3,34.2,0.279,0.268,0.298
mangalore_netravati,Mangalore,Karnataka,West Coast (Arabian Sea),12.8615,74.843,2.0,July 2023 Netravati Estuary Breach,2023-07-17T09:00,0.4,1006.1,11.7,36.0,0.28,0.268,0.297
mangalore_netravati,Mangalore,Karnataka,West Coast (Arabian Sea),12.8615,74.843,2.0,July 2023 Netravati Estuary Breach,2023-07-17T10:00,0.1,1005.4,13.8,28.8,0.277,0.267,0.296
mangalore_netravati,Mangalore,Karnataka,West Coast (Arabian Sea),12.8615,74.843,2.0,July 2023 Netravati Estuary Breach,2023-07-17T11:00,0.4,1005.4,13.2,32.0,0.278,0.267,0.295
mangalore_netravati,Mangalore,Karnataka,West Coast (Arabian Sea),12.8615,74.843,2.0,July 2023 Netravati Estuary Breach,2023-07-17T12:00,0.8,1005.2,12.3,33.1,0.26,0.262,0.294
mangalore_netravati,Mangalore,Karnataka,West Coast (Arabian Sea),12.8615,74.843,2.0,July 2023 Netravati Estuary Breach,2023-07-17T13:00,0.0,1005.3,6.4,23.0,0.259,0.262,0.293
mangalore_netravati,Mangalore,Karnataka,West Coast (Arabian Sea),12.8615,74.843,2.0,July 2023 Netravati Estuary Breach,2023-07-17T14:00,0.1,1006.4,1.8,11.5,0.259,0.261,0.292
mangalore_netravati,Mangalore,Karnataka,West Coast (Arabian Sea),12.8615,74.843,2.0,July 2023 Netravati Estuary Breach,2023-07-17T15:00,0.1,1007.1,5.0,8.6,0.26,0.261,0.291
mangalore_netravati,Mangalore,Karnataka,West Coast (Arabian Sea),12.8615,74.843,2.0,July 2023 Netravati Estuary Breach,2023-07-17T16:00,0.4,1007.9,5.1,14.4,0.263,0.261,0.29
mangalore_netravati,Mangalore,Karnataka,West Coast (Arabian Sea),12.8615,74.843,2.0,July 2023 Netravati Estuary Breach,2023-07-17T17:00,0.2,1008.3,3.8,16.2,0.264,0.261,0.289
mangalore_netravati,Mangalore,Karnataka,West Coast (Arabian Sea),12.8615,74.843,2.0,July 2023 Netravati Estuary Breach,2023-07-17T18:00,1.1,1008.3,1.6,11.9,0.276,0.261,0.288
mangalore_netravati,Mangalore,Karnataka,West Coast (Arabian Sea),12.8615,74.843,2.0,July 2023 Netravati Estuary Breach,2023-07-17T19:00,2.4,1007.9,11.4,23.0,0.307,0.262,0.288
mangalore_netravati,Mangalore,Karnataka,West Coast (Arabian Sea),12.8615,74.843,2.0,July 2023 Netravati Estuary Breach,2023-07-17T20:00,1.1,1007.0,6.8,23.8,0.311,0.265,0.287
mangalore_netravati,Mangalore,Karnataka,West Coast (Arabian Sea),12.8615,74.843,2.0,July 2023 Netravati Estuary Breach,2023-07-17T21:00,0.5,1006.0,2.3,16.6,0.309,0.268,0.286
mangalore_netravati,Mangalore,Karnataka,West Coast (Arabian Sea),12.8615,74.843,2.0,July 2023 Netravati Estuary Breach,2023-07-17T22:00,1.2,1005.9,3.7,16.6,0.316,0.271,0.285
mangalore_netravati,Mangalore,Karnataka,West Coast (Arabian Sea),12.8615,74.843,2.0,July 2023 Netravati Estuary Breach,2023-07-17T23:00,0.4,1005.9,4.5,7.9,0.312,0.274,0.284
mangalore_netravati,Mangalore,Karnataka,West Coast (Arabian Sea),12.8615,74.843,2.0,July 2023 Netravati Estuary Breach,2023-07-18T00:00,0.8,1006.1,6.8,10.8,0.305,0.268,0.283
mangalore_netravati,Mangalore,Karnataka,West Coast (Arabian Sea),12.8615,74.843,2.0,July 2023 Netravati Estuary Breach,2023-07-18T01:00,0.1,1006.9,8.1,21.2,0.3,0.27,0.282
mangalore_netravati,Mangalore,Karnataka,West Coast (Arabian Sea),12.8615,74.843,2.0,July 2023 Netravati Estuary Breach,2023-07-18T02:00,0.2,1007.2,8.0,17.6,0.296,0.271,0.282
mangalore_netravati,Mangalore,Karnataka,West Coast (Arabian Sea),12.8615,74.843,2.0,July 2023 Netravati Estuary Breach,2023-07-18T03:00,0.8,1007.4,12.3,25.6,0.302,0.273,0.281
mangalore_netravati,Mangalore,Karnataka,West Coast (Arabian Sea),12.8615,74.843,2.0,July 2023 Netravati Estuary Breach,2023-07-18T04:00,0.1,1007.7,14.4,32.8,0.297,0.274,0.28
mangalore_netravati,Mangalore,Karnataka,West Coast (Arabian Sea),12.8615,74.843,2.0,July 2023 Netravati Estuary Breach,2023-07-18T05:00,0.1,1007.9,14.8,32.8,0.292,0.274,0.279
mangalore_netravati,Mangalore,Karnataka,West Coast (Arabian Sea),12.8615,74.843,2.0,July 2023 Netravati Estuary Breach,2023-07-18T06:00,0.1,1007.9,19.1,39.6,0.288,0.274,0.278
mangalore_netravati,Mangalore,Karnataka,West Coast (Arabian Sea),12.8615,74.843,2.0,July 2023 Netravati Estuary Breach,2023-07-18T07:00,1.3,1007.7,14.8,40.0,0.294,0.275,0.277
mangalore_netravati,Mangalore,Karnataka,West Coast (Arabian Sea),12.8615,74.843,2.0,July 2023 Netravati Estuary Breach,2023-07-18T08:00,1.0,1007.2,12.5,34.6,0.298,0.276,0.276
mangalore_netravati,Mangalore,Karnataka,West Coast (Arabian Sea),12.8615,74.843,2.0,July 2023 Netravati Estuary Breach,2023-07-18T09:00,1.6,1006.5,13.4,37.8,0.306,0.277,0.275
mangalore_netravati,Mangalore,Karnataka,West Coast (Arabian Sea),12.8615,74.843,2.0,July 2023 Netravati Estuary Breach,2023-07-18T10:00,3.1,1005.8,11.5,35.6,0.331,0.281,0.274
mangalore_netravati,Mangalore,Karnataka,West Coast (Arabian Sea),12.8615,74.843,2.0,July 2023 Netravati Estuary Breach,2023-07-18T11:00,0.5,1005.1,8.2,23.8,0.321,0.286,0.274
mangalore_netravati,Mangalore,Karnataka,West Coast (Arabian Sea),12.8615,74.843,2.0,July 2023 Netravati Estuary Breach,2023-07-18T12:00,0.8,1005.1,6.5,27.0,0.333,0.301,0.274
mangalore_netravati,Mangalore,Karnataka,West Coast (Arabian Sea),12.8615,74.843,2.0,July 2023 Netravati Estuary Breach,2023-07-18T13:00,0.8,1005.2,8.2,22.0,0.327,0.304,0.273
mangalore_netravati,Mangalore,Karnataka,West Coast (Arabian Sea),12.8615,74.843,2.0,July 2023 Netravati Estuary Breach,2023-07-18T14:00,0.8,1006.2,5.5,16.9,0.328,0.306,0.273
mangalore_netravati,Mangalore,Karnataka,West Coast (Arabian Sea),12.8615,74.843,2.0,July 2023 Netravati Estuary Breach,2023-07-18T15:00,0.9,1006.7,8.2,23.4,0.329,0.309,0.272
mangalore_netravati,Mangalore,Karnataka,West Coast (Arabian Sea),12.8615,74.843,2.0,July 2023 Netravati Estuary Breach,2023-07-18T16:00,0.8,1007.2,2.3,24.8,0.33,0.31,0.272
mangalore_netravati,Mangalore,Karnataka,West Coast (Arabian Sea),12.8615,74.843,2.0,July 2023 Netravati Estuary Breach,2023-07-18T17:00,0.3,1007.5,3.5,5.8,0.325,0.312,0.271
mangalore_netravati,Mangalore,Karnataka,West Coast (Arabian Sea),12.8615,74.843,2.0,July 2023 Netravati Estuary Breach,2023-07-18T18:00,2.3,1007.7,2.3,18.7,0.344,0.314,0.271
mangalore_netravati,Mangalore,Karnataka,West Coast (Arabian Sea),12.8615,74.843,2.0,July 2023 Netravati Estuary Breach,2023-07-18T19:00,0.2,1006.6,4.7,13.3,0.333,0.317,0.271
mangalore_netravati,Mangalore,Karnataka,West Coast (Arabian Sea),12.8615,74.843,2.0,July 2023 Netravati Estuary Breach,2023-07-18T20:00,0.3,1005.8,4.1,9.0,0.327,0.318,0.27
mangalore_netravati,Mangalore,Karnataka,West Coast (Arabian Sea),12.8615,74.843,2.0,July 2023 Netravati Estuary Breach,2023-07-18T21:00,0.2,1005.4,3.9,7.9,0.323,0.318,0.27
mangalore_netravati,Mangalore,Karnataka,West Coast (Arabian Sea),12.8615,74.843,2.0,July 2023 Netravati Estuary Breach,2023-07-18T22:00,0.9,1005.0,1.6,12.2,0.33,0.318,0.27
mangalore_netravati,Mangalore,Karnataka,West Coast (Arabian Sea),12.8615,74.843,2.0,July 2023 Netravati Estuary Breach,2023-07-18T23:00,0.9,1004.9,1.1,12.2,0.333,0.319,0.27
mangalore_netravati,Mangalore,Karnataka,West Coast (Arabian Sea),12.8615,74.843,2.0,July 2023 Netravati Estuary Breach,2023-07-19T00:00,1.4,1004.7,10.0,8.6,0.33,0.317,0.271
mangalore_netravati,Mangalore,Karnataka,West Coast (Arabian Sea),12.8615,74.843,2.0,July 2023 Netravati Estuary Breach,2023-07-19T01:00,0.2,1005.0,12.8,28.4,0.324,0.317,0.27
mangalore_netravati,Mangalore,Karnataka,West Coast (Arabian Sea),12.8615,74.843,2.0,July 2023 Netravati Estuary Breach,2023-07-19T02:00,0.3,1005.4,12.3,28.1,0.321,0.317,0.27
mangalore_netravati,Mangalore,Karnataka,West Coast (Arabian Sea),12.8615,74.843,2.0,July 2023 Netravati Estuary Breach,2023-07-19T03:00,1.0,1005.9,12.2,29.9,0.328,0.317,0.27
mangalore_netravati,Mangalore,Karnataka,West Coast (Arabian Sea),12.8615,74.843,2.0,July 2023 Netravati Estuary Breach,2023-07-19T04:00,0.3,1006.5,17.5,37.1,0.323,0.317,0.27
mangalore_netravati,Mangalore,Karnataka,West Coast (Arabian Sea),12.8615,74.843,2.0,July 2023 Netravati Estuary Breach,2023-07-19T05:00,0.8,1006.9,16.5,41.8,0.323,0.317,0.27
mangalore_netravati,Mangalore,Karnataka,West Coast (Arabian Sea),12.8615,74.843,2.0,July 2023 Netravati Estuary Breach,2023-07-19T06:00,0.2,1006.6,13.5,36.4,0.319,0.317,0.269
mangalore_netravati,Mangalore,Karnataka,West Coast (Arabian Sea),12.8615,74.843,2.0,July 2023 Netravati Estuary Breach,2023-07-19T07:00,2.6,1006.2,14.8,45.7,0.336,0.319,0.269
mangalore_netravati,Mangalore,Karnataka,West Coast (Arabian Sea),12.8615,74.843,2.0,July 2023 Netravati Estuary Breach,2023-07-19T08:00,2.3,1005.9,16.6,45.0,0.344,0.321,0.269
mangalore_netravati,Mangalore,Karnataka,West Coast (Arabian Sea),12.8615,74.843,2.0,July 2023 Netravati Estuary Breach,2023-07-19T09:00,0.9,1005.1,16.8,39.2,0.337,0.323,0.269
mangalore_netravati,Mangalore,Karnataka,West Coast (Arabian Sea),12.8615,74.843,2.0,July 2023 Netravati Estuary Breach,2023-07-19T10:00,1.1,1004.5,12.7,43.2,0.335,0.324,0.269
mangalore_netravati,Mangalore,Karnataka,West Coast (Arabian Sea),12.8615,74.843,2.0,July 2023 Netravati Estuary Breach,2023-07-19T11:00,1.2,1004.4,15.8,37.4,0.336,0.325,0.269
mangalore_netravati,Mangalore,Karnataka,West Coast (Arabian Sea),12.8615,74.843,2.0,July 2023 Netravati Estuary Breach,2023-07-19T12:00,1.2,1003.8,12.5,39.6,0.328,0.334,0.272
mangalore_netravati,Mangalore,Karnataka,West Coast (Arabian Sea),12.8615,74.843,2.0,July 2023 Netravati Estuary Breach,2023-07-19T13:00,0.0,1004.0,14.6,28.1,0.322,0.332,0.272
mangalore_netravati,Mangalore,Karnataka,West Coast (Arabian Sea),12.8615,74.843,2.0,July 2023 Netravati Estuary Breach,2023-07-19T14:00,0.0,1004.5,16.9,29.5,0.318,0.33,0.272
mangalore_netravati,Mangalore,Karnataka,West Coast (Arabian Sea),12.8615,74.843,2.0,July 2023 Netravati Estuary Breach,2023-07-19T15:00,0.6,1005.1,8.1,31.7,0.319,0.328,0.272
mangalore_netravati,Mangalore,Karnataka,West Coast (Arabian Sea),12.8615,74.843,2.0,July 2023 Netravati Estuary Breach,2023-07-19T16:00,1.1,1005.6,6.2,21.6,0.326,0.326,0.272
mangalore_netravati,Mangalore,Karnataka,West Coast (Arabian Sea),12.8615,74.843,2.0,July 2023 Netravati Estuary Breach,2023-07-19T17:00,0.3,1006.0,4.0,20.9,0.324,0.325,0.272
mangalore_netravati,Mangalore,Karnataka,West Coast (Arabian Sea),12.8615,74.843,2.0,July 2023 Netravati Estuary Breach,2023-07-19T18:00,1.0,1006.1,3.2,17.6,0.331,0.325,0.272
mangalore_netravati,Mangalore,Karnataka,West Coast (Arabian Sea),12.8615,74.843,2.0,July 2023 Netravati Estuary Breach,2023-07-19T19:00,0.5,1005.7,1.4,14.0,0.33,0.325,0.272
mangalore_netravati,Mangalore,Karnataka,West Coast (Arabian Sea),12.8615,74.843,2.0,July 2023 Netravati Estuary Breach,2023-07-19T20:00,0.9,1005.2,5.4,18.7,0.334,0.325,0.272
mangalore_netravati,Mangalore,Karnataka,West Coast (Arabian Sea),12.8615,74.843,2.0,July 2023 Netravati Estuary Breach,2023-07-19T21:00,0.8,1004.6,1.6,20.9,0.335,0.325,0.272
mangalore_netravati,Mangalore,Karnataka,West Coast (Arabian Sea),12.8615,74.843,2.0,July 2023 Netravati Estuary Breach,2023-07-19T22:00,0.7,1004.3,4.0,6.1,0.334,0.326,0.272
mangalore_netravati,Mangalore,Karnataka,West Coast (Arabian Sea),12.8615,74.843,2.0,July 2023 Netravati Estuary Breach,2023-07-19T23:00,0.4,1004.3,2.2,20.5,0.331,0.326,0.273
mangalore_netravati,Mangalore,Karnataka,West Coast (Arabian Sea),12.8615,74.843,2.0,July 2023 Netravati Estuary Breach,2023-07-20T00:00,3.7,1004.4,16.6,25.6,0.337,0.33,0.275
mangalore_netravati,Mangalore,Karnataka,West Coast (Arabian Sea),12.8615,74.843,2.0,July 2023 Netravati Estuary Breach,2023-07-20T01:00,0.4,1004.5,13.0,34.9,0.332,0.33,0.275
mangalore_netravati,Mangalore,Karnataka,West Coast (Arabian Sea),12.8615,74.843,2.0,July 2023 Netravati Estuary Breach,2023-07-20T02:00,1.3,1005.4,15.3,36.7,0.34,0.329,0.275
mangalore_netravati,Mangalore,Karnataka,West Coast (Arabian Sea),12.8615,74.843,2.0,July 2023 Netravati Estuary Breach,2023-07-20T03:00,0.9,1006.4,18.7,43.6,0.34,0.33,0.275
mangalore_netravati,Mangalore,Karnataka,West Coast (Arabian Sea),12.8615,74.843,2.0,July 2023 Netravati Estuary Breach,2023-07-20T04:00,0.4,1006.6,24.4,45.0,0.333,0.329,0.275
mangalore_netravati,Mangalore,Karnataka,West Coast (Arabian Sea),12.8615,74.843,2.0,July 2023 Netravati Estuary Breach,2023-07-20T05:00,3.9,1006.7,24.4,49.3,0.365,0.331,0.276
mangalore_netravati,Mangalore,Karnataka,West Coast (Arabian Sea),12.8615,74.843,2.0,July 2023 Netravati Estuary Breach,2023-07-20T06:00,2.8,1006.4,17.3,48.2,0.351,0.343,0.276
mangalore_netravati,Mangalore,Karnataka,West Coast (Arabian Sea),12.8615,74.843,2.0,July 2023 Netravati Estuary Breach,2023-07-20T07:00,0.9,1005.8,17.4,48.6,0.344,0.342,0.277
mangalore_netravati,Mangalore,Karnataka,West Coast (Arabian Sea),12.8615,74.843,2.0,July 2023 Netravati Estuary Breach,2023-07-20T08:00,1.0,1005.3,21.3,53.3,0.342,0.34,0.277
mangalore_netravati,Mangalore,Karnataka,West Coast (Arabian Sea),12.8615,74.843,2.0,July 2023 Netravati Estuary Breach,2023-07-20T09:00,0.4,1004.7,21.2,58.0,0.334,0.338,0.278
mangalore_netravati,Mangalore,Karnataka,West Coast (Arabian Sea),12.8615,74.843,2.0,July 2023 Netravati Estuary Breach,2023-07-20T10:00,0.4,1004.1,21.7,52.2,0.329,0.335,0.278
mangalore_netravati,Mangalore,Karnataka,West Coast (Arabian Sea),12.8615,74.843,2.0,July 2023 Netravati Estuary Breach,2023-07-20T11:00,0.2,1003.9,22.7,44.6,0.324,0.333,0.278
mangalore_netravati,Mangalore,Karnataka,West Coast (Arabian Sea),12.8615,74.843,2.0,July 2023 Netravati Estuary Breach,2023-07-20T12:00,0.8,1004.3,19.6,46.4,0.306,0.321,0.277
mangalore_netravati,Mangalore,Karnataka,West Coast (Arabian Sea),12.8615,74.843,2.0,July 2023 Netravati Estuary Breach,2023-07-20T13:00,0.0,1004.4,16.0,35.3,0.304,0.319,0.277
mangalore_netravati,Mangalore,Karnataka,West Coast (Arabian Sea),12.8615,74.843,2.0,July 2023 Netravati Estuary Breach,2023-07-20T14:00,0.2,1005.0,14.8,30.2,0.303,0.317,0.277
mangalore_netravati,Mangalore,Karnataka,West Coast (Arabian Sea),12.8615,74.843,2.0,July 2023 Netravati Estuary Breach,2023-07-20T15:00,1.3,1006.1,14.0,32.8,0.314,0.316,0.276
mangalore_netravati,Mangalore,Karnataka,West Coast (Arabian Sea),12.8615,74.843,2.0,July 2023 Netravati Estuary Breach,2023-07-20T16:00,0.4,1006.5,9.7,28.1,0.315,0.316,0.276
mangalore_netravati,Mangalore,Karnataka,West Coast (Arabian Sea),12.8615,74.843,2.0,July 2023 Netravati Estuary Breach,2023-07-20T17:00,0.6,1007.4,5.9,24.5,0.318,0.315,0.276
mangalore_netravati,Mangalore,Karnataka,West Coast (Arabian Sea),12.8615,74.843,2.0,July 2023 Netravati Estuary Breach,2023-07-20T18:00,0.0,1007.3,6.7,17.6,0.315,0.315,0.276
mangalore_netravati,Mangalore,Karnataka,West Coast (Arabian Sea),12.8615,74.843,2.0,July 2023 Netravati Estuary Breach,2023-07-20T19:00,0.2,1006.5,6.6,19.4,0.314,0.314,0.275
mangalore_netravati,Mangalore,Karnataka,West Coast (Arabian Sea),12.8615,74.843,2.0,July 2023 Netravati Estuary Breach,2023-07-20T20:00,0.1,1005.9,6.8,19.8,0.311,0.314,0.275
mangalore_netravati,Mangalore,Karnataka,West Coast (Arabian Sea),12.8615,74.843,2.0,July 2023 Netravati Estuary Breach,2023-07-20T21:00,0.2,1005.3,2.6,21.6,0.31,0.313,0.275
mangalore_netravati,Mangalore,Karnataka,West Coast (Arabian Sea),12.8615,74.843,2.0,July 2023 Netravati Estuary Breach,2023-07-20T22:00,0.2,1005.3,11.2,28.8,0.309,0.312,0.275
mangalore_netravati,Mangalore,Karnataka,West Coast (Arabian Sea),12.8615,74.843,2.0,July 2023 Netravati Estuary Breach,2023-07-20T23:00,0.3,1005.2,1.6,28.8,0.31,0.312,0.274
mangalore_netravati,Mangalore,Karnataka,West Coast (Arabian Sea),12.8615,74.843,2.0,July 2023 Netravati Estuary Breach,2023-07-21T00:00,0.5,1005.2,15.9,12.6,0.338,0.322,0.275
mangalore_netravati,Mangalore,Karnataka,West Coast (Arabian Sea),12.8615,74.843,2.0,July 2023 Netravati Estuary Breach,2023-07-21T01:00,0.3,1005.2,17.7,33.1,0.331,0.323,0.275
mangalore_netravati,Mangalore,Karnataka,West Coast (Arabian Sea),12.8615,74.843,2.0,July 2023 Netravati Estuary Breach,2023-07-21T02:00,0.0,1005.6,13.9,31.0,0.324,0.323,0.275
mangalore_netravati,Mangalore,Karnataka,West Coast (Arabian Sea),12.8615,74.843,2.0,July 2023 Netravati Estuary Breach,2023-07-21T03:00,0.1,1005.7,15.8,32.4,0.32,0.322,0.275
mangalore_netravati,Mangalore,Karnataka,West Coast (Arabian Sea),12.8615,74.843,2.0,July 2023 Netravati Estuary Breach,2023-07-21T04:00,1.9,1006.8,20.4,45.7,0.334,0.321,0.275
mangalore_netravati,Mangalore,Karnataka,West Coast (Arabian Sea),12.8615,74.843,2.0,July 2023 Netravati Estuary Breach,2023-07-21T05:00,2.0,1007.5,20.8,45.4,0.344,0.323,0.275
mangalore_netravati,Mangalore,Karnataka,West Coast (Arabian Sea),12.8615,74.843,2.0,July 2023 Netravati Estuary Breach,2023-07-21T06:00,1.7,1007.3,15.2,44.6,0.342,0.327,0.275
mangalore_netravati,Mangalore,Karnataka,West Coast (Arabian Sea),12.8615,74.843,2.0,July 2023 Netravati Estuary Breach,2023-07-21T07:00,1.3,1007.1,22.2,46.8,0.342,0.328,0.275
mangalore_netravati,Mangalore,Karnataka,West Coast (Arabian Sea),12.8615,74.843,2.0,July 2023 Netravati Estuary Breach,2023-07-21T08:00,0.3,1006.4,15.6,42.8,0.333,0.328,0.275
mangalore_netravati,Mangalore,Karnataka,West Coast (Arabian Sea),12.8615,74.843,2.0,July 2023 Netravati Estuary Breach,2023-07-21T09:00,0.3,1005.8,21.3,47.2,0.326,0.327,0.275
mangalore_netravati,Mangalore,Karnataka,West Coast (Arabian Sea),12.8615,74.843,2.0,July 2023 Netravati Estuary Breach,2023-07-21T10:00,6.1,1005.9,20.4,54.7,0.367,0.335,0.275
mangalore_netravati,Mangalore,Karnataka,West Coast (Arabian Sea),12.8615,74.843,2.0,July 2023 Netravati Estuary Breach,2023-07-21T11:00,0.6,1005.5,16.4,39.6,0.348,0.339,0.276
mangalore_netravati,Mangalore,Karnataka,West Coast (Arabian Sea),12.8615,74.843,2.0,July 2023 Netravati Estuary Breach,2023-07-21T12:00,0.1,1005.5,15.9,38.5,0.352,0.353,0.282
mangalore_netravati,Mangalore,Karnataka,West Coast (Arabian Sea),12.8615,74.843,2.0,July 2023 Netravati Estuary Breach,2023-07-21T13:00,0.3,1006.1,14.0,37.1,0.343,0.35,0.283
mangalore_netravati,Mangalore,Karnataka,West Coast (Arabian Sea),12.8615,74.843,2.0,July 2023 Netravati Estuary Breach,2023-07-21T14:00,0.3,1006.6,13.6,30.2,0.337,0.347,0.284
mangalore_netravati,Mangalore,Karnataka,West Coast (Arabian Sea),12.8615,74.843,2.0,July 2023 Netravati Estuary Breach,2023-07-21T15:00,0.6,1007.4,10.0,31.0,0.335,0.344,0.285
mangalore_netravati,Mangalore,Karnataka,West Coast (Arabian Sea),12.8615,74.843,2.0,July 2023 Netravati Estuary Breach,2023-07-21T16:00,1.2,1008.2,7.0,23.8,0.343,0.341,0.286
mangalore_netravati,Mangalore,Karnataka,West Coast (Arabian Sea),12.8615,74.843,2.0,July 2023 Netravati Estuary Breach,2023-07-21T17:00,0.5,1008.8,4.8,19.8,0.34,0.34,0.287
mangalore_netravati,Mangalore,Karnataka,West Coast (Arabian Sea),12.8615,74.843,2.0,July 2023 Netravati Estuary Breach,2023-07-21T18:00,1.9,1008.9,9.4,17.6,0.351,0.34,0.287
mangalore_netravati,Mangalore,Karnataka,West Coast (Arabian Sea),12.8615,74.843,2.0,July 2023 Netravati Estuary Breach,2023-07-21T19:00,2.5,1008.5,10.5,28.1,0.365,0.342,0.288
mangalore_netravati,Mangalore,Karnataka,West Coast (Arabian Sea),12.8615,74.843,2.0,July 2023 Netravati Estuary Breach,2023-07-21T20:00,1.4,1007.8,9.2,23.8,0.358,0.346,0.289
mangalore_netravati,Mangalore,Karnataka,West Coast (Arabian Sea),12.8615,74.843,2.0,July 2023 Netravati Estuary Breach,2023-07-21T21:00,1.9,1007.1,5.2,27.4,0.359,0.349,0.29
mangalore_netravati,Mangalore,Karnataka,West Coast (Arabian Sea),12.8615,74.843,2.0,July 2023 Netravati Estuary Breach,2023-07-21T22:00,1.9,1007.2,6.8,20.2,0.362,0.35,0.291
mangalore_netravati,Mangalore,Karnataka,West Coast (Arabian Sea),12.8615,74.843,2.0,July 2023 Netravati Estuary Breach,2023-07-21T23:00,3.0,1007.0,13.1,23.8,0.368,0.355,0.292
mangalore_netravati,Mangalore,Karnataka,West Coast (Arabian Sea),12.8615,74.843,2.0,July 2023 Netravati Estuary Breach,2023-07-22T00:00,3.2,1007.3,19.8,37.1,0.372,0.363,0.309
mangalore_netravati,Mangalore,Karnataka,West Coast (Arabian Sea),12.8615,74.843,2.0,July 2023 Netravati Estuary Breach,2023-07-22T01:00,1.5,1007.5,10.8,41.0,0.362,0.363,0.311
mangalore_netravati,Mangalore,Karnataka,West Coast (Arabian Sea),12.8615,74.843,2.0,July 2023 Netravati Estuary Breach,2023-07-22T02:00,0.9,1007.6,13.2,38.2,0.355,0.36,0.313
mangalore_netravati,Mangalore,Karnataka,West Coast (Arabian Sea),12.8615,74.843,2.0,July 2023 Netravati Estuary Breach,2023-07-22T03:00,3.0,1008.8,19.1,47.5,0.367,0.361,0.315
mangalore_netravati,Mangalore,Karnataka,West Coast (Arabian Sea),12.8615,74.843,2.0,July 2023 Netravati Estuary Breach,2023-07-22T04:00,2.0,1009.0,17.9,47.9,0.366,0.36,0.316
mangalore_netravati,Mangalore,Karnataka,West Coast (Arabian Sea),12.8615,74.843,2.0,July 2023 Netravati Estuary Breach,2023-07-22T05:00,0.7,1008.7,14.4,42.8,0.353,0.359,0.318
mangalore_netravati,Mangalore,Karnataka,West Coast (Arabian Sea),12.8615,74.843,2.0,July 2023 Netravati Estuary Breach,2023-07-22T06:00,4.5,1009.2,23.2,56.5,0.374,0.362,0.319
mangalore_netravati,Mangalore,Karnataka,West Coast (Arabian Sea),12.8615,74.843,2.0,July 2023 Netravati Estuary Breach,2023-07-22T07:00,0.2,1008.2,14.4,42.1,0.353,0.361,0.321
mangalore_netravati,Mangalore,Karnataka,West Coast (Arabian Sea),12.8615,74.843,2.0,July 2023 Netravati Estuary Breach,2023-07-22T08:00,0.9,1007.9,22.0,48.6,0.35,0.357,0.322
mangalore_netravati,Mangalore,Karnataka,West Coast (Arabian Sea),12.8615,74.843,2.0,July 2023 Netravati Estuary Breach,2023-07-22T09:00,3.8,1007.0,18.7,56.2,0.361,0.361,0.324
mangalore_netravati,Mangalore,Karnataka,West Coast (Arabian Sea),12.8615,74.843,2.0,July 2023 Netravati Estuary Breach,2023-07-22T10:00,1.7,1006.6,13.8,43.6,0.363,0.359,0.325
mangalore_netravati,Mangalore,Karnataka,West Coast (Arabian Sea),12.8615,74.843,2.0,July 2023 Netravati Estuary Breach,2023-07-22T11:00,0.2,1006.7,16.5,38.5,0.349,0.357,0.327
mangalore_netravati,Mangalore,Karnataka,West Coast (Arabian Sea),12.8615,74.843,2.0,July 2023 Netravati Estuary Breach,2023-07-22T12:00,1.5,1006.8,13.5,39.2,0.353,0.353,0.327
mangalore_netravati,Mangalore,Karnataka,West Coast (Arabian Sea),12.8615,74.843,2.0,July 2023 Netravati Estuary Breach,2023-07-22T13:00,2.5,1006.8,13.1,33.8,0.363,0.355,0.328
mangalore_netravati,Mangalore,Karnataka,West Coast (Arabian Sea),12.8615,74.843,2.0,July 2023 Netravati Estuary Breach,2023-07-22T14:00,0.9,1007.2,14.8,36.0,0.355,0.355,0.329
mangalore_netravati,Mangalore,Karnataka,West Coast (Arabian Sea),12.8615,74.843,2.0,July 2023 Netravati Estuary Breach,2023-07-22T15:00,2.7,1008.3,17.3,38.9,0.368,0.357,0.33
mangalore_netravati,Mangalore,Karnataka,West Coast (Arabian Sea),12.8615,74.843,2.0,July 2023 Netravati Estuary Breach,2023-07-22T16:00,3.5,1008.7,17.3,38.5,0.373,0.363,0.331
mangalore_netravati,Mangalore,Karnataka,West Coast (Arabian Sea),12.8615,74.843,2.0,July 2023 Netravati Estuary Breach,2023-07-22T17:00,2.0,1008.9,10.8,42.5,0.367,0.365,0.333
mangalore_netravati,Mangalore,Karnataka,West Coast (Arabian Sea),12.8615,74.843,2.0,July 2023 Netravati Estuary Breach,2023-07-22T18:00,2.7,1009.5,4.0,26.3,0.373,0.366,0.335
mangalore_netravati,Mangalore,Karnataka,West Coast (Arabian Sea),12.8615,74.843,2.0,July 2023 Netravati Estuary Breach,2023-07-22T19:00,2.3,1008.5,13.4,20.9,0.371,0.367,0.337
mangalore_netravati,Mangalore,Karnataka,West Coast (Arabian Sea),12.8615,74.843,2.0,July 2023 Netravati Estuary Breach,2023-07-22T20:00,1.3,1007.7,9.9,35.3,0.362,0.366,0.339
mangalore_netravati,Mangalore,Karnataka,West Coast (Arabian Sea),12.8615,74.843,2.0,July 2023 Netravati Estuary Breach,2023-07-22T21:00,2.3,1007.1,14.6,34.2,0.369,0.365,0.341
mangalore_netravati,Mangalore,Karnataka,West Coast (Arabian Sea),12.8615,74.843,2.0,July 2023 Netravati Estuary Breach,2023-07-22T22:00,1.6,1006.7,11.8,33.5,0.367,0.364,0.342
mangalore_netravati,Mangalore,Karnataka,West Coast (Arabian Sea),12.8615,74.843,2.0,July 2023 Netravati Estuary Breach,2023-07-22T23:00,2.0,1007.0,13.4,31.3,0.372,0.364,0.344
mangalore_netravati,Mangalore,Karnataka,West Coast (Arabian Sea),12.8615,74.843,2.0,July 2023 Netravati Estuary Breach,2023-07-23T00:00,1.5,1007.2,11.9,33.5,0.372,0.363,0.338
mangalore_netravati,Mangalore,Karnataka,West Coast (Arabian Sea),12.8615,74.843,2.0,July 2023 Netravati Estuary Breach,2023-07-23T01:00,0.7,1007.2,15.1,33.1,0.36,0.362,0.34
mangalore_netravati,Mangalore,Karnataka,West Coast (Arabian Sea),12.8615,74.843,2.0,July 2023 Netravati Estuary Breach,2023-07-23T02:00,3.3,1007.8,15.1,43.6,0.37,0.365,0.341
mangalore_netravati,Mangalore,Karnataka,West Coast (Arabian Sea),12.8615,74.843,2.0,July 2023 Netravati Estuary Breach,2023-07-23T03:00,1.0,1008.2,14.5,37.1,0.359,0.364,0.343
mangalore_netravati,Mangalore,Karnataka,West Coast (Arabian Sea),12.8615,74.843,2.0,July 2023 Netravati Estuary Breach,2023-07-23T04:00,7.0,1008.9,24.3,49.0,0.389,0.376,0.345
mangalore_netravati,Mangalore,Karnataka,West Coast (Arabian Sea),12.8615,74.843,2.0,July 2023 Netravati Estuary Breach,2023-07-23T05:00,1.0,1009.2,18.4,49.0,0.362,0.374,0.348
mangalore_netravati,Mangalore,Karnataka,West Coast (Arabian Sea),12.8615,74.843,2.0,July 2023 Netravati Estuary Breach,2023-07-23T06:00,4.0,1009.3,23.4,49.0,0.382,0.373,0.35
mangalore_netravati,Mangalore,Karnataka,West Coast (Arabian Sea),12.8615,74.843,2.0,July 2023 Netravati Estuary Breach,2023-07-23T07:00,3.0,1008.8,20.2,50.8,0.376,0.375,0.352
mangalore_netravati,Mangalore,Karnataka,West Coast (Arabian Sea),12.8615,74.843,2.0,July 2023 Netravati Estuary Breach,2023-07-23T08:00,1.1,1007.4,17.3,45.4,0.36,0.372,0.354
mangalore_netravati,Mangalore,Karnataka,West Coast (Arabian Sea),12.8615,74.843,2.0,July 2023 Netravati Estuary Breach,2023-07-23T09:00,1.2,1006.9,16.9,49.3,0.354,0.368,0.356
mangalore_netravati,Mangalore,Karnataka,West Coast (Arabian Sea),12.8615,74.843,2.0,July 2023 Netravati Estuary Breach,2023-07-23T10:00,3.5,1006.6,16.8,48.6,0.37,0.368,0.357
mangalore_netravati,Mangalore,Karnataka,West Coast (Arabian Sea),12.8615,74.843,2.0,July 2023 Netravati Estuary Breach,2023-07-23T11:00,1.2,1006.2,14.0,41.0,0.36,0.367,0.358
mangalore_netravati,Mangalore,Karnataka,West Coast (Arabian Sea),12.8615,74.843,2.0,July 2023 Netravati Estuary Breach,2023-07-23T12:00,2.5,1006.6,17.1,41.0,0.381,0.378,0.37
mangalore_netravati,Mangalore,Karnataka,West Coast (Arabian Sea),12.8615,74.843,2.0,July 2023 Netravati Estuary Breach,2023-07-23T13:00,0.9,1006.8,6.1,40.7,0.363,0.375,0.37
mangalore_netravati,Mangalore,Karnataka,West Coast (Arabian Sea),12.8615,74.843,2.0,July 2023 Netravati Estuary Breach,2023-07-23T14:00,3.9,1007.7,6.9,32.0,0.377,0.377,0.371
mangalore_netravati,Mangalore,Karnataka,West Coast (Arabian Sea),12.8615,74.843,2.0,July 2023 Netravati Estuary Breach,2023-07-23T15:00,1.7,1008.0,3.1,21.6,0.368,0.376,0.372
mangalore_netravati,Mangalore,Karnataka,West Coast (Arabian Sea),12.8615,74.843,2.0,July 2023 Netravati Estuary Breach,2023-07-23T16:00,0.5,1008.4,6.3,18.0,0.355,0.372,0.372
mangalore_netravati,Mangalore,Karnataka,West Coast (Arabian Sea),12.8615,74.843,2.0,July 2023 Netravati Estuary Breach,2023-07-23T17:00,1.5,1008.8,6.8,32.4,0.355,0.369,0.371
mangalore_netravati,Mangalore,Karnataka,West Coast (Arabian Sea),12.8615,74.843,2.0,July 2023 Netravati Estuary Breach,2023-07-23T18:00,3.2,1009.2,12.3,27.0,0.377,0.367,0.371
mangalore_netravati,Mangalore,Karnataka,West Coast (Arabian Sea),12.8615,74.843,2.0,July 2023 Netravati Estuary Breach,2023-07-23T19:00,3.4,1008.1,13.8,30.2,0.389,0.369,0.371
mangalore_netravati,Mangalore,Karnataka,West Coast (Arabian Sea),12.8615,74.843,2.0,July 2023 Netravati Estuary Breach,2023-07-23T20:00,1.1,1007.7,8.7,32.8,0.364,0.372,0.371
mangalore_netravati,Mangalore,Karnataka,West Coast (Arabian Sea),12.8615,74.843,2.0,July 2023 Netravati Estuary Breach,2023-07-23T21:00,2.6,1006.7,9.3,25.6,0.377,0.37,0.371
mangalore_netravati,Mangalore,Karnataka,West Coast (Arabian Sea),12.8615,74.843,2.0,July 2023 Netravati Estuary Breach,2023-07-23T22:00,6.2,1006.3,13.0,32.4,0.377,0.382,0.372
mangalore_netravati,Mangalore,Karnataka,West Coast (Arabian Sea),12.8615,74.843,2.0,July 2023 Netravati Estuary Breach,2023-07-23T23:00,0.3,1006.1,7.4,31.7,0.356,0.376,0.373
mangalore_netravati,Mangalore,Karnataka,West Coast (Arabian Sea),12.8615,74.843,2.0,July 2023 Netravati Estuary Breach,2023-07-24T00:00,0.5,1005.9,15.2,22.7,0.343,0.354,0.37
mangalore_netravati,Mangalore,Karnataka,West Coast (Arabian Sea),12.8615,74.843,2.0,July 2023 Netravati Estuary Breach,2023-07-24T01:00,1.0,1006.7,12.3,38.9,0.345,0.35,0.37
mangalore_netravati,Mangalore,Karnataka,West Coast (Arabian Sea),12.8615,74.843,2.0,July 2023 Netravati Estuary Breach,2023-07-24T02:00,0.2,1007.3,10.0,30.2,0.338,0.346,0.369
mangalore_netravati,Mangalore,Karnataka,West Coast (Arabian Sea),12.8615,74.843,2.0,July 2023 Netravati Estuary Breach,2023-07-24T03:00,6.5,1007.8,16.6,36.7,0.4,0.348,0.369
mangalore_netravati,Mangalore,Karnataka,West Coast (Arabian Sea),12.8615,74.843,2.0,July 2023 Netravati Estuary Breach,2023-07-24T04:00,4.2,1008.2,17.3,42.1,0.373,0.367,0.369
mangalore_netravati,Mangalore,Karnataka,West Coast (Arabian Sea),12.8615,74.843,2.0,July 2023 Netravati Estuary Breach,2023-07-24T05:00,0.8,1008.2,14.9,41.4,0.356,0.367,0.368
mangalore_netravati,Mangalore,Karnataka,West Coast (Arabian Sea),12.8615,74.843,2.0,July 2023 Netravati Estuary Breach,2023-07-24T06:00,5.2,1007.8,23.1,51.5,0.384,0.371,0.368
mangalore_netravati,Mangalore,Karnataka,West Coast (Arabian Sea),12.8615,74.843,2.0,July 2023 Netravati Estuary Breach,2023-07-24T07:00,1.6,1007.0,17.8,49.7,0.362,0.373,0.369
mangalore_netravati,Mangalore,Karnataka,West Coast (Arabian Sea),12.8615,74.843,2.0,July 2023 Netravati Estuary Breach,2023-07-24T08:00,2.1,1006.9,23.2,51.1,0.367,0.369,0.369
mangalore_netravati,Mangalore,Karnataka,West Coast (Arabian Sea),12.8615,74.843,2.0,July 2023 Netravati Estuary Breach,2023-07-24T09:00,2.1,1006.2,15.3,51.5,0.361,0.371,0.369
mangalore_netravati,Mangalore,Karnataka,West Coast (Arabian Sea),12.8615,74.843,2.0,July 2023 Netravati Estuary Breach,2023-07-24T10:00,2.3,1005.7,18.2,45.4,0.366,0.369,0.369
mangalore_netravati,Mangalore,Karnataka,West Coast (Arabian Sea),12.8615,74.843,2.0,July 2023 Netravati Estuary Breach,2023-07-24T11:00,0.8,1005.2,17.8,46.1,0.354,0.367,0.369
mangalore_netravati,Mangalore,Karnataka,West Coast (Arabian Sea),12.8615,74.843,2.0,July 2023 Netravati Estuary Breach,2023-07-24T12:00,2.4,1005.4,14.3,41.0,0.379,0.371,0.367
mangalore_netravati,Mangalore,Karnataka,West Coast (Arabian Sea),12.8615,74.843,2.0,July 2023 Netravati Estuary Breach,2023-07-24T13:00,1.2,1005.7,14.1,34.6,0.366,0.371,0.367
mangalore_netravati,Mangalore,Karnataka,West Coast (Arabian Sea),12.8615,74.843,2.0,July 2023 Netravati Estuary Breach,2023-07-24T14:00,4.1,1006.9,12.4,35.3,0.373,0.376,0.368
mangalore_netravati,Mangalore,Karnataka,West Coast (Arabian Sea),12.8615,74.843,2.0,July 2023 Netravati Estuary Breach,2023-07-24T15:00,2.5,1007.5,12.5,33.1,0.374,0.375,0.369
mangalore_netravati,Mangalore,Karnataka,West Coast (Arabian Sea),12.8615,74.843,2.0,July 2023 Netravati Estuary Breach,2023-07-24T16:00,1.2,1007.7,5.2,29.5,0.362,0.373,0.369
mangalore_netravati,Mangalore,Karnataka,West Coast (Arabian Sea),12.8615,74.843,2.0,July 2023 Netravati Estuary Breach,2023-07-24T17:00,2.0,1008.6,8.4,23.4,0.368,0.371,0.37
mangalore_netravati,Mangalore,Karnataka,West Coast (Arabian Sea),12.8615,74.843,2.0,July 2023 Netravati Estuary Breach,2023-07-24T18:00,3.0,1008.5,10.4,24.5,0.379,0.372,0.37
mangalore_netravati,Mangalore,Karnataka,West Coast (Arabian Sea),12.8615,74.843,2.0,July 2023 Netravati Estuary Breach,2023-07-24T19:00,1.7,1007.5,4.7,25.2,0.368,0.373,0.37
mangalore_netravati,Mangalore,Karnataka,West Coast (Arabian Sea),12.8615,74.843,2.0,July 2023 Netravati Estuary Breach,2023-07-24T20:00,1.6,1007.1,4.8,18.0,0.366,0.371,0.37
mangalore_netravati,Mangalore,Karnataka,West Coast (Arabian Sea),12.8615,74.843,2.0,July 2023 Netravati Estuary Breach,2023-07-24T21:00,2.5,1006.6,1.8,18.7,0.371,0.371,0.37
mangalore_netravati,Mangalore,Karnataka,West Coast (Arabian Sea),12.8615,74.843,2.0,July 2023 Netravati Estuary Breach,2023-07-24T22:00,2.8,1006.7,8.9,23.0,0.375,0.373,0.37
mangalore_netravati,Mangalore,Karnataka,West Coast (Arabian Sea),12.8615,74.843,2.0,July 2023 Netravati Estuary Breach,2023-07-24T23:00,0.6,1006.3,4.2,23.0,0.359,0.371,0.371
mangalore_netravati,Mangalore,Karnataka,West Coast (Arabian Sea),12.8615,74.843,2.0,July 2023 Netravati Estuary Breach,2023-07-25T00:00,2.6,1006.2,16.3,19.4,0.362,0.374,0.376
mangalore_netravati,Mangalore,Karnataka,West Coast (Arabian Sea),12.8615,74.843,2.0,July 2023 Netravati Estuary Breach,2023-07-25T01:00,1.6,1006.2,7.2,36.4,0.358,0.371,0.376
mangalore_netravati,Mangalore,Karnataka,West Coast (Arabian Sea),12.8615,74.843,2.0,July 2023 Netravati Estuary Breach,2023-07-25T02:00,0.5,1006.9,9.5,29.2,0.349,0.365,0.376
mangalore_netravati,Mangalore,Karnataka,West Coast (Arabian Sea),12.8615,74.843,2.0,July 2023 Netravati Estuary Breach,2023-07-25T03:00,2.4,1007.7,14.1,32.4,0.363,0.361,0.375
mangalore_netravati,Mangalore,Karnataka,West Coast (Arabian Sea),12.8615,74.843,2.0,July 2023 Netravati Estuary Breach,2023-07-25T04:00,0.9,1008.0,8.2,33.5,0.355,0.358,0.375
mangalore_netravati,Mangalore,Karnataka,West Coast (Arabian Sea),12.8615,74.843,2.0,July 2023 Netravati Estuary Breach,2023-07-25T05:00,1.6,1008.1,9.2,29.5,0.356,0.355,0.374
mangalore_netravati,Mangalore,Karnataka,West Coast (Arabian Sea),12.8615,74.843,2.0,July 2023 Netravati Estuary Breach,2023-07-25T06:00,1.0,1008.1,9.3,29.5,0.351,0.351,0.374
mangalore_netravati,Mangalore,Karnataka,West Coast (Arabian Sea),12.8615,74.843,2.0,July 2023 Netravati Estuary Breach,2023-07-25T07:00,1.7,1008.1,10.4,35.6,0.358,0.347,0.373
mangalore_netravati,Mangalore,Karnataka,West Coast (Arabian Sea),12.8615,74.843,2.0,July 2023 Netravati Estuary Breach,2023-07-25T08:00,1.2,1007.5,13.6,35.3,0.35,0.346,0.372
mangalore_netravati,Mangalore,Karnataka,West Coast (Arabian Sea),12.8615,74.843,2.0,July 2023 Netravati Estuary Breach,2023-07-25T09:00,1.4,1006.8,13.5,35.6,0.351,0.343,0.372
mangalore_netravati,Mangalore,Karnataka,West Coast (Arabian Sea),12.8615,74.843,2.0,July 2023 Netravati Estuary Breach,2023-07-25T10:00,0.8,1006.8,12.8,34.9,0.346,0.34,0.371
mangalore_netravati,Mangalore,Karnataka,West Coast (Arabian Sea),12.8615,74.843,2.0,July 2023 Netravati Estuary Breach,2023-07-25T11:00,1.6,1006.6,7.4,37.1,0.349,0.339,0.37
mangalore_netravati,Mangalore,Karnataka,West Coast (Arabian Sea),12.8615,74.843,2.0,July 2023 Netravati Estuary Breach,2023-07-25T12:00,0.8,1006.6,7.3,25.9,0.34,0.355,0.373
mangalore_netravati,Mangalore,Karnataka,West Coast (Arabian Sea),12.8615,74.843,2.0,July 2023 Netravati Estuary Breach,2023-07-25T13:00,0.9,1007.2,4.4,16.2,0.343,0.35,0.372
mangalore_netravati,Mangalore,Karnataka,West Coast (Arabian Sea),12.8615,74.843,2.0,July 2023 Netravati Estuary Breach,2023-07-25T14:00,1.0,1007.8,3.3,9.0,0.345,0.346,0.372
mangalore_netravati,Mangalore,Karnataka,West Coast (Arabian Sea),12.8615,74.843,2.0,July 2023 Netravati Estuary Breach,2023-07-25T15:00,0.5,1008.6,1.0,6.1,0.342,0.342,0.371
mangalore_netravati,Mangalore,Karnataka,West Coast (Arabian Sea),12.8615,74.843,2.0,July 2023 Netravati Estuary Breach,2023-07-25T16:00,1.3,1008.8,1.3,16.9,0.346,0.339,0.37
mangalore_netravati,Mangalore,Karnataka,West Coast (Arabian Sea),12.8615,74.843,2.0,July 2023 Netravati Estuary Breach,2023-07-25T17:00,0.3,1009.3,4.8,8.3,0.339,0.336,0.37
mangalore_netravati,Mangalore,Karnataka,West Coast (Arabian Sea),12.8615,74.843,2.0,July 2023 Netravati Estuary Breach,2023-07-25T18:00,0.3,1009.2,4.8,12.2,0.334,0.332,0.369
mangalore_netravati,Mangalore,Karnataka,West Coast (Arabian Sea),12.8615,74.843,2.0,July 2023 Netravati Estuary Breach,2023-07-25T19:00,1.4,1008.8,6.2,17.3,0.343,0.33,0.368
mangalore_netravati,Mangalore,Karnataka,West Coast (Arabian Sea),12.8615,74.843,2.0,July 2023 Netravati Estuary Breach,2023-07-25T20:00,1.4,1007.8,6.8,13.0,0.346,0.329,0.367
mangalore_netravati,Mangalore,Karnataka,West Coast (Arabian Sea),12.8615,74.843,2.0,July 2023 Netravati Estuary Breach,2023-07-25T21:00,0.4,1007.4,4.8,12.2,0.338,0.328,0.367
mangalore_netravati,Mangalore,Karnataka,West Coast (Arabian Sea),12.8615,74.843,2.0,July 2023 Netravati Estuary Breach,2023-07-25T22:00,0.6,1007.1,5.6,10.8,0.336,0.327,0.366
mangalore_netravati,Mangalore,Karnataka,West Coast (Arabian Sea),12.8615,74.843,2.0,July 2023 Netravati Estuary Breach,2023-07-25T23:00,0.4,1007.0,3.8,10.1,0.332,0.324,0.365
mangalore_netravati,Mangalore,Karnataka,West Coast (Arabian Sea),12.8615,74.843,2.0,July 2023 Netravati Estuary Breach,2023-07-26T00:00,0.5,1007.5,3.6,6.1,0.364,0.339,0.366
mangalore_netravati,Mangalore,Karnataka,West Coast (Arabian Sea),12.8615,74.843,2.0,July 2023 Netravati Estuary Breach,2023-07-26T01:00,2.9,1007.8,8.0,28.4,0.368,0.345,0.366
mangalore_netravati,Mangalore,Karnataka,West Coast (Arabian Sea),12.8615,74.843,2.0,July 2023 Netravati Estuary Breach,2023-07-26T02:00,1.5,1008.5,7.7,23.8,0.358,0.349,0.365
mangalore_netravati,Mangalore,Karnataka,West Coast (Arabian Sea),12.8615,74.843,2.0,July 2023 Netravati Estuary Breach,2023-07-26T03:00,1.7,1009.1,7.6,25.2,0.359,0.35,0.364
mangalore_netravati,Mangalore,Karnataka,West Coast (Arabian Sea),12.8615,74.843,2.0,July 2023 Netravati Estuary Breach,2023-07-26T04:00,2.3,1009.6,13.5,30.2,0.363,0.353,0.364
mangalore_netravati,Mangalore,Karnataka,West Coast (Arabian Sea),12.8615,74.843,2.0,July 2023 Netravati Estuary Breach,2023-07-26T05:00,2.6,1010.0,8.9,41.4,0.367,0.355,0.363
mangalore_netravati,Mangalore,Karnataka,West Coast (Arabian Sea),12.8615,74.843,2.0,July 2023 Netravati Estuary Breach,2023-07-26T06:00,2.4,1009.8,9.6,32.0,0.367,0.358,0.363
mangalore_netravati,Mangalore,Karnataka,West Coast (Arabian Sea),12.8615,74.843,2.0,July 2023 Netravati Estuary Breach,2023-07-26T07:00,0.8,1009.3,12.0,31.7,0.354,0.359,0.362
mangalore_netravati,Mangalore,Karnataka,West Coast (Arabian Sea),12.8615,74.843,2.0,July 2023 Netravati Estuary Breach,2023-07-26T08:00,2.1,1008.8,13.3,37.1,0.36,0.359,0.362
mangalore_netravati,Mangalore,Karnataka,West Coast (Arabian Sea),12.8615,74.843,2.0,July 2023 Netravati Estuary Breach,2023-07-26T09:00,0.9,1008.4,14.1,28.1,0.354,0.358,0.361
mangalore_netravati,Mangalore,Karnataka,West Coast (Arabian Sea),12.8615,74.843,2.0,July 2023 Netravati Estuary Breach,2023-07-26T10:00,1.4,1007.8,9.1,26.3,0.353,0.357,0.36
mangalore_netravati,Mangalore,Karnataka,West Coast (Arabian Sea),12.8615,74.843,2.0,July 2023 Netravati Estuary Breach,2023-07-26T11:00,1.1,1007.8,12.1,29.2,0.352,0.355,0.36
mangalore_netravati,Mangalore,Karnataka,West Coast (Arabian Sea),12.8615,74.843,2.0,July 2023 Netravati Estuary Breach,2023-07-26T12:00,1.3,1008.3,9.1,28.8,0.37,0.372,0.362
mangalore_netravati,Mangalore,Karnataka,West Coast (Arabian Sea),12.8615,74.843,2.0,July 2023 Netravati Estuary Breach,2023-07-26T13:00,0.9,1008.0,6.4,24.5,0.359,0.37,0.362
mangalore_netravati,Mangalore,Karnataka,West Coast (Arabian Sea),12.8615,74.843,2.0,July 2023 Netravati Estuary Breach,2023-07-26T14:00,0.5,1008.7,6.0,14.4,0.35,0.366,0.362
mangalore_netravati,Mangalore,Karnataka,West Coast (Arabian Sea),12.8615,74.843,2.0,July 2023 Netravati Estuary Breach,2023-07-26T15:00,0.6,1009.5,4.8,12.2,0.346,0.363,0.362
mangalore_netravati,Mangalore,Karnataka,West Coast (Arabian Sea),12.8615,74.843,2.0,July 2023 Netravati Estuary Breach,2023-07-26T16:00,0.9,1009.7,7.4,18.4,0.347,0.36,0.361
mangalore_netravati,Mangalore,Karnataka,West Coast (Arabian Sea),12.8615,74.843,2.0,July 2023 Netravati Estuary Breach,2023-07-26T17:00,2.3,1010.1,9.9,30.2,0.361,0.36,0.361
mangalore_netravati,Mangalore,Karnataka,West Coast (Arabian Sea),12.8615,74.843,2.0,July 2023 Netravati Estuary Breach,2023-07-26T18:00,0.6,1010.0,8.7,20.5,0.352,0.359,0.36
mangalore_netravati,Mangalore,Karnataka,West Coast (Arabian Sea),12.8615,74.843,2.0,July 2023 Netravati Estuary Breach,2023-07-26T19:00,0.9,1009.4,3.6,23.8,0.35,0.358,0.36
mangalore_netravati,Mangalore,Karnataka,West Coast (Arabian Sea),12.8615,74.843,2.0,July 2023 Netravati Estuary Breach,2023-07-26T20:00,1.1,1008.9,7.6,13.0,0.351,0.356,0.359
mangalore_netravati,Mangalore,Karnataka,West Coast (Arabian Sea),12.8615,74.843,2.0,July 2023 Netravati Estuary Breach,2023-07-26T21:00,1.3,1008.4,11.0,23.0,0.354,0.356,0.358
mangalore_netravati,Mangalore,Karnataka,West Coast (Arabian Sea),12.8615,74.843,2.0,July 2023 Netravati Estuary Breach,2023-07-26T22:00,0.3,1007.5,6.4,19.4,0.345,0.354,0.357
mangalore_netravati,Mangalore,Karnataka,West Coast (Arabian Sea),12.8615,74.843,2.0,July 2023 Netravati Estuary Breach,2023-07-26T23:00,0.1,1007.3,3.5,17.6,0.337,0.352,0.357
mangalore_netravati,Mangalore,Karnataka,West Coast (Arabian Sea),12.8615,74.843,2.0,July 2023 Netravati Estuary Breach,2023-07-27T00:00,0.4,1007.4,4.7,17.3,0.329,0.337,0.355
mangalore_netravati,Mangalore,Karnataka,West Coast (Arabian Sea),12.8615,74.843,2.0,July 2023 Netravati Estuary Breach,2023-07-27T01:00,0.6,1007.6,3.5,17.3,0.331,0.335,0.354
mangalore_netravati,Mangalore,Karnataka,West Coast (Arabian Sea),12.8615,74.843,2.0,July 2023 Netravati Estuary Breach,2023-07-27T02:00,1.9,1009.0,13.9,33.8,0.344,0.335,0.353
mangalore_netravati,Mangalore,Karnataka,West Coast (Arabian Sea),12.8615,74.843,2.0,July 2023 Netravati Estuary Breach,2023-07-27T03:00,1.4,1009.4,10.9,32.0,0.345,0.337,0.352
mangalore_netravati,Mangalore,Karnataka,West Coast (Arabian Sea),12.8615,74.843,2.0,July 2023 Netravati Estuary Breach,2023-07-27T04:00,0.2,1009.5,8.0,27.7,0.336,0.336,0.35
mangalore_netravati,Mangalore,Karnataka,West Coast (Arabian Sea),12.8615,74.843,2.0,July 2023 Netravati Estuary Breach,2023-07-27T05:00,3.4,1009.9,14.5,47.5,0.352,0.341,0.349
mangalore_netravati,Mangalore,Karnataka,West Coast (Arabian Sea),12.8615,74.843,2.0,July 2023 Netravati Estuary Breach,2023-07-27T06:00,0.0,1009.1,8.7,33.5,0.339,0.341,0.348
mangalore_netravati,Mangalore,Karnataka,West Coast (Arabian Sea),12.8615,74.843,2.0,July 2023 Netravati Estuary Breach,2023-07-27T07:00,7.2,1009.0,21.0,48.2,0.391,0.35,0.347
mangalore_netravati,Mangalore,Karnataka,West Coast (Arabian Sea),12.8615,74.843,2.0,July 2023 Netravati Estuary Breach,2023-07-27T08:00,0.1,1008.6,13.4,48.2,0.353,0.356,0.346
mangalore_netravati,Mangalore,Karnataka,West Coast (Arabian Sea),12.8615,74.843,2.0,July 2023 Netravati Estuary Breach,2023-07-27T09:00,3.8,1008.3,19.9,54.0,0.368,0.36,0.345
mangalore_netravati,Mangalore,Karnataka,West Coast (Arabian Sea),12.8615,74.843,2.0,July 2023 Netravati Estuary Breach,2023-07-27T10:00,0.2,1007.5,15.5,37.1,0.35,0.359,0.345
mangalore_netravati,Mangalore,Karnataka,West Coast (Arabian Sea),12.8615,74.843,2.0,July 2023 Netravati Estuary Breach,2023-07-27T11:00,2.6,1007.6,20.3,49.0,0.362,0.358,0.345
mangalore_netravati,Mangalore,Karnataka,West Coast (Arabian Sea),12.8615,74.843,2.0,July 2023 Netravati Estuary Breach,2023-07-27T12:00,0.0,1007.9,8.9,36.7,0.34,0.348,0.341
mangalore_netravati,Mangalore,Karnataka,West Coast (Arabian Sea),12.8615,74.843,2.0,July 2023 Netravati Estuary Breach,2023-07-27T13:00,0.6,1008.2,14.4,25.9,0.336,0.347,0.34
mangalore_netravati,Mangalore,Karnataka,West Coast (Arabian Sea),12.8615,74.843,2.0,July 2023 Netravati Estuary Breach,2023-07-27T14:00,0.5,1008.9,15.9,37.4,0.333,0.345,0.339
mangalore_netravati,Mangalore,Karnataka,West Coast (Arabian Sea),12.8615,74.843,2.0,July 2023 Netravati Estuary Breach,2023-07-27T15:00,0.1,1009.3,7.5,27.0,0.327,0.343,0.338
mangalore_netravati,Mangalore,Karnataka,West Coast (Arabian Sea),12.8615,74.843,2.0,July 2023 Netravati Estuary Breach,2023-07-27T16:00,0.1,1009.7,6.3,22.7,0.323,0.341,0.337
mangalore_netravati,Mangalore,Karnataka,West Coast (Arabian Sea),12.8615,74.843,2.0,July 2023 Netravati Estuary Breach,2023-07-27T17:00,0.2,1010.1,4.2,11.2,0.321,0.34,0.336
mangalore_netravati,Mangalore,Karnataka,West Coast (Arabian Sea),12.8615,74.843,2.0,July 2023 Netravati Estuary Breach,2023-07-27T18:00,0.1,1009.7,3.1,10.1,0.319,0.338,0.335
mangalore_netravati,Mangalore,Karnataka,West Coast (Arabian Sea),12.8615,74.843,2.0,July 2023 Netravati Estuary Breach,2023-07-27T19:00,1.5,1009.2,6.6,19.1,0.334,0.337,0.333
mangalore_netravati,Mangalore,Karnataka,West Coast (Arabian Sea),12.8615,74.843,2.0,July 2023 Netravati Estuary Breach,2023-07-27T20:00,0.1,1008.3,3.6,11.5,0.329,0.336,0.332
mangalore_netravati,Mangalore,Karnataka,West Coast (Arabian Sea),12.8615,74.843,2.0,July 2023 Netravati Estuary Breach,2023-07-27T21:00,1.5,1007.9,8.1,25.6,0.34,0.337,0.331
mangalore_netravati,Mangalore,Karnataka,West Coast (Arabian Sea),12.8615,74.843,2.0,July 2023 Netravati Estuary Breach,2023-07-27T22:00,1.3,1007.9,10.4,32.4,0.344,0.338,0.329
mangalore_netravati,Mangalore,Karnataka,West Coast (Arabian Sea),12.8615,74.843,2.0,July 2023 Netravati Estuary Breach,2023-07-27T23:00,0.1,1007.6,4.7,18.7,0.335,0.338,0.328
mangalore_netravati,Mangalore,Karnataka,West Coast (Arabian Sea),12.8615,74.843,2.0,July 2023 Netravati Estuary Breach,2023-07-28T00:00,0.1,1008.0,6.5,7.2,0.328,0.335,0.327
mangalore_netravati,Mangalore,Karnataka,West Coast (Arabian Sea),12.8615,74.843,2.0,July 2023 Netravati Estuary Breach,2023-07-28T01:00,0.7,1008.1,9.2,22.0,0.331,0.334,0.325
mangalore_netravati,Mangalore,Karnataka,West Coast (Arabian Sea),12.8615,74.843,2.0,July 2023 Netravati Estuary Breach,2023-07-28T02:00,1.1,1009.0,4.0,16.2,0.338,0.334,0.324
mangalore_netravati,Mangalore,Karnataka,West Coast (Arabian Sea),12.8615,74.843,2.0,July 2023 Netravati Estuary Breach,2023-07-28T03:00,1.9,1009.4,5.1,18.7,0.351,0.335,0.323
mangalore_netravati,Mangalore,Karnataka,West Coast (Arabian Sea),12.8615,74.843,2.0,July 2023 Netravati Estuary Breach,2023-07-28T04:00,1.8,1010.0,7.4,24.1,0.35,0.339,0.322
mangalore_netravati,Mangalore,Karnataka,West Coast (Arabian Sea),12.8615,74.843,2.0,July 2023 Netravati Estuary Breach,2023-07-28T05:00,0.5,1009.8,15.0,37.4,0.341,0.34,0.321
mangalore_netravati,Mangalore,Karnataka,West Coast (Arabian Sea),12.8615,74.843,2.0,July 2023 Netravati Estuary Breach,2023-07-28T06:00,1.0,1009.7,10.9,40.7,0.339,0.34,0.32
mangalore_netravati,Mangalore,Karnataka,West Coast (Arabian Sea),12.8615,74.843,2.0,July 2023 Netravati Estuary Breach,2023-07-28T07:00,0.2,1009.2,12.8,34.2,0.331,0.338,0.319
mangalore_netravati,Mangalore,Karnataka,West Coast (Arabian Sea),12.8615,74.843,2.0,July 2023 Netravati Estuary Breach,2023-07-28T08:00,1.2,1008.6,19.3,47.2,0.332,0.337,0.318
mangalore_netravati,Mangalore,Karnataka,West Coast (Arabian Sea),12.8615,74.843,2.0,July 2023 Netravati Estuary Breach,2023-07-28T09:00,0.1,1007.7,20.8,49.0,0.325,0.335,0.317
mangalore_netravati,Mangalore,Karnataka,West Coast (Arabian Sea),12.8615,74.843,2.0,July 2023 Netravati Estuary Breach,2023-07-28T10:00,0.3,1006.9,19.5,48.6,0.321,0.333,0.316
mangalore_netravati,Mangalore,Karnataka,West Coast (Arabian Sea),12.8615,74.843,2.0,July 2023 Netravati Estuary Breach,2023-07-28T11:00,2.2,1006.6,16.9,49.3,0.336,0.333,0.314
mangalore_netravati,Mangalore,Karnataka,West Coast (Arabian Sea),12.8615,74.843,2.0,July 2023 Netravati Estuary Breach,2023-07-28T12:00,1.2,1007.3,12.1,44.3,0.306,0.319,0.31
mangalore_netravati,Mangalore,Karnataka,West Coast (Arabian Sea),12.8615,74.843,2.0,July 2023 Netravati Estuary Breach,2023-07-28T13:00,0.4,1007.5,13.0,29.9,0.306,0.318,0.308
mangalore_netravati,Mangalore,Karnataka,West Coast (Arabian Sea),12.8615,74.843,2.0,July 2023 Netravati Estuary Breach,2023-07-28T14:00,0.0,1007.9,10.9,28.1,0.304,0.317,0.307
mangalore_netravati,Mangalore,Karnataka,West Coast (Arabian Sea),12.8615,74.843,2.0,July 2023 Netravati Estuary Breach,2023-07-28T15:00,0.1,1008.6,13.4,24.5,0.303,0.317,0.306
mangalore_netravati,Mangalore,Karnataka,West Coast (Arabian Sea),12.8615,74.843,2.0,July 2023 Netravati Estuary Breach,2023-07-28T16:00,0.4,1009.1,10.3,23.0,0.304,0.316,0.304
mangalore_netravati,Mangalore,Karnataka,West Coast (Arabian Sea),12.8615,74.843,2.0,July 2023 Netravati Estuary Breach,2023-07-28T17:00,0.3,1009.4,6.2,22.7,0.305,0.315,0.303
mangalore_netravati,Mangalore,Karnataka,West Coast (Arabian Sea),12.8615,74.843,2.0,July 2023 Netravati Estuary Breach,2023-07-28T18:00,0.9,1009.2,8.9,17.3,0.314,0.315,0.302
mangalore_netravati,Mangalore,Karnataka,West Coast (Arabian Sea),12.8615,74.843,2.0,July 2023 Netravati Estuary Breach,2023-07-28T19:00,0.6,1008.6,9.9,23.0,0.317,0.315,0.3
mangalore_netravati,Mangalore,Karnataka,West Coast (Arabian Sea),12.8615,74.843,2.0,July 2023 Netravati Estuary Breach,2023-07-28T20:00,0.2,1008.1,9.9,23.4,0.315,0.315,0.299
mangalore_netravati,Mangalore,Karnataka,West Coast (Arabian Sea),12.8615,74.843,2.0,July 2023 Netravati Estuary Breach,2023-07-28T21:00,0.2,1007.4,6.2,17.3,0.313,0.314,0.298
mangalore_netravati,Mangalore,Karnataka,West Coast (Arabian Sea),12.8615,74.843,2.0,July 2023 Netravati Estuary Breach,2023-07-28T22:00,0.3,1007.5,8.8,22.3,0.314,0.314,0.296
mangalore_netravati,Mangalore,Karnataka,West Coast (Arabian Sea),12.8615,74.843,2.0,July 2023 Netravati Estuary Breach,2023-07-28T23:00,0.4,1007.5,11.7,24.1,0.314,0.314,0.295
mangalore_netravati,Mangalore,Karnataka,West Coast (Arabian Sea),12.8615,74.843,2.0,July 2023 Netravati Estuary Breach,2023-07-29T00:00,0.1,1007.8,8.4,20.9,0.326,0.315,0.294
mangalore_netravati,Mangalore,Karnataka,West Coast (Arabian Sea),12.8615,74.843,2.0,July 2023 Netravati Estuary Breach,2023-07-29T01:00,0.1,1008.4,6.3,14.4,0.32,0.316,0.293
mangalore_netravati,Mangalore,Karnataka,West Coast (Arabian Sea),12.8615,74.843,2.0,July 2023 Netravati Estuary Breach,2023-07-29T02:00,0.3,1008.8,3.9,13.3,0.319,0.316,0.292
mangalore_netravati,Mangalore,Karnataka,West Coast (Arabian Sea),12.8615,74.843,2.0,July 2023 Netravati Estuary Breach,2023-07-29T03:00,0.6,1009.4,10.5,24.8,0.32,0.316,0.291
mangalore_netravati,Mangalore,Karnataka,West Coast (Arabian Sea),12.8615,74.843,2.0,July 2023 Netravati Estuary Breach,2023-07-29T04:00,0.7,1009.8,11.7,31.0,0.321,0.316,0.289
mangalore_netravati,Mangalore,Karnataka,West Coast (Arabian Sea),12.8615,74.843,2.0,July 2023 Netravati Estuary Breach,2023-07-29T05:00,0.1,1009.9,12.8,34.9,0.316,0.315,0.288
mangalore_netravati,Mangalore,Karnataka,West Coast (Arabian Sea),12.8615,74.843,2.0,July 2023 Netravati Estuary Breach,2023-07-29T06:00,0.2,1009.6,14.8,38.5,0.311,0.314,0.287
mangalore_netravati,Mangalore,Karnataka,West Coast (Arabian Sea),12.8615,74.843,2.0,July 2023 Netravati Estuary Breach,2023-07-29T07:00,0.2,1009.0,16.1,34.9,0.307,0.313,0.286
mangalore_netravati,Mangalore,Karnataka,West Coast (Arabian Sea),12.8615,74.843,2.0,July 2023 Netravati Estuary Breach,2023-07-29T08:00,0.3,1008.3,19.5,40.7,0.303,0.311,0.285
mangalore_netravati,Mangalore,Karnataka,West Coast (Arabian Sea),12.8615,74.843,2.0,July 2023 Netravati Estuary Breach,2023-07-29T09:00,0.1,1007.7,17.5,42.5,0.3,0.31,0.283
mangalore_netravati,Mangalore,Karnataka,West Coast (Arabian Sea),12.8615,74.843,2.0,July 2023 Netravati Estuary Breach,2023-07-29T10:00,0.2,1007.1,18.5,36.7,0.297,0.308,0.282
mangalore_netravati,Mangalore,Karnataka,West Coast (Arabian Sea),12.8615,74.843,2.0,July 2023 Netravati Estuary Breach,2023-07-29T11:00,0.2,1006.8,20.0,39.2,0.296,0.307,0.281
mangalore_netravati,Mangalore,Karnataka,West Coast (Arabian Sea),12.8615,74.843,2.0,July 2023 Netravati Estuary Breach,2023-07-29T12:00,0.2,1007.4,20.1,39.2,0.286,0.303,0.279
mangalore_netravati,Mangalore,Karnataka,West Coast (Arabian Sea),12.8615,74.843,2.0,July 2023 Netravati Estuary Breach,2023-07-29T13:00,0.1,1007.8,13.0,39.6,0.286,0.302,0.278
mangalore_netravati,Mangalore,Karnataka,West Coast (Arabian Sea),12.8615,74.843,2.0,July 2023 Netravati Estuary Breach,2023-07-29T14:00,0.0,1008.0,11.7,23.4,0.285,0.301,0.277
mangalore_netravati,Mangalore,Karnataka,West Coast (Arabian Sea),12.8615,74.843,2.0,July 2023 Netravati Estuary Breach,2023-07-29T15:00,0.1,1008.8,13.6,25.6,0.285,0.3,0.276
mangalore_netravati,Mangalore,Karnataka,West Coast (Arabian Sea),12.8615,74.843,2.0,July 2023 Netravati Estuary Breach,2023-07-29T16:00,0.3,1009.6,11.7,27.7,0.287,0.299,0.275
mangalore_netravati,Mangalore,Karnataka,West Coast (Arabian Sea),12.8615,74.843,2.0,July 2023 Netravati Estuary Breach,2023-07-29T17:00,0.1,1009.8,8.9,20.2,0.287,0.299,0.274
mangalore_netravati,Mangalore,Karnataka,West Coast (Arabian Sea),12.8615,74.843,2.0,July 2023 Netravati Estuary Breach,2023-07-29T18:00,0.3,1009.6,11.3,23.0,0.289,0.298,0.273
mangalore_netravati,Mangalore,Karnataka,West Coast (Arabian Sea),12.8615,74.843,2.0,July 2023 Netravati Estuary Breach,2023-07-29T19:00,0.1,1008.7,9.7,27.7,0.289,0.297,0.272
mangalore_netravati,Mangalore,Karnataka,West Coast (Arabian Sea),12.8615,74.843,2.0,July 2023 Netravati Estuary Breach,2023-07-29T20:00,0.2,1008.2,6.2,16.9,0.289,0.297,0.27
mangalore_netravati,Mangalore,Karnataka,West Coast (Arabian Sea),12.8615,74.843,2.0,July 2023 Netravati Estuary Breach,2023-07-29T21:00,0.4,1008.0,6.2,16.6,0.292,0.296,0.269
mangalore_netravati,Mangalore,Karnataka,West Coast (Arabian Sea),12.8615,74.843,2.0,July 2023 Netravati Estuary Breach,2023-07-29T22:00,0.0,1007.4,3.4,10.4,0.291,0.296,0.268
mangalore_netravati,Mangalore,Karnataka,West Coast (Arabian Sea),12.8615,74.843,2.0,July 2023 Netravati Estuary Breach,2023-07-29T23:00,0.0,1007.3,4.4,9.4,0.29,0.296,0.267
mangalore_netravati,Mangalore,Karnataka,West Coast (Arabian Sea),12.8615,74.843,2.0,July 2023 Netravati Estuary Breach,2023-07-30T00:00,0.2,1007.9,3.6,7.9,0.302,0.299,0.266
mangalore_netravati,Mangalore,Karnataka,West Coast (Arabian Sea),12.8615,74.843,2.0,July 2023 Netravati Estuary Breach,2023-07-30T01:00,0.1,1008.1,2.9,8.3,0.301,0.299,0.265
mangalore_netravati,Mangalore,Karnataka,West Coast (Arabian Sea),12.8615,74.843,2.0,July 2023 Netravati Estuary Breach,2023-07-30T02:00,0.1,1009.0,2.6,8.3,0.299,0.298,0.264
mangalore_netravati,Mangalore,Karnataka,West Coast (Arabian Sea),12.8615,74.843,2.0,July 2023 Netravati Estuary Breach,2023-07-30T03:00,0.2,1009.5,5.3,12.6,0.299,0.298,0.264
mangalore_netravati,Mangalore,Karnataka,West Coast (Arabian Sea),12.8615,74.843,2.0,July 2023 Netravati Estuary Breach,2023-07-30T04:00,0.1,1009.8,10.0,31.0,0.297,0.298,0.263
mangalore_netravati,Mangalore,Karnataka,West Coast (Arabian Sea),12.8615,74.843,2.0,July 2023 Netravati Estuary Breach,2023-07-30T05:00,0.1,1009.6,11.7,32.4,0.294,0.297,0.262
mangalore_netravati,Mangalore,Karnataka,West Coast (Arabian Sea),12.8615,74.843,2.0,July 2023 Netravati Estuary Breach,2023-07-30T06:00,0.0,1009.1,14.0,34.2,0.29,0.296,0.261
mangalore_netravati,Mangalore,Karnataka,West Coast (Arabian Sea),12.8615,74.843,2.0,July 2023 Netravati Estuary Breach,2023-07-30T07:00,0.0,1008.4,15.3,32.4,0.286,0.294,0.259
mangalore_netravati,Mangalore,Karnataka,West Coast (Arabian Sea),12.8615,74.843,2.0,July 2023 Netravati Estuary Breach,2023-07-30T08:00,0.1,1007.7,16.1,39.6,0.283,0.293,0.258
mangalore_netravati,Mangalore,Karnataka,West Coast (Arabian Sea),12.8615,74.843,2.0,July 2023 Netravati Estuary Breach,2023-07-30T09:00,0.1,1007.0,16.3,39.2,0.28,0.292,0.257
mangalore_netravati,Mangalore,Karnataka,West Coast (Arabian Sea),12.8615,74.843,2.0,July 2023 Netravati Estuary Breach,2023-07-30T10:00,0.0,1006.5,16.4,38.2,0.278,0.291,0.256
mangalore_netravati,Mangalore,Karnataka,West Coast (Arabian Sea),12.8615,74.843,2.0,July 2023 Netravati Estuary Breach,2023-07-30T11:00,0.0,1005.9,15.2,40.7,0.276,0.29,0.255
mangalore_netravati,Mangalore,Karnataka,West Coast (Arabian Sea),12.8615,74.843,2.0,July 2023 Netravati Estuary Breach,2023-07-30T12:00,0.0,1006.3,13.2,34.9,0.277,0.29,0.254
mangalore_netravati,Mangalore,Karnataka,West Coast (Arabian Sea),12.8615,74.843,2.0,July 2023 Netravati Estuary Breach,2023-07-30T13:00,0.0,1006.5,11.3,26.6,0.276,0.289,0.254
mangalore_netravati,Mangalore,Karnataka,West Coast (Arabian Sea),12.8615,74.843,2.0,July 2023 Netravati Estuary Breach,2023-07-30T14:00,0.0,1007.0,7.7,21.2,0.275,0.288,0.253
mangalore_netravati,Mangalore,Karnataka,West Coast (Arabian Sea),12.8615,74.843,2.0,July 2023 Netravati Estuary Breach,2023-07-30T15:00,0.2,1007.7,9.2,18.7,0.276,0.288,0.252
mangalore_netravati,Mangalore,Karnataka,West Coast (Arabian Sea),12.8615,74.843,2.0,July 2023 Netravati Estuary Breach,2023-07-30T16:00,0.5,1008.4,4.8,20.9,0.279,0.287,0.251
mangalore_netravati,Mangalore,Karnataka,West Coast (Arabian Sea),12.8615,74.843,2.0,July 2023 Netravati Estuary Breach,2023-07-30T17:00,0.4,1008.9,4.9,8.6,0.282,0.287,0.25
mangalore_netravati,Mangalore,Karnataka,West Coast (Arabian Sea),12.8615,74.843,2.0,July 2023 Netravati Estuary Breach,2023-07-30T18:00,0.4,1008.8,7.2,13.3,0.286,0.286,0.249
mangalore_netravati,Mangalore,Karnataka,West Coast (Arabian Sea),12.8615,74.843,2.0,July 2023 Netravati Estuary Breach,2023-07-30T19:00,0.4,1008.2,9.2,16.6,0.289,0.286,0.248
mangalore_netravati,Mangalore,Karnataka,West Coast (Arabian Sea),12.8615,74.843,2.0,July 2023 Netravati Estuary Breach,2023-07-30T20:00,0.3,1007.5,7.5,22.0,0.291,0.286,0.248
mangalore_netravati,Mangalore,Karnataka,West Coast (Arabian Sea),12.8615,74.843,2.0,July 2023 Netravati Estuary Breach,2023-07-30T21:00,0.1,1006.9,4.0,13.3,0.291,0.286,0.247
mangalore_netravati,Mangalore,Karnataka,West Coast (Arabian Sea),12.8615,74.843,2.0,July 2023 Netravati Estuary Breach,2023-07-30T22:00,0.1,1006.7,2.9,7.2,0.29,0.286,0.246
mangalore_netravati,Mangalore,Karnataka,West Coast (Arabian Sea),12.8615,74.843,2.0,July 2023 Netravati Estuary Breach,2023-07-30T23:00,0.4,1006.7,3.6,9.4,0.293,0.286,0.245
mangalore_netravati,Mangalore,Karnataka,West Coast (Arabian Sea),12.8615,74.843,2.0,July 2023 Netravati Estuary Breach,2023-07-31T00:00,0.1,1006.9,6.5,8.3,0.305,0.288,0.244
mangalore_netravati,Mangalore,Karnataka,West Coast (Arabian Sea),12.8615,74.843,2.0,July 2023 Netravati Estuary Breach,2023-07-31T01:00,0.1,1007.1,5.7,12.6,0.301,0.289,0.243
mangalore_netravati,Mangalore,Karnataka,West Coast (Arabian Sea),12.8615,74.843,2.0,July 2023 Netravati Estuary Breach,2023-07-31T02:00,0.2,1007.8,8.2,14.8,0.3,0.289,0.242
mangalore_netravati,Mangalore,Karnataka,West Coast (Arabian Sea),12.8615,74.843,2.0,July 2023 Netravati Estuary Breach,2023-07-31T03:00,0.6,1008.7,10.5,27.0,0.303,0.289,0.242
mangalore_netravati,Mangalore,Karnataka,West Coast (Arabian Sea),12.8615,74.843,2.0,July 2023 Netravati Estuary Breach,2023-07-31T04:00,0.1,1009.1,8.0,24.1,0.3,0.29,0.241
mangalore_netravati,Mangalore,Karnataka,West Coast (Arabian Sea),12.8615,74.843,2.0,July 2023 Netravati Estuary Breach,2023-07-31T05:00,0.1,1009.4,12.3,30.2,0.296,0.289,0.24
mangalore_netravati,Mangalore,Karnataka,West Coast (Arabian Sea),12.8615,74.843,2.0,July 2023 Netravati Estuary Breach,2023-07-31T06:00,0.4,1009.1,14.0,33.8,0.295,0.289,0.239
mangalore_netravati,Mangalore,Karnataka,West Coast (Arabian Sea),12.8615,74.843,2.0,July 2023 Netravati Estuary Breach,2023-07-31T07:00,0.1,1008.4,11.1,32.8,0.291,0.288,0.238
mangalore_netravati,Mangalore,Karnataka,West Coast (Arabian Sea),12.8615,74.843,2.0,July 2023 Netravati Estuary Breach,2023-07-31T08:00,0.0,1007.5,12.4,31.3,0.287,0.287,0.238
mangalore_netravati,Mangalore,Karnataka,West Coast (Arabian Sea),12.8615,74.843,2.0,July 2023 Netravati Estuary Breach,2023-07-31T09:00,0.1,1006.9,16.4,38.9,0.283,0.286,0.237
mangalore_netravati,Mangalore,Karnataka,West Coast (Arabian Sea),12.8615,74.843,2.0,July 2023 Netravati Estuary Breach,2023-07-31T10:00,0.2,1006.4,15.3,38.5,0.282,0.285,0.236
mangalore_netravati,Mangalore,Karnataka,West Coast (Arabian Sea),12.8615,74.843,2.0,July 2023 Netravati Estuary Breach,2023-07-31T11:00,0.0,1005.8,16.7,37.1,0.279,0.284,0.235
mangalore_netravati,Mangalore,Karnataka,West Coast (Arabian Sea),12.8615,74.843,2.0,July 2023 Netravati Estuary Breach,2023-07-31T12:00,0.1,1006.4,10.9,36.4,0.275,0.282,0.235
mangalore_netravati,Mangalore,Karnataka,West Coast (Arabian Sea),12.8615,74.843,2.0,July 2023 Netravati Estuary Breach,2023-07-31T13:00,0.0,1006.8,4.8,21.6,0.274,0.282,0.234
mangalore_netravati,Mangalore,Karnataka,West Coast (Arabian Sea),12.8615,74.843,2.0,July 2023 Netravati Estuary Breach,2023-07-31T14:00,0.2,1007.6,6.1,18.7,0.275,0.281,0.234
mangalore_netravati,Mangalore,Karnataka,West Coast (Arabian Sea),12.8615,74.843,2.0,July 2023 Netravati Estuary Breach,2023-07-31T15:00,0.1,1008.4,10.2,16.6,0.275,0.281,0.233
mangalore_netravati,Mangalore,Karnataka,West Coast (Arabian Sea),12.8615,74.843,2.0,July 2023 Netravati Estuary Breach,2023-07-31T16:00,0.3,1008.7,9.7,23.8,0.277,0.28,0.232
mangalore_netravati,Mangalore,Karnataka,West Coast (Arabian Sea),12.8615,74.843,2.0,July 2023 Netravati Estuary Breach,2023-07-31T17:00,0.2,1009.1,9.2,19.8,0.278,0.28,0.232
mangalore_netravati,Mangalore,Karnataka,West Coast (Arabian Sea),12.8615,74.843,2.0,July 2023 Netravati Estuary Breach,2023-07-31T18:00,0.5,1009.1,11.1,23.0,0.28,0.28,0.231
mangalore_netravati,Mangalore,Karnataka,West Coast (Arabian Sea),12.8615,74.843,2.0,July 2023 Netravati Estuary Breach,2023-07-31T19:00,1.4,1008.6,12.5,22.0,0.296,0.28,0.231
mangalore_netravati,Mangalore,Karnataka,West Coast (Arabian Sea),12.8615,74.843,2.0,July 2023 Netravati Estuary Breach,2023-07-31T20:00,2.6,1008.0,7.8,24.1,0.327,0.281,0.23
mangalore_netravati,Mangalore,Karnataka,West Coast (Arabian Sea),12.8615,74.843,2.0,July 2023 Netravati Estuary Breach,2023-07-31T21:00,5.0,1007.3,2.2,20.2,0.354,0.294,0.229
mangalore_netravati,Mangalore,Karnataka,West Coast (Arabian Sea),12.8615,74.843,2.0,July 2023 Netravati Estuary Breach,2023-07-31T22:00,0.3,1007.3,3.3,6.1,0.334,0.301,0.229
mangalore_netravati,Mangalore,Karnataka,West Coast (Arabian Sea),12.8615,74.843,2.0,July 2023 Netravati Estuary Breach,2023-07-31T23:00,3.4,1007.4,10.0,20.9,0.358,0.307,0.229
mangalore_netravati,Mangalore,Karnataka,West Coast (Arabian Sea),12.8615,74.843,2.0,July 2024 High Spring Tide Monsoon,2024-06-15T00:00,0.1,1005.4,9.4,16.2,0.275,0.281,0.331
mangalore_netravati,Mangalore,Karnataka,West Coast (Arabian Sea),12.8615,74.843,2.0,July 2024 High Spring Tide Monsoon,2024-06-15T01:00,0.0,1005.7,6.8,16.6,0.273,0.28,0.33
mangalore_netravati,Mangalore,Karnataka,West Coast (Arabian Sea),12.8615,74.843,2.0,July 2024 High Spring Tide Monsoon,2024-06-15T02:00,0.0,1006.0,7.6,15.8,0.273,0.279,0.33
mangalore_netravati,Mangalore,Karnataka,West Coast (Arabian Sea),12.8615,74.843,2.0,July 2024 High Spring Tide Monsoon,2024-06-15T03:00,0.0,1006.3,6.0,15.8,0.272,0.278,0.329
mangalore_netravati,Mangalore,Karnataka,West Coast (Arabian Sea),12.8615,74.843,2.0,July 2024 High Spring Tide Monsoon,2024-06-15T04:00,0.2,1006.4,5.8,19.4,0.271,0.277,0.329
mangalore_netravati,Mangalore,Karnataka,West Coast (Arabian Sea),12.8615,74.843,2.0,July 2024 High Spring Tide Monsoon,2024-06-15T05:00,0.7,1006.2,10.5,23.0,0.274,0.276,0.328
mangalore_netravati,Mangalore,Karnataka,West Coast (Arabian Sea),12.8615,74.843,2.0,July 2024 High Spring Tide Monsoon,2024-06-15T06:00,0.0,1005.9,14.5,31.3,0.272,0.275,0.328
mangalore_netravati,Mangalore,Karnataka,West Coast (Arabian Sea),12.8615,74.843,2.0,July 2024 High Spring Tide Monsoon,2024-06-15T07:00,0.1,1005.5,13.1,31.7,0.269,0.273,0.327
mangalore_netravati,Mangalore,Karnataka,West Coast (Arabian Sea),12.8615,74.843,2.0,July 2024 High Spring Tide Monsoon,2024-06-15T08:00,0.0,1005.0,14.8,32.0,0.265,0.272,0.327
mangalore_netravati,Mangalore,Karnataka,West Coast (Arabian Sea),12.8615,74.843,2.0,July 2024 High Spring Tide Monsoon,2024-06-15T09:00,0.1,1004.5,16.3,34.2,0.262,0.27,0.326
mangalore_netravati,Mangalore,Karnataka,West Coast (Arabian Sea),12.8615,74.843,2.0,July 2024 High Spring Tide Monsoon,2024-06-15T10:00,0.1,1004.2,15.3,34.2,0.259,0.269,0.326
mangalore_netravati,Mangalore,Karnataka,West Coast (Arabian Sea),12.8615,74.843,2.0,July 2024 High Spring Tide Monsoon,2024-06-15T11:00,0.1,1003.9,16.3,32.4,0.258,0.268,0.325
mangalore_netravati,Mangalore,Karnataka,West Coast (Arabian Sea),12.8615,74.843,2.0,July 2024 High Spring Tide Monsoon,2024-06-15T12:00,0.1,1003.6,13.5,32.4,0.257,0.267,0.325
mangalore_netravati,Mangalore,Karnataka,West Coast (Arabian Sea),12.8615,74.843,2.0,July 2024 High Spring Tide Monsoon,2024-06-15T13:00,0.1,1004.6,9.2,22.0,0.261,0.265,0.324
mangalore_netravati,Mangalore,Karnataka,West Coast (Arabian Sea),12.8615,74.843,2.0,July 2024 High Spring Tide Monsoon,2024-06-15T14:00,0.2,1005.1,5.1,16.9,0.262,0.264,0.324
mangalore_netravati,Mangalore,Karnataka,West Coast (Arabian Sea),12.8615,74.843,2.0,July 2024 High Spring Tide Monsoon,2024-06-15T15:00,0.0,1006.0,4.5,9.0,0.262,0.264,0.324
mangalore_netravati,Mangalore,Karnataka,West Coast (Arabian Sea),12.8615,74.843,2.0,July 2024 High Spring Tide Monsoon,2024-06-15T16:00,0.0,1006.4,4.2,7.6,0.261,0.264,0.323
mangalore_netravati,Mangalore,Karnataka,West Coast (Arabian Sea),12.8615,74.843,2.0,July 2024 High Spring Tide Monsoon,2024-06-15T17:00,0.0,1006.5,6.3,10.8,0.261,0.263,0.323
mangalore_netravati,Mangalore,Karnataka,West Coast (Arabian Sea),12.8615,74.843,2.0,July 2024 High Spring Tide Monsoon,2024-06-15T18:00,0.0,1006.3,7.7,14.0,0.261,0.263,0.323
mangalore_netravati,Mangalore,Karnataka,West Coast (Arabian Sea),12.8615,74.843,2.0,July 2024 High Spring Tide Monsoon,2024-06-15T19:00,0.0,1005.7,5.2,13.7,0.26,0.262,0.322
mangalore_netravati,Mangalore,Karnataka,West Coast (Arabian Sea),12.8615,74.843,2.0,July 2024 High Spring Tide Monsoon,2024-06-15T20:00,0.1,1005.6,3.4,9.0,0.261,0.262,0.322
mangalore_netravati,Mangalore,Karnataka,West Coast (Arabian Sea),12.8615,74.843,2.0,July 2024 High Spring Tide Monsoon,2024-06-15T21:00,0.4,1005.3,5.6,13.3,0.264,0.262,0.322
mangalore_netravati,Mangalore,Karnataka,West Coast (Arabian Sea),12.8615,74.843,2.0,July 2024 High Spring Tide Monsoon,2024-06-15T22:00,0.3,1005.1,6.4,12.2,0.266,0.261,0.321
mangalore_netravati,Mangalore,Karnataka,West Coast (Arabian Sea),12.8615,74.843,2.0,July 2024 High Spring Tide Monsoon,2024-06-15T23:00,0.2,1005.3,6.2,11.9,0.267,0.261,0.321
mangalore_netravati,Mangalore,Karnataka,West Coast (Arabian Sea),12.8615,74.843,2.0,July 2024 High Spring Tide Monsoon,2024-06-16T00:00,0.6,1005.6,5.4,11.5,0.273,0.261,0.321
mangalore_netravati,Mangalore,Karnataka,West Coast (Arabian Sea),12.8615,74.843,2.0,July 2024 High Spring Tide Monsoon,2024-06-16T01:00,0.1,1005.6,7.9,15.1,0.277,0.261,0.32
mangalore_netravati,Mangalore,Karnataka,West Coast (Arabian Sea),12.8615,74.843,2.0,July 2024 High Spring Tide Monsoon,2024-06-16T02:00,0.2,1006.2,10.3,22.0,0.277,0.261,0.32
mangalore_netravati,Mangalore,Karnataka,West Coast (Arabian Sea),12.8615,74.843,2.0,July 2024 High Spring Tide Monsoon,2024-06-16T03:00,0.3,1006.7,9.4,20.2,0.277,0.262,0.32
mangalore_netravati,Mangalore,Karnataka,West Coast (Arabian Sea),12.8615,74.843,2.0,July 2024 High Spring Tide Monsoon,2024-06-16T04:00,0.6,1007.1,11.4,24.8,0.28,0.262,0.319
mangalore_netravati,Mangalore,Karnataka,West Coast (Arabian Sea),12.8615,74.843,2.0,July 2024 High Spring Tide Monsoon,2024-06-16T05:00,0.1,1007.1,13.3,28.8,0.278,0.262,0.319
mangalore_netravati,Mangalore,Karnataka,West Coast (Arabian Sea),12.8615,74.843,2.0,July 2024 High Spring Tide Monsoon,2024-06-16T06:00,3.1,1007.1,15.3,33.5,0.31,0.263,0.319
mangalore_netravati,Mangalore,Karnataka,West Coast (Arabian Sea),12.8615,74.843,2.0,July 2024 High Spring Tide Monsoon,2024-06-16T07:00,0.5,1006.4,15.4,32.0,0.305,0.265,0.318
mangalore_netravati,Mangalore,Karnataka,West Coast (Arabian Sea),12.8615,74.843,2.0,July 2024 High Spring Tide Monsoon,2024-06-16T08:00,0.1,1005.3,13.4,31.7,0.298,0.266,0.318
mangalore_netravati,Mangalore,Karnataka,West Coast (Arabian Sea),12.8615,74.843,2.0,July 2024 High Spring Tide Monsoon,2024-06-16T09:00,1.7,1004.5,12.8,30.2,0.309,0.267,0.318
mangalore_netravati,Mangalore,Karnataka,West Coast (Arabian Sea),12.8615,74.843,2.0,July 2024 High Spring Tide Monsoon,2024-06-16T10:00,7.4,1004.5,11.2,30.2,0.365,0.28,0.317
mangalore_netravati,Mangalore,Karnataka,West Coast (Arabian Sea),12.8615,74.843,2.0,July 2024 High Spring Tide Monsoon,2024-06-16T11:00,1.4,1004.4,8.9,24.8,0.339,0.293,0.317
mangalore_netravati,Mangalore,Karnataka,West Coast (Arabian Sea),12.8615,74.843,2.0,July 2024 High Spring Tide Monsoon,2024-06-16T12:00,0.9,1004.5,8.7,20.5,0.331,0.298,0.317
mangalore_netravati,Mangalore,Karnataka,West Coast (Arabian Sea),12.8615,74.843,2.0,July 2024 High Spring Tide Monsoon,2024-06-16T13:00,0.6,1004.6,4.9,13.3,0.315,0.291,0.317
mangalore_netravati,Mangalore,Karnataka,West Coast (Arabian Sea),12.8615,74.843,2.0,July 2024 High Spring Tide Monsoon,2024-06-16T14:00,0.3,1005.5,3.7,9.0,0.313,0.292,0.317
mangalore_netravati,Mangalore,Karnataka,West Coast (Arabian Sea),12.8615,74.843,2.0,July 2024 High Spring Tide Monsoon,2024-06-16T15:00,0.5,1005.9,6.4,12.2,0.312,0.293,0.317
mangalore_netravati,Mangalore,Karnataka,West Coast (Arabian Sea),12.8615,74.843,2.0,July 2024 High Spring Tide Monsoon,2024-06-16T16:00,0.0,1006.2,3.6,11.9,0.307,0.294,0.317
mangalore_netravati,Mangalore,Karnataka,West Coast (Arabian Sea),12.8615,74.843,2.0,July 2024 High Spring Tide Monsoon,2024-06-16T17:00,0.0,1006.3,6.5,11.9,0.303,0.294,0.317
mangalore_netravati,Mangalore,Karnataka,West Coast (Arabian Sea),12.8615,74.843,2.0,July 2024 High Spring Tide Monsoon,2024-06-16T18:00,0.0,1006.3,7.1,12.6,0.3,0.294,0.316
mangalore_netravati,Mangalore,Karnataka,West Coast (Arabian Sea),12.8615,74.843,2.0,July 2024 High Spring Tide Monsoon,2024-06-16T19:00,0.0,1006.1,8.9,16.2,0.297,0.294,0.316
mangalore_netravati,Mangalore,Karnataka,West Coast (Arabian Sea),12.8615,74.843,2.0,July 2024 High Spring Tide Monsoon,2024-06-16T20:00,0.2,1005.4,6.4,15.5,0.297,0.294,0.316
mangalore_netravati,Mangalore,Karnataka,West Coast (Arabian Sea),12.8615,74.843,2.0,July 2024 High Spring Tide Monsoon,2024-06-16T21:00,0.2,1004.9,7.4,13.0,0.297,0.294,0.316
mangalore_netravati,Mangalore,Karnataka,West Coast (Arabian Sea),12.8615,74.843,2.0,July 2024 High Spring Tide Monsoon,2024-06-16T22:00,0.3,1004.7,6.3,14.8,0.299,0.294,0.316
mangalore_netravati,Mangalore,Karnataka,West Coast (Arabian Sea),12.8615,74.843,2.0,July 2024 High Spring Tide Monsoon,2024-06-16T23:00,0.1,1004.6,5.7,12.2,0.297,0.294,0.316
mangalore_netravati,Mangalore,Karnataka,West Coast (Arabian Sea),12.8615,74.843,2.0,July 2024 High Spring Tide Monsoon,2024-06-17T00:00,0.4,1005.2,8.9,15.5,0.301,0.293,0.316
mangalore_netravati,Mangalore,Karnataka,West Coast (Arabian Sea),12.8615,74.843,2.0,July 2024 High Spring Tide Monsoon,2024-06-17T01:00,0.1,1005.3,4.3,14.8,0.305,0.319,0.318
mangalore_netravati,Mangalore,Karnataka,West Coast (Arabian Sea),12.8615,74.843,2.0,July 2024 High Spring Tide Monsoon,2024-06-17T02:00,0.1,1006.1,6.3,14.0,0.304,0.319,0.318
mangalore_netravati,Mangalore,Karnataka,West Coast (Arabian Sea),12.8615,74.843,2.0,July 2024 High Spring Tide Monsoon,2024-06-17T03:00,0.0,1006.8,6.7,16.9,0.302,0.318,0.318
mangalore_netravati,Mangalore,Karnataka,West Coast (Arabian Sea),12.8615,74.843,2.0,July 2024 High Spring Tide Monsoon,2024-06-17T04:00,0.0,1006.8,6.6,18.0,0.3,0.317,0.318
mangalore_netravati,Mangalore,Karnataka,West Coast (Arabian Sea),12.8615,74.843,2.0,July 2024 High Spring Tide Monsoon,2024-06-17T05:00,0.2,1007.2,11.1,25.2,0.299,0.315,0.318
mangalore_netravati,Mangalore,Karnataka,West Coast (Arabian Sea),12.8615,74.843,2.0,July 2024 High Spring Tide Monsoon,2024-06-17T06:00,5.7,1007.1,9.3,28.1,0.349,0.321,0.318
mangalore_netravati,Mangalore,Karnataka,West Coast (Arabian Sea),12.8615,74.843,2.0,July 2024 High Spring Tide Monsoon,2024-06-17T07:00,0.2,1006.3,11.3,24.5,0.334,0.324,0.318
mangalore_netravati,Mangalore,Karnataka,West Coast (Arabian Sea),12.8615,74.843,2.0,July 2024 High Spring Tide Monsoon,2024-06-17T08:00,0.2,1005.6,12.0,27.0,0.326,0.324,0.318
mangalore_netravati,Mangalore,Karnataka,West Coast (Arabian Sea),12.8615,74.843,2.0,July 2024 High Spring Tide Monsoon,2024-06-17T09:00,0.7,1004.9,12.0,27.0,0.324,0.323,0.318
mangalore_netravati,Mangalore,Karnataka,West Coast (Arabian Sea),12.8615,74.843,2.0,July 2024 High Spring Tide Monsoon,2024-06-17T10:00,9.0,1005.1,11.5,31.0,0.387,0.34,0.318
mangalore_netravati,Mangalore,Karnataka,West Coast (Arabian Sea),12.8615,74.843,2.0,July 2024 High Spring Tide Monsoon,2024-06-17T11:00,1.2,1004.9,10.6,23.0,0.355,0.35,0.319
mangalore_netravati,Mangalore,Karnataka,West Coast (Arabian Sea),12.8615,74.843,2.0,July 2024 High Spring Tide Monsoon,2024-06-17T12:00,0.2,1005.1,10.0,22.0,0.344,0.349,0.32
mangalore_netravati,Mangalore,Karnataka,West Coast (Arabian Sea),12.8615,74.843,2.0,July 2024 High Spring Tide Monsoon,2024-06-17T13:00,0.0,1004.5,6.4,18.4,0.321,0.323,0.318
mangalore_netravati,Mangalore,Karnataka,West Coast (Arabian Sea),12.8615,74.843,2.0,July 2024 High Spring Tide Monsoon,2024-06-17T14:00,0.0,1005.1,4.7,11.5,0.317,0.322,0.318
mangalore_netravati,Mangalore,Karnataka,West Coast (Arabian Sea),12.8615,74.843,2.0,July 2024 High Spring Tide Monsoon,2024-06-17T15:00,5.2,1006.4,6.5,14.0,0.369,0.326,0.318
mangalore_netravati,Mangalore,Karnataka,West Coast (Arabian Sea),12.8615,74.843,2.0,July 2024 High Spring Tide Monsoon,2024-06-17T16:00,3.5,1007.1,4.8,12.2,0.359,0.342,0.319
mangalore_netravati,Mangalore,Karnataka,West Coast (Arabian Sea),12.8615,74.843,2.0,July 2024 High Spring Tide Monsoon,2024-06-17T17:00,1.1,1007.5,0.8,9.0,0.355,0.345,0.32
mangalore_netravati,Mangalore,Karnataka,West Coast (Arabian Sea),12.8615,74.843,2.0,July 2024 High Spring Tide Monsoon,2024-06-17T18:00,0.8,1007.2,2.8,6.1,0.351,0.345,0.32
mangalore_netravati,Mangalore,Karnataka,West Coast (Arabian Sea),12.8615,74.843,2.0,July 2024 High Spring Tide Monsoon,2024-06-17T19:00,0.1,1006.4,4.0,7.9,0.34,0.345,0.321
mangalore_netravati,Mangalore,Karnataka,West Coast (Arabian Sea),12.8615,74.843,2.0,July 2024 High Spring Tide Monsoon,2024-06-17T20:00,0.1,1006.0,4.7,7.9,0.333,0.343,0.322
mangalore_netravati,Mangalore,Karnataka,West Coast (Arabian Sea),12.8615,74.843,2.0,July 2024 High Spring Tide Monsoon,2024-06-17T21:00,0.1,1005.3,7.7,13.7,0.327,0.341,0.323
mangalore_netravati,Mangalore,Karnataka,West Coast (Arabian Sea),12.8615,74.843,2.0,July 2024 High Spring Tide Monsoon,2024-06-17T22:00,2.8,1005.6,6.8,16.2,0.358,0.341,0.323
mangalore_netravati,Mangalore,Karnataka,West Coast (Arabian Sea),12.8615,74.843,2.0,July 2024 High Spring Tide Monsoon,2024-06-17T23:00,3.3,1005.6,5.4,17.6,0.36,0.351,0.324
mangalore_netravati,Mangalore,Karnataka,West Coast (Arabian Sea),12.8615,74.843,2.0,July 2024 High Spring Tide Monsoon,2024-06-18T00:00,0.5,1005.6,5.5,11.2,0.35,0.351,0.325
mangalore_netravati,Mangalore,Karnataka,West Coast (Arabian Sea),12.8615,74.843,2.0,July 2024 High Spring Tide Monsoon,2024-06-18T01:00,0.3,1005.8,3.7,9.7,0.327,0.326,0.319
mangalore_netravati,Mangalore,Karnataka,West Coast (Arabian Sea),12.8615,74.843,2.0,July 2024 High Spring Tide Monsoon,2024-06-18T02:00,3.3,1006.8,2.5,11.5,0.359,0.329,0.319
mangalore_netravati,Mangalore,Karnataka,West Coast (Arabian Sea),12.8615,74.843,2.0,July 2024 High Spring Tide Monsoon,2024-06-18T03:00,1.6,1007.1,2.4,10.8,0.35,0.336,0.32
mangalore_netravati,Mangalore,Karnataka,West Coast (Arabian Sea),12.8615,74.843,2.0,July 2024 High Spring Tide Monsoon,2024-06-18T04:00,1.8,1007.6,5.6,17.3,0.354,0.34,0.32
mangalore_netravati,Mangalore,Karnataka,West Coast (Arabian Sea),12.8615,74.843,2.0,July 2024 High Spring Tide Monsoon,2024-06-18T05:00,1.3,1007.5,4.3,18.7,0.349,0.343,0.321
mangalore_netravati,Mangalore,Karnataka,West Coast (Arabian Sea),12.8615,74.843,2.0,July 2024 High Spring Tide Monsoon,2024-06-18T06:00,0.8,1007.4,2.1,13.3,0.344,0.343,0.322
mangalore_netravati,Mangalore,Karnataka,West Coast (Arabian Sea),12.8615,74.843,2.0,July 2024 High Spring Tide Monsoon,2024-06-18T07:00,0.4,1006.2,7.4,23.4,0.337,0.342,0.322
mangalore_netravati,Mangalore,Karnataka,West Coast (Arabian Sea),12.8615,74.843,2.0,July 2024 High Spring Tide Monsoon,2024-06-18T08:00,0.6,1005.7,12.9,31.3,0.333,0.34,0.323
mangalore_netravati,Mangalore,Karnataka,West Coast (Arabian Sea),12.8615,74.843,2.0,July 2024 High Spring Tide Monsoon,2024-06-18T09:00,0.1,1005.2,11.2,32.4,0.326,0.338,0.323
mangalore_netravati,Mangalore,Karnataka,West Coast (Arabian Sea),12.8615,74.843,2.0,July 2024 High Spring Tide Monsoon,2024-06-18T10:00,4.8,1005.3,17.4,37.1,0.368,0.34,0.323
mangalore_netravati,Mangalore,Karnataka,West Coast (Arabian Sea),12.8615,74.843,2.0,July 2024 High Spring Tide Monsoon,2024-06-18T11:00,2.4,1004.5,6.4,36.0,0.358,0.349,0.324
mangalore_netravati,Mangalore,Karnataka,West Coast (Arabian Sea),12.8615,74.843,2.0,July 2024 High Spring Tide Monsoon,2024-06-18T12:00,0.4,1004.8,8.8,17.3,0.346,0.349,0.325
mangalore_netravati,Mangalore,Karnataka,West Coast (Arabian Sea),12.8615,74.843,2.0,July 2024 High Spring Tide Monsoon,2024-06-18T13:00,0.1,1004.7,5.9,16.6,0.289,0.309,0.32
mangalore_netravati,Mangalore,Karnataka,West Coast (Arabian Sea),12.8615,74.843,2.0,July 2024 High Spring Tide Monsoon,2024-06-18T14:00,0.1,1005.3,3.4,10.4,0.289,0.308,0.319
mangalore_netravati,Mangalore,Karnataka,West Coast (Arabian Sea),12.8615,74.843,2.0,July 2024 High Spring Tide Monsoon,2024-06-18T15:00,0.9,1006.0,2.1,7.9,0.298,0.307,0.319
mangalore_netravati,Mangalore,Karnataka,West Coast (Arabian Sea),12.8615,74.843,2.0,July 2024 High Spring Tide Monsoon,2024-06-18T16:00,0.1,1006.5,4.7,7.9,0.297,0.307,0.319
mangalore_netravati,Mangalore,Karnataka,West Coast (Arabian Sea),12.8615,74.843,2.0,July 2024 High Spring Tide Monsoon,2024-06-18T17:00,0.1,1007.2,4.3,14.0,0.297,0.306,0.319
mangalore_netravati,Mangalore,Karnataka,West Coast (Arabian Sea),12.8615,74.843,2.0,July 2024 High Spring Tide Monsoon,2024-06-18T18:00,0.6,1007.3,6.1,14.8,0.303,0.305,0.319
mangalore_netravati,Mangalore,Karnataka,West Coast (Arabian Sea),12.8615,74.843,2.0,July 2024 High Spring Tide Monsoon,2024-06-18T19:00,5.9,1006.8,7.6,19.8,0.363,0.311,0.319
mangalore_netravati,Mangalore,Karnataka,West Coast (Arabian Sea),12.8615,74.843,2.0,July 2024 High Spring Tide Monsoon,2024-06-18T20:00,0.1,1006.1,7.6,15.5,0.339,0.318,0.319
mangalore_netravati,Mangalore,Karnataka,West Coast (Arabian Sea),12.8615,74.843,2.0,July 2024 High Spring Tide Monsoon,2024-06-18T21:00,0.3,1005.4,9.4,19.8,0.331,0.321,0.319
mangalore_netravati,Mangalore,Karnataka,West Coast (Arabian Sea),12.8615,74.843,2.0,July 2024 High Spring Tide Monsoon,2024-06-18T22:00,0.0,1004.4,6.8,16.6,0.324,0.322,0.319
mangalore_netravati,Mangalore,Karnataka,West Coast (Arabian Sea),12.8615,74.843,2.0,July 2024 High Spring Tide Monsoon,2024-06-18T23:00,0.0,1004.8,7.4,14.0,0.319,0.322,0.319
mangalore_netravati,Mangalore,Karnataka,West Coast (Arabian Sea),12.8615,74.843,2.0,July 2024 High Spring Tide Monsoon,2024-06-19T00:00,0.0,1005.0,7.9,13.3,0.315,0.321,0.319
mangalore_netravati,Mangalore,Karnataka,West Coast (Arabian Sea),12.8615,74.843,2.0,July 2024 High Spring Tide Monsoon,2024-06-19T01:00,2.5,1005.5,6.8,15.8,0.33,0.307,0.319
mangalore_netravati,Mangalore,Karnataka,West Coast (Arabian Sea),12.8615,74.843,2.0,July 2024 High Spring Tide Monsoon,2024-06-19T02:00,0.4,1005.7,6.8,16.9,0.325,0.309,0.319
mangalore_netravati,Mangalore,Karnataka,West Coast (Arabian Sea),12.8615,74.843,2.0,July 2024 High Spring Tide Monsoon,2024-06-19T03:00,4.2,1006.0,6.6,15.8,0.351,0.317,0.319
mangalore_netravati,Mangalore,Karnataka,West Coast (Arabian Sea),12.8615,74.843,2.0,July 2024 High Spring Tide Monsoon,2024-06-19T04:00,1.2,1007.1,5.8,16.9,0.346,0.323,0.319
mangalore_netravati,Mangalore,Karnataka,West Coast (Arabian Sea),12.8615,74.843,2.0,July 2024 High Spring Tide Monsoon,2024-06-19T05:00,0.6,1006.6,7.6,18.7,0.337,0.326,0.319
mangalore_netravati,Mangalore,Karnataka,West Coast (Arabian Sea),12.8615,74.843,2.0,July 2024 High Spring Tide Monsoon,2024-06-19T06:00,0.2,1005.9,6.1,18.0,0.33,0.327,0.319
mangalore_netravati,Mangalore,Karnataka,West Coast (Arabian Sea),12.8615,74.843,2.0,July 2024 High Spring Tide Monsoon,2024-06-19T07:00,0.2,1005.0,6.6,24.1,0.324,0.326,0.319
mangalore_netravati,Mangalore,Karnataka,West Coast (Arabian Sea),12.8615,74.843,2.0,July 2024 High Spring Tide Monsoon,2024-06-19T08:00,0.0,1004.0,8.4,27.4,0.317,0.325,0.319
mangalore_netravati,Mangalore,Karnataka,West Coast (Arabian Sea),12.8615,74.843,2.0,July 2024 High Spring Tide Monsoon,2024-06-19T09:00,0.5,1003.6,8.3,28.8,0.316,0.324,0.319
mangalore_netravati,Mangalore,Karnataka,West Coast (Arabian Sea),12.8615,74.843,2.0,July 2024 High Spring Tide Monsoon,2024-06-19T10:00,0.1,1002.8,10.1,28.1,0.312,0.323,0.319
mangalore_netravati,Mangalore,Karnataka,West Coast (Arabian Sea),12.8615,74.843,2.0,July 2024 High Spring Tide Monsoon,2024-06-19T11:00,4.6,1002.7,9.8,28.8,0.358,0.325,0.319
mangalore_netravati,Mangalore,Karnataka,West Coast (Arabian Sea),12.8615,74.843,2.0,July 2024 High Spring Tide Monsoon,2024-06-19T12:00,0.6,1003.1,4.9,24.8,0.342,0.33,0.319
mangalore_netravati,Mangalore,Karnataka,West Coast (Arabian Sea),12.8615,74.843,2.0,July 2024 High Spring Tide Monsoon,2024-06-19T13:00,0.0,1003.3,3.1,18.0,0.303,0.3,0.318
mangalore_netravati,Mangalore,Karnataka,West Coast (Arabian Sea),12.8615,74.843,2.0,July 2024 High Spring Tide Monsoon,2024-06-19T14:00,0.0,1003.8,3.6,11.2,0.3,0.3,0.318
mangalore_netravati,Mangalore,Karnataka,West Coast (Arabian Sea),12.8615,74.843,2.0,July 2024 High Spring Tide Monsoon,2024-06-19T15:00,0.1,1004.7,3.5,12.2,0.299,0.299,0.318
mangalore_netravati,Mangalore,Karnataka,West Coast (Arabian Sea),12.8615,74.843,2.0,July 2024 High Spring Tide Monsoon,2024-06-19T16:00,0.8,1005.6,3.9,10.4,0.303,0.299,0.318
mangalore_netravati,Mangalore,Karnataka,West Coast (Arabian Sea),12.8615,74.843,2.0,July 2024 High Spring Tide Monsoon,2024-06-19T17:00,1.5,1006.1,3.9,15.1,0.316,0.3,0.318
mangalore_netravati,Mangalore,Karnataka,West Coast (Arabian Sea),12.8615,74.843,2.0,July 2024 High Spring Tide Monsoon,2024-06-19T18:00,1.4,1006.4,8.6,16.6,0.328,0.301,0.318
mangalore_netravati,Mangalore,Karnataka,West Coast (Arabian Sea),12.8615,74.843,2.0,July 2024 High Spring Tide Monsoon,2024-06-19T19:00,1.2,1005.6,4.6,19.4,0.33,0.305,0.318
mangalore_netravati,Mangalore,Karnataka,West Coast (Arabian Sea),12.8615,74.843,2.0,July 2024 High Spring Tide Monsoon,2024-06-19T20:00,0.1,1004.9,5.8,10.4,0.321,0.307,0.318
mangalore_netravati,Mangalore,Karnataka,West Coast (Arabian Sea),12.8615,74.843,2.0,July 2024 High Spring Tide Monsoon,2024-06-19T21:00,0.1,1004.6,12.3,20.9,0.316,0.308,0.318
mangalore_netravati,Mangalore,Karnataka,West Coast (Arabian Sea),12.8615,74.843,2.0,July 2024 High Spring Tide Monsoon,2024-06-19T22:00,0.2,1004.2,9.1,22.0,0.314,0.308,0.317
mangalore_netravati,Mangalore,Karnataka,West Coast (Arabian Sea),12.8615,74.843,2.0,July 2024 High Spring Tide Monsoon,2024-06-19T23:00,0.2,1004.2,4.8,16.2,0.312,0.308,0.317
mangalore_netravati,Mangalore,Karnataka,West Coast (Arabian Sea),12.8615,74.843,2.0,July 2024 High Spring Tide Monsoon,2024-06-20T00:00,1.4,1004.3,2.2,16.6,0.325,0.309,0.317
mangalore_netravati,Mangalore,Karnataka,West Coast (Arabian Sea),12.8615,74.843,2.0,July 2024 High Spring Tide Monsoon,2024-06-20T01:00,0.1,1004.7,6.0,19.4,0.301,0.298,0.317
mangalore_netravati,Mangalore,Karnataka,West Coast (Arabian Sea),12.8615,74.843,2.0,July 2024 High Spring Tide Monsoon,2024-06-20T02:00,0.4,1005.2,4.0,11.9,0.302,0.297,0.317
mangalore_netravati,Mangalore,Karnataka,West Coast (Arabian Sea),12.8615,74.843,2.0,July 2024 High Spring Tide Monsoon,2024-06-20T03:00,0.9,1006.1,1.8,18.0,0.309,0.297,0.317
mangalore_netravati,Mangalore,Karnataka,West Coast (Arabian Sea),12.8615,74.843,2.0,July 2024 High Spring Tide Monsoon,2024-06-20T04:00,0.5,1006.5,7.2,15.8,0.309,0.298,0.317
mangalore_netravati,Mangalore,Karnataka,West Coast (Arabian Sea),12.8615,74.843,2.0,July 2024 High Spring Tide Monsoon,2024-06-20T05:00,0.3,1006.7,11.5,30.2,0.307,0.298,0.317
mangalore_netravati,Mangalore,Karnataka,West Coast (Arabian Sea),12.8615,74.843,2.0,July 2024 High Spring Tide Monsoon,2024-06-20T06:00,0.3,1006.7,13.2,32.4,0.305,0.298,0.317
mangalore_netravati,Mangalore,Karnataka,West Coast (Arabian Sea),12.8615,74.843,2.0,July 2024 High Spring Tide Monsoon,2024-06-20T07:00,0.3,1006.1,12.0,32.4,0.303,0.298,0.317
mangalore_netravati,Mangalore,Karnataka,West Coast (Arabian Sea),12.8615,74.843,2.0,July 2024 High Spring Tide Monsoon,2024-06-20T08:00,0.3,1005.6,13.8,34.6,0.301,0.297,0.316
mangalore_netravati,Mangalore,Karnataka,West Coast (Arabian Sea),12.8615,74.843,2.0,July 2024 High Spring Tide Monsoon,2024-06-20T09:00,0.2,1004.9,14.2,37.1,0.299,0.297,0.316
mangalore_netravati,Mangalore,Karnataka,West Coast (Arabian Sea),12.8615,74.843,2.0,July 2024 High Spring Tide Monsoon,2024-06-20T10:00,0.0,1004.2,12.7,37.4,0.296,0.296,0.316
mangalore_netravati,Mangalore,Karnataka,West Coast (Arabian Sea),12.8615,74.843,2.0,July 2024 High Spring Tide Monsoon,2024-06-20T11:00,0.0,1003.8,11.5,33.5,0.293,0.295,0.316
mangalore_netravati,Mangalore,Karnataka,West Coast (Arabian Sea),12.8615,74.843,2.0,July 2024 High Spring Tide Monsoon,2024-06-20T12:00,0.5,1003.9,13.0,32.4,0.295,0.295,0.316
mangalore_netravati,Mangalore,Karnataka,West Coast (Arabian Sea),12.8615,74.843,2.0,July 2024 High Spring Tide Monsoon,2024-06-20T13:00,0.3,1003.6,11.2,21.6,0.291,0.295,0.316
mangalore_netravati,Mangalore,Karnataka,West Coast (Arabian Sea),12.8615,74.843,2.0,July 2024 High Spring Tide Monsoon,2024-06-20T14:00,0.7,1004.6,7.6,24.1,0.295,0.295,0.316
mangalore_netravati,Mangalore,Karnataka,West Coast (Arabian Sea),12.8615,74.843,2.0,July 2024 High Spring Tide Monsoon,2024-06-20T15:00,1.7,1005.4,7.1,19.4,0.313,0.296,0.316
mangalore_netravati,Mangalore,Karnataka,West Coast (Arabian Sea),12.8615,74.843,2.0,July 2024 High Spring Tide Monsoon,2024-06-20T16:00,0.2,1005.7,8.9,16.9,0.309,0.296,0.315
mangalore_netravati,Mangalore,Karnataka,West Coast (Arabian Sea),12.8615,74.843,2.0,July 2024 High Spring Tide Monsoon,2024-06-20T17:00,0.0,1006.1,6.4,15.8,0.305,0.297,0.315
mangalore_netravati,Mangalore,Karnataka,West Coast (Arabian Sea),12.8615,74.843,2.0,July 2024 High Spring Tide Monsoon,2024-06-20T18:00,0.2,1006.1,5.6,11.2,0.304,0.297,0.315
mangalore_netravati,Mangalore,Karnataka,West Coast (Arabian Sea),12.8615,74.843,2.0,July 2024 High Spring Tide Monsoon,2024-06-20T19:00,0.5,1005.7,6.5,11.2,0.307,0.297,0.315
mangalore_netravati,Mangalore,Karnataka,West Coast (Arabian Sea),12.8615,74.843,2.0,July 2024 High Spring Tide Monsoon,2024-06-20T20:00,0.1,1005.2,8.9,18.0,0.304,0.297,0.315
mangalore_netravati,Mangalore,Karnataka,West Coast (Arabian Sea),12.8615,74.843,2.0,July 2024 High Spring Tide Monsoon,2024-06-20T21:00,1.1,1004.7,10.0,19.1,0.314,0.298,0.315
mangalore_netravati,Mangalore,Karnataka,West Coast (Arabian Sea),12.8615,74.843,2.0,July 2024 High Spring Tide Monsoon,2024-06-20T22:00,0.7,1004.2,11.2,20.2,0.317,0.299,0.315
mangalore_netravati,Mangalore,Karnataka,West Coast (Arabian Sea),12.8615,74.843,2.0,July 2024 High Spring Tide Monsoon,2024-06-20T23:00,2.7,1004.3,8.0,23.4,0.344,0.301,0.315
mangalore_netravati,Mangalore,Karnataka,West Coast (Arabian Sea),12.8615,74.843,2.0,July 2024 High Spring Tide Monsoon,2024-06-21T00:00,5.6,1004.3,6.5,19.4,0.367,0.318,0.315
mangalore_netravati,Mangalore,Karnataka,West Coast (Arabian Sea),12.8615,74.843,2.0,July 2024 High Spring Tide Monsoon,2024-06-21T01:00,0.1,1004.9,7.6,17.6,0.32,0.306,0.315
mangalore_netravati,Mangalore,Karnataka,West Coast (Arabian Sea),12.8615,74.843,2.0,July 2024 High Spring Tide Monsoon,2024-06-21T02:00,0.5,1005.4,6.5,16.6,0.32,0.307,0.315
mangalore_netravati,Mangalore,Karnataka,West Coast (Arabian Sea),12.8615,74.843,2.0,July 2024 High Spring Tide Monsoon,2024-06-21T03:00,0.1,1005.6,7.2,17.3,0.315,0.308,0.315
mangalore_netravati,Mangalore,Karnataka,West Coast (Arabian Sea),12.8615,74.843,2.0,July 2024 High Spring Tide Monsoon,2024-06-21T04:00,0.2,1006.3,5.0,22.3,0.312,0.308,0.315
mangalore_netravati,Mangalore,Karnataka,West Coast (Arabian Sea),12.8615,74.843,2.0,July 2024 High Spring Tide Monsoon,2024-06-21T05:00,0.1,1006.5,4.2,13.0,0.309,0.308,0.315
mangalore_netravati,Mangalore,Karnataka,West Coast (Arabian Sea),12.8615,74.843,2.0,July 2024 High Spring Tide Monsoon,2024-06-21T06:00,0.1,1006.1,8.4,19.1,0.306,0.308,0.314
mangalore_netravati,Mangalore,Karnataka,West Coast (Arabian Sea),12.8615,74.843,2.0,July 2024 High Spring Tide Monsoon,2024-06-21T07:00,0.3,1005.8,14.9,32.0,0.305,0.307,0.314
mangalore_netravati,Mangalore,Karnataka,West Coast (Arabian Sea),12.8615,74.843,2.0,July 2024 High Spring Tide Monsoon,2024-06-21T08:00,1.6,1005.5,14.5,36.0,0.316,0.308,0.314
mangalore_netravati,Mangalore,Karnataka,West Coast (Arabian Sea),12.8615,74.843,2.0,July 2024 High Spring Tide Monsoon,2024-06-21T09:00,0.1,1004.7,9.4,29.9,0.311,0.308,0.314
mangalore_netravati,Mangalore,Karnataka,West Coast (Arabian Sea),12.8615,74.843,2.0,July 2024 High Spring Tide Monsoon,2024-06-21T10:00,0.1,1004.2,9.5,22.0,0.307,0.307,0.314
mangalore_netravati,Mangalore,Karnataka,West Coast (Arabian Sea),12.8615,74.843,2.0,July 2024 High Spring Tide Monsoon,2024-06-21T11:00,0.3,1003.6,8.7,20.9,0.306,0.307,0.314
mangalore_netravati,Mangalore,Karnataka,West Coast (Arabian Sea),12.8615,74.843,2.0,July 2024 High Spring Tide Monsoon,2024-06-21T12:00,0.3,1004.0,9.7,23.8,0.305,0.307,0.314
mangalore_netravati,Mangalore,Karnataka,West Coast (Arabian Sea),12.8615,74.843,2.0,July 2024 High Spring Tide Monsoon,2024-06-21T13:00,0.0,1003.6,4.2,14.0,0.306,0.308,0.314
mangalore_netravati,Mangalore,Karnataka,West Coast (Arabian Sea),12.8615,74.843,2.0,July 2024 High Spring Tide Monsoon,2024-06-21T14:00,0.0,1004.1,5.4,9.4,0.303,0.308,0.314
mangalore_netravati,Mangalore,Karnataka,West Coast (Arabian Sea),12.8615,74.843,2.0,July 2024 High Spring Tide Monsoon,2024-06-21T15:00,0.1,1005.1,10.1,18.7,0.302,0.307,0.314
mangalore_netravati,Mangalore,Karnataka,West Coast (Arabian Sea),12.8615,74.843,2.0,July 2024 High Spring Tide Monsoon,2024-06-21T16:00,1.5,1006.0,20.8,37.8,0.315,0.307,0.313
mangalore_netravati,Mangalore,Karnataka,West Coast (Arabian Sea),12.8615,74.843,2.0,July 2024 High Spring Tide Monsoon,2024-06-21T17:00,0.3,1006.2,12.1,37.4,0.313,0.308,0.313
mangalore_netravati,Mangalore,Karnataka,West Coast (Arabian Sea),12.8615,74.843,2.0,July 2024 High Spring Tide Monsoon,2024-06-21T18:00,0.0,1006.0,10.8,20.9,0.309,0.308,0.313
mangalore_netravati,Mangalore,Karnataka,West Coast (Arabian Sea),12.8615,74.843,2.0,July 2024 High Spring Tide Monsoon,2024-06-21T19:00,0.0,1004.7,4.0,19.1,0.307,0.308,0.313
mangalore_netravati,Mangalore,Karnataka,West Coast (Arabian Sea),12.8615,74.843,2.0,July 2024 High Spring Tide Monsoon,2024-06-21T20:00,0.1,1003.8,5.6,11.2,0.305,0.308,0.313
mangalore_netravati,Mangalore,Karnataka,West Coast (Arabian Sea),12.8615,74.843,2.0,July 2024 High Spring Tide Monsoon,2024-06-21T21:00,0.0,1002.8,3.4,10.1,0.303,0.307,0.313
mangalore_netravati,Mangalore,Karnataka,West Coast (Arabian Sea),12.8615,74.843,2.0,July 2024 High Spring Tide Monsoon,2024-06-21T22:00,0.1,1002.4,5.6,11.2,0.301,0.307,0.313
mangalore_netravati,Mangalore,Karnataka,West Coast (Arabian Sea),12.8615,74.843,2.0,July 2024 High Spring Tide Monsoon,2024-06-21T23:00,1.1,1002.8,1.1,10.1,0.314,0.307,0.313
mangalore_netravati,Mangalore,Karnataka,West Coast (Arabian Sea),12.8615,74.843,2.0,July 2024 High Spring Tide Monsoon,2024-06-22T00:00,2.3,1003.2,5.7,17.6,0.334,0.309,0.313
mangalore_netravati,Mangalore,Karnataka,West Coast (Arabian Sea),12.8615,74.843,2.0,July 2024 High Spring Tide Monsoon,2024-06-22T01:00,1.9,1003.4,6.6,18.7,0.355,0.337,0.316
mangalore_netravati,Mangalore,Karnataka,West Coast (Arabian Sea),12.8615,74.843,2.0,July 2024 High Spring Tide Monsoon,2024-06-22T02:00,7.5,1003.9,10.0,30.6,0.385,0.357,0.317
mangalore_netravati,Mangalore,Karnataka,West Coast (Arabian Sea),12.8615,74.843,2.0,July 2024 High Spring Tide Monsoon,2024-06-22T03:00,8.4,1004.6,6.8,24.1,0.396,0.38,0.32
mangalore_netravati,Mangalore,Karnataka,West Coast (Arabian Sea),12.8615,74.843,2.0,July 2024 High Spring Tide Monsoon,2024-06-22T04:00,22.9,1004.7,5.9,20.2,0.402,0.397,0.342
mangalore_netravati,Mangalore,Karnataka,West Coast (Arabian Sea),12.8615,74.843,2.0,July 2024 High Spring Tide Monsoon,2024-06-22T05:00,23.5,1005.2,5.9,17.6,0.4,0.395,0.369
mangalore_netravati,Mangalore,Karnataka,West Coast (Arabian Sea),12.8615,74.843,2.0,July 2024 High Spring Tide Monsoon,2024-06-22T06:00,5.2,1005.0,4.9,23.0,0.379,0.39,0.375
mangalore_netravati,Mangalore,Karnataka,West Coast (Arabian Sea),12.8615,74.843,2.0,July 2024 High Spring Tide Monsoon,2024-06-22T07:00,2.6,1004.4,4.7,11.9,0.375,0.383,0.377
mangalore_netravati,Mangalore,Karnataka,West Coast (Arabian Sea),12.8615,74.843,2.0,July 2024 High Spring Tide Monsoon,2024-06-22T08:00,4.3,1003.5,6.6,25.6,0.385,0.383,0.378
mangalore_netravati,Mangalore,Karnataka,West Coast (Arabian Sea),12.8615,74.843,2.0,July 2024 High Spring Tide Monsoon,2024-06-22T09:00,3.1,1002.9,6.3,28.8,0.379,0.382,0.378
mangalore_netravati,Mangalore,Karnataka,West Coast (Arabian Sea),12.8615,74.843,2.0,July 2024 High Spring Tide Monsoon,2024-06-22T10:00,1.5,1002.2,4.7,22.7,0.365,0.379,0.378
mangalore_netravati,Mangalore,Karnataka,West Coast (Arabian Sea),12.8615,74.843,2.0,July 2024 High Spring Tide Monsoon,2024-06-22T11:00,0.7,1002.2,1.8,13.3,0.352,0.373,0.378
mangalore_netravati,Mangalore,Karnataka,West Coast (Arabian Sea),12.8615,74.843,2.0,July 2024 High Spring Tide Monsoon,2024-06-22T12:00,0.8,1002.4,4.1,18.4,0.349,0.366,0.377
mangalore_netravati,Mangalore,Karnataka,West Coast (Arabian Sea),12.8615,74.843,2.0,July 2024 High Spring Tide Monsoon,2024-06-22T13:00,1.3,1002.2,3.9,14.4,0.346,0.34,0.325
mangalore_netravati,Mangalore,Karnataka,West Coast (Arabian Sea),12.8615,74.843,2.0,July 2024 High Spring Tide Monsoon,2024-06-22T14:00,0.8,1003.0,1.5,7.6,0.345,0.341,0.325
mangalore_netravati,Mangalore,Karnataka,West Coast (Arabian Sea),12.8615,74.843,2.0,July 2024 High Spring Tide Monsoon,2024-06-22T15:00,0.9,1004.2,1.6,9.0,0.345,0.341,0.326
mangalore_netravati,Mangalore,Karnataka,West Coast (Arabian Sea),12.8615,74.843,2.0,July 2024 High Spring Tide Monsoon,2024-06-22T16:00,1.4,1004.6,2.3,9.4,0.351,0.342,0.326
mangalore_netravati,Mangalore,Karnataka,West Coast (Arabian Sea),12.8615,74.843,2.0,July 2024 High Spring Tide Monsoon,2024-06-22T17:00,1.1,1004.3,0.4,8.6,0.35,0.344,0.327
mangalore_netravati,Mangalore,Karnataka,West Coast (Arabian Sea),12.8615,74.843,2.0,July 2024 High Spring Tide Monsoon,2024-06-22T18:00,0.8,1004.2,3.4,3.2,0.348,0.344,0.327
mangalore_netravati,Mangalore,Karnataka,West Coast (Arabian Sea),12.8615,74.843,2.0,July 2024 High Spring Tide Monsoon,2024-06-22T19:00,1.3,1003.7,4.4,19.1,0.351,0.345,0.328
mangalore_netravati,Mangalore,Karnataka,West Coast (Arabian Sea),12.8615,74.843,2.0,July 2024 High Spring Tide Monsoon,2024-06-22T20:00,2.7,1003.4,1.8,9.4,0.366,0.348,0.328
mangalore_netravati,Mangalore,Karnataka,West Coast (Arabian Sea),12.8615,74.843,2.0,July 2024 High Spring Tide Monsoon,2024-06-22T21:00,1.3,1002.4,4.7,11.2,0.357,0.352,0.329
mangalore_netravati,Mangalore,Karnataka,West Coast (Arabian Sea),12.8615,74.843,2.0,July 2024 High Spring Tide Monsoon,2024-06-22T22:00,3.0,1002.0,3.8,13.0,0.374,0.354,0.33
mangalore_netravati,Mangalore,Karnataka,West Coast (Arabian Sea),12.8615,74.843,2.0,July 2024 High Spring Tide Monsoon,2024-06-22T23:00,22.0,1001.5,6.2,19.8,0.4,0.4,0.341
mangalore_netravati,Mangalore,Karnataka,West Coast (Arabian Sea),12.8615,74.843,2.0,July 2024 High Spring Tide Monsoon,2024-06-23T00:00,9.2,1001.6,8.9,26.3,0.385,0.39,0.356
mangalore_netravati,Mangalore,Karnataka,West Coast (Arabian Sea),12.8615,74.843,2.0,July 2024 High Spring Tide Monsoon,2024-06-23T01:00,11.7,1002.4,15.5,28.4,0.398,0.394,0.347
mangalore_netravati,Mangalore,Karnataka,West Coast (Arabian Sea),12.8615,74.843,2.0,July 2024 High Spring Tide Monsoon,2024-06-23T02:00,5.5,1003.0,15.7,36.4,0.389,0.389,0.355
mangalore_netravati,Mangalore,Karnataka,West Coast (Arabian Sea),12.8615,74.843,2.0,July 2024 High Spring Tide Monsoon,2024-06-23T03:00,3.3,1003.3,12.7,31.0,0.38,0.384,0.36
mangalore_netravati,Mangalore,Karnataka,West Coast (Arabian Sea),12.8615,74.843,2.0,July 2024 High Spring Tide Monsoon,2024-06-23T04:00,3.0,1003.9,13.5,30.6,0.372,0.381,0.363
mangalore_netravati,Mangalore,Karnataka,West Coast (Arabian Sea),12.8615,74.843,2.0,July 2024 High Spring Tide Monsoon,2024-06-23T05:00,0.9,1004.0,7.7,30.6,0.358,0.375,0.365
mangalore_netravati,Mangalore,Karnataka,West Coast (Arabian Sea),12.8615,74.843,2.0,July 2024 High Spring Tide Monsoon,2024-06-23T06:00,1.8,1003.7,5.7,19.4,0.357,0.372,0.366
mangalore_netravati,Mangalore,Karnataka,West Coast (Arabian Sea),12.8615,74.843,2.0,July 2024 High Spring Tide Monsoon,2024-06-23T07:00,0.2,1003.3,5.4,18.7,0.345,0.367,0.366
mangalore_netravati,Mangalore,Karnataka,West Coast (Arabian Sea),12.8615,74.843,2.0,July 2024 High Spring Tide Monsoon,2024-06-23T08:00,0.6,1002.3,11.2,28.1,0.34,0.362,0.365
mangalore_netravati,Mangalore,Karnataka,West Coast (Arabian Sea),12.8615,74.843,2.0,July 2024 High Spring Tide Monsoon,2024-06-23T09:00,1.1,1001.8,10.7,32.4,0.34,0.357,0.365
mangalore_netravati,Mangalore,Karnataka,West Coast (Arabian Sea),12.8615,74.843,2.0,July 2024 High Spring Tide Monsoon,2024-06-23T10:00,0.5,1000.8,15.4,29.9,0.335,0.353,0.365
mangalore_netravati,Mangalore,Karnataka,West Coast (Arabian Sea),12.8615,74.843,2.0,July 2024 High Spring Tide Monsoon,2024-06-23T11:00,0.3,1000.7,16.9,38.2,0.331,0.349,0.364
mangalore_netravati,Mangalore,Karnataka,West Coast (Arabian Sea),12.8615,74.843,2.0,July 2024 High Spring Tide Monsoon,2024-06-23T12:00,0.8,1000.7,17.0,37.4,0.331,0.345,0.364
mangalore_netravati,Mangalore,Karnataka,West Coast (Arabian Sea),12.8615,74.843,2.0,July 2024 High Spring Tide Monsoon,2024-06-23T13:00,1.1,1001.1,12.0,29.5,0.348,0.342,0.371
mangalore_netravati,Mangalore,Karnataka,West Coast (Arabian Sea),12.8615,74.843,2.0,July 2024 High Spring Tide Monsoon,2024-06-23T14:00,3.4,1002.0,13.4,37.4,0.363,0.345,0.37
mangalore_netravati,Mangalore,Karnataka,West Coast (Arabian Sea),12.8615,74.843,2.0,July 2024 High Spring Tide Monsoon,2024-06-23T15:00,0.8,1002.7,10.2,31.3,0.352,0.345,0.37
mangalore_netravati,Mangalore,Karnataka,West Coast (Arabian Sea),12.8615,74.843,2.0,July 2024 High Spring Tide Monsoon,2024-06-23T16:00,0.6,1003.2,7.6,18.4,0.345,0.343,0.369
mangalore_netravati,Mangalore,Karnataka,West Coast (Arabian Sea),12.8615,74.843,2.0,July 2024 High Spring Tide Monsoon,2024-06-23T17:00,1.1,1003.9,9.8,28.4,0.347,0.34,0.368
mangalore_netravati,Mangalore,Karnataka,West Coast (Arabian Sea),12.8615,74.843,2.0,July 2024 High Spring Tide Monsoon,2024-06-23T18:00,0.5,1003.8,7.6,25.9,0.341,0.338,0.367
mangalore_netravati,Mangalore,Karnataka,West Coast (Arabian Sea),12.8615,74.843,2.0,July 2024 High Spring Tide Monsoon,2024-06-23T19:00,1.1,1003.3,14.3,26.3,0.347,0.335,0.366
mangalore_netravati,Mangalore,Karnataka,West Coast (Arabian Sea),12.8615,74.843,2.0,July 2024 High Spring Tide Monsoon,2024-06-23T20:00,1.0,1002.7,12.2,26.3,0.345,0.334,0.366
mangalore_netravati,Mangalore,Karnataka,West Coast (Arabian Sea),12.8615,74.843,2.0,July 2024 High Spring Tide Monsoon,2024-06-23T21:00,4.6,1002.2,10.2,26.6,0.372,0.34,0.365
mangalore_netravati,Mangalore,Karnataka,West Coast (Arabian Sea),12.8615,74.843,2.0,July 2024 High Spring Tide Monsoon,2024-06-23T22:00,2.1,1001.7,5.5,24.8,0.356,0.349,0.365
mangalore_netravati,Mangalore,Karnataka,West Coast (Arabian Sea),12.8615,74.843,2.0,July 2024 High Spring Tide Monsoon,2024-06-23T23:00,2.1,1001.7,9.0,28.1,0.361,0.351,0.364
mangalore_netravati,Mangalore,Karnataka,West Coast (Arabian Sea),12.8615,74.843,2.0,July 2024 High Spring Tide Monsoon,2024-06-24T00:00,1.7,1001.6,5.1,22.0,0.36,0.352,0.364
mangalore_netravati,Mangalore,Karnataka,West Coast (Arabian Sea),12.8615,74.843,2.0,July 2024 High Spring Tide Monsoon,2024-06-24T01:00,0.9,1001.7,9.4,17.3,0.342,0.343,0.367
mangalore_netravati,Mangalore,Karnataka,West Coast (Arabian Sea),12.8615,74.843,2.0,July 2024 High Spring Tide Monsoon,2024-06-24T02:00,0.7,1002.0,5.4,16.2,0.341,0.339,0.366
mangalore_netravati,Mangalore,Karnataka,West Coast (Arabian Sea),12.8615,74.843,2.0,July 2024 High Spring Tide Monsoon,2024-06-24T03:00,1.0,1002.5,10.5,25.2,0.342,0.337,0.366
mangalore_netravati,Mangalore,Karnataka,West Coast (Arabian Sea),12.8615,74.843,2.0,July 2024 High Spring Tide Monsoon,2024-06-24T04:00,1.5,1003.5,16.8,36.4,0.347,0.335,0.365
mangalore_netravati,Mangalore,Karnataka,West Coast (Arabian Sea),12.8615,74.843,2.0,July 2024 High Spring Tide Monsoon,2024-06-24T05:00,1.7,1003.6,10.2,36.0,0.352,0.335,0.364
mangalore_netravati,Mangalore,Karnataka,West Coast (Arabian Sea),12.8615,74.843,2.0,July 2024 High Spring Tide Monsoon,2024-06-24T06:00,1.8,1003.4,8.7,25.6,0.353,0.336,0.364
mangalore_netravati,Mangalore,Karnataka,West Coast (Arabian Sea),12.8615,74.843,2.0,July 2024 High Spring Tide Monsoon,2024-06-24T07:00,1.6,1002.8,11.5,27.4,0.35,0.337,0.363
mangalore_netravati,Mangalore,Karnataka,West Coast (Arabian Sea),12.8615,74.843,2.0,July 2024 High Spring Tide Monsoon,2024-06-24T08:00,2.1,1002.2,16.7,39.2,0.351,0.34,0.363
mangalore_netravati,Mangalore,Karnataka,West Coast (Arabian Sea),12.8615,74.843,2.0,July 2024 High Spring Tide Monsoon,2024-06-24T09:00,1.3,1001.5,18.3,46.4,0.348,0.34,0.362
mangalore_netravati,Mangalore,Karnataka,West Coast (Arabian Sea),12.8615,74.843,2.0,July 2024 High Spring Tide Monsoon,2024-06-24T10:00,0.3,1001.0,14.3,40.0,0.338,0.338,0.362
mangalore_netravati,Mangalore,Karnataka,West Coast (Arabian Sea),12.8615,74.843,2.0,July 2024 High Spring Tide Monsoon,2024-06-24T11:00,1.7,1000.9,18.0,38.9,0.345,0.336,0.361
mangalore_netravati,Mangalore,Karnataka,West Coast (Arabian Sea),12.8615,74.843,2.0,July 2024 High Spring Tide Monsoon,2024-06-24T12:00,1.0,1000.6,12.2,34.9,0.344,0.335,0.361
mangalore_netravati,Mangalore,Karnataka,West Coast (Arabian Sea),12.8615,74.843,2.0,July 2024 High Spring Tide Monsoon,2024-06-24T13:00,0.2,1001.1,6.6,17.3,0.318,0.321,0.36
mangalore_netravati,Mangalore,Karnataka,West Coast (Arabian Sea),12.8615,74.843,2.0,July 2024 High Spring Tide Monsoon,2024-06-24T14:00,0.1,1001.5,7.9,13.0,0.315,0.318,0.359
mangalore_netravati,Mangalore,Karnataka,West Coast (Arabian Sea),12.8615,74.843,2.0,July 2024 High Spring Tide Monsoon,2024-06-24T15:00,0.7,1002.6,12.7,24.5,0.318,0.316,0.359
mangalore_netravati,Mangalore,Karnataka,West Coast (Arabian Sea),12.8615,74.843,2.0,July 2024 High Spring Tide Monsoon,2024-06-24T16:00,0.6,1003.2,13.6,27.7,0.321,0.314,0.358
mangalore_netravati,Mangalore,Karnataka,West Coast (Arabian Sea),12.8615,74.843,2.0,July 2024 High Spring Tide Monsoon,2024-06-24T17:00,1.0,1003.0,12.6,28.8,0.326,0.313,0.357
mangalore_netravati,Mangalore,Karnataka,West Coast (Arabian Sea),12.8615,74.843,2.0,July 2024 High Spring Tide Monsoon,2024-06-24T18:00,1.4,1003.0,12.0,35.6,0.334,0.313,0.357
mangalore_netravati,Mangalore,Karnataka,West Coast (Arabian Sea),12.8615,74.843,2.0,July 2024 High Spring Tide Monsoon,2024-06-24T19:00,1.5,1002.5,11.0,20.9,0.343,0.313,0.356
mangalore_netravati,Mangalore,Karnataka,West Coast (Arabian Sea),12.8615,74.843,2.0,July 2024 High Spring Tide Monsoon,2024-06-24T20:00,0.8,1002.2,12.0,25.2,0.337,0.316,0.355
mangalore_netravati,Mangalore,Karnataka,West Coast (Arabian Sea),12.8615,74.843,2.0,July 2024 High Spring Tide Monsoon,2024-06-24T21:00,0.7,1001.3,15.1,31.7,0.334,0.316,0.355
mangalore_netravati,Mangalore,Karnataka,West Coast (Arabian Sea),12.8615,74.843,2.0,July 2024 High Spring Tide Monsoon,2024-06-24T22:00,1.6,1000.9,15.7,37.4,0.339,0.318,0.354
mangalore_netravati,Mangalore,Karnataka,West Coast (Arabian Sea),12.8615,74.843,2.0,July 2024 High Spring Tide Monsoon,2024-06-24T23:00,0.4,1001.1,13.0,32.4,0.332,0.318,0.354
mangalore_netravati,Mangalore,Karnataka,West Coast (Arabian Sea),12.8615,74.843,2.0,July 2024 High Spring Tide Monsoon,2024-06-25T00:00,4.4,1001.7,18.0,38.9,0.362,0.325,0.353
mangalore_netravati,Mangalore,Karnataka,West Coast (Arabian Sea),12.8615,74.843,2.0,July 2024 High Spring Tide Monsoon,2024-06-25T01:00,0.7,1001.8,13.0,40.0,0.349,0.358,0.355
mangalore_netravati,Mangalore,Karnataka,West Coast (Arabian Sea),12.8615,74.843,2.0,July 2024 High Spring Tide Monsoon,2024-06-25T02:00,1.1,1002.3,14.9,36.7,0.351,0.357,0.355
mangalore_netravati,Mangalore,Karnataka,West Coast (Arabian Sea),12.8615,74.843,2.0,July 2024 High Spring Tide Monsoon,2024-06-25T03:00,0.2,1002.5,13.0,32.4,0.342,0.355,0.355
mangalore_netravati,Mangalore,Karnataka,West Coast (Arabian Sea),12.8615,74.843,2.0,July 2024 High Spring Tide Monsoon,2024-06-25T04:00,4.1,1003.3,19.0,42.5,0.374,0.357,0.355
mangalore_netravati,Mangalore,Karnataka,West Coast (Arabian Sea),12.8615,74.843,2.0,July 2024 High Spring Tide Monsoon,2024-06-25T05:00,1.2,1003.0,13.7,41.0,0.357,0.36,0.355
mangalore_netravati,Mangalore,Karnataka,West Coast (Arabian Sea),12.8615,74.843,2.0,July 2024 High Spring Tide Monsoon,2024-06-25T06:00,4.4,1002.7,14.3,40.7,0.37,0.367,0.356
mangalore_netravati,Mangalore,Karnataka,West Coast (Arabian Sea),12.8615,74.843,2.0,July 2024 High Spring Tide Monsoon,2024-06-25T07:00,1.8,1002.8,20.9,46.4,0.367,0.366,0.357
mangalore_netravati,Mangalore,Karnataka,West Coast (Arabian Sea),12.8615,74.843,2.0,July 2024 High Spring Tide Monsoon,2024-06-25T08:00,0.5,1002.0,17.7,46.4,0.352,0.364,0.357
mangalore_netravati,Mangalore,Karnataka,West Coast (Arabian Sea),12.8615,74.843,2.0,July 2024 High Spring Tide Monsoon,2024-06-25T09:00,3.4,1001.6,19.1,45.4,0.367,0.365,0.358
mangalore_netravati,Mangalore,Karnataka,West Coast (Arabian Sea),12.8615,74.843,2.0,July 2024 High Spring Tide Monsoon,2024-06-25T10:00,1.3,1001.2,17.8,45.7,0.359,0.364,0.358
mangalore_netravati,Mangalore,Karnataka,West Coast (Arabian Sea),12.8615,74.843,2.0,July 2024 High Spring Tide Monsoon,2024-06-25T11:00,1.3,1000.9,19.0,41.4,0.358,0.362,0.359
mangalore_netravati,Mangalore,Karnataka,West Coast (Arabian Sea),12.8615,74.843,2.0,July 2024 High Spring Tide Monsoon,2024-06-25T12:00,3.4,1001.2,17.5,45.4,0.374,0.365,0.359
mangalore_netravati,Mangalore,Karnataka,West Coast (Arabian Sea),12.8615,74.843,2.0,July 2024 High Spring Tide Monsoon,2024-06-25T13:00,3.2,1001.1,17.7,34.6,0.379,0.367,0.361
mangalore_netravati,Mangalore,Karnataka,West Coast (Arabian Sea),12.8615,74.843,2.0,July 2024 High Spring Tide Monsoon,2024-06-25T14:00,10.7,1001.8,11.4,34.6,0.403,0.391,0.363
mangalore_netravati,Mangalore,Karnataka,West Coast (Arabian Sea),12.8615,74.843,2.0,July 2024 High Spring Tide Monsoon,2024-06-25T15:00,6.2,1003.3,10.6,24.5,0.393,0.391,0.37
mangalore_netravati,Mangalore,Karnataka,West Coast (Arabian Sea),12.8615,74.843,2.0,July 2024 High Spring Tide Monsoon,2024-06-25T16:00,4.5,1003.4,11.2,28.1,0.386,0.388,0.374
mangalore_netravati,Mangalore,Karnataka,West Coast (Arabian Sea),12.8615,74.843,2.0,July 2024 High Spring Tide Monsoon,2024-06-25T17:00,7.3,1003.9,5.4,24.5,0.386,0.395,0.379
mangalore_netravati,Mangalore,Karnataka,West Coast (Arabian Sea),12.8615,74.843,2.0,July 2024 High Spring Tide Monsoon,2024-06-25T18:00,4.0,1004.0,12.6,22.7,0.383,0.388,0.382
mangalore_netravati,Mangalore,Karnataka,West Coast (Arabian Sea),12.8615,74.843,2.0,July 2024 High Spring Tide Monsoon,2024-06-25T19:00,1.8,1003.4,10.7,24.8,0.368,0.383,0.383
mangalore_netravati,Mangalore,Karnataka,West Coast (Arabian Sea),12.8615,74.843,2.0,July 2024 High Spring Tide Monsoon,2024-06-25T20:00,0.7,1002.8,13.0,27.0,0.356,0.375,0.382
mangalore_netravati,Mangalore,Karnataka,West Coast (Arabian Sea),12.8615,74.843,2.0,July 2024 High Spring Tide Monsoon,2024-06-25T21:00,1.3,1002.1,12.3,26.3,0.356,0.368,0.381
mangalore_netravati,Mangalore,Karnataka,West Coast (Arabian Sea),12.8615,74.843,2.0,July 2024 High Spring Tide Monsoon,2024-06-25T22:00,3.5,1002.2,17.4,34.6,0.372,0.366,0.381
mangalore_netravati,Mangalore,Karnataka,West Coast (Arabian Sea),12.8615,74.843,2.0,July 2024 High Spring Tide Monsoon,2024-06-25T23:00,1.3,1001.9,19.7,37.4,0.364,0.362,0.38
mangalore_netravati,Mangalore,Karnataka,West Coast (Arabian Sea),12.8615,74.843,2.0,July 2024 High Spring Tide Monsoon,2024-06-26T00:00,0.7,1001.9,15.3,38.5,0.354,0.357,0.379
mangalore_netravati,Mangalore,Karnataka,West Coast (Arabian Sea),12.8615,74.843,2.0,July 2024 High Spring Tide Monsoon,2024-06-26T01:00,2.1,1001.8,18.7,35.3,0.373,0.375,0.373
mangalore_netravati,Mangalore,Karnataka,West Coast (Arabian Sea),12.8615,74.843,2.0,July 2024 High Spring Tide Monsoon,2024-06-26T02:00,5.8,1002.5,22.1,39.6,0.402,0.38,0.373
mangalore_netravati,Mangalore,Karnataka,West Coast (Arabian Sea),12.8615,74.843,2.0,July 2024 High Spring Tide Monsoon,2024-06-26T03:00,6.7,1002.6,17.2,45.0,0.38,0.391,0.377
mangalore_netravati,Mangalore,Karnataka,West Coast (Arabian Sea),12.8615,74.843,2.0,July 2024 High Spring Tide Monsoon,2024-06-26T04:00,1.8,1003.2,12.5,36.0,0.366,0.383,0.379
mangalore_netravati,Mangalore,Karnataka,West Coast (Arabian Sea),12.8615,74.843,2.0,July 2024 High Spring Tide Monsoon,2024-06-26T05:00,0.4,1003.3,16.8,36.7,0.351,0.375,0.379
mangalore_netravati,Mangalore,Karnataka,West Coast (Arabian Sea),12.8615,74.843,2.0,July 2024 High Spring Tide Monsoon,2024-06-26T06:00,1.1,1003.0,19.3,40.0,0.35,0.366,0.379
mangalore_netravati,Mangalore,Karnataka,West Coast (Arabian Sea),12.8615,74.843,2.0,July 2024 High Spring Tide Monsoon,2024-06-26T07:00,1.3,1003.0,21.0,42.1,0.349,0.36,0.378
mangalore_netravati,Mangalore,Karnataka,West Coast (Arabian Sea),12.8615,74.843,2.0,July 2024 High Spring Tide Monsoon,2024-06-26T08:00,2.0,1003.0,20.1,45.0,0.356,0.355,0.377
mangalore_netravati,Mangalore,Karnataka,West Coast (Arabian Sea),12.8615,74.843,2.0,July 2024 High Spring Tide Monsoon,2024-06-26T09:00,1.3,1002.4,18.7,38.9,0.354,0.35,0.377
mangalore_netravati,Mangalore,Karnataka,West Coast (Arabian Sea),12.8615,74.843,2.0,July 2024 High Spring Tide Monsoon,2024-06-26T10:00,2.6,1002.1,16.1,42.8,0.365,0.349,0.376
mangalore_netravati,Mangalore,Karnataka,West Coast (Arabian Sea),12.8615,74.843,2.0,July 2024 High Spring Tide Monsoon,2024-06-26T11:00,3.5,1001.9,14.5,29.9,0.37,0.353,0.375
mangalore_netravati,Mangalore,Karnataka,West Coast (Arabian Sea),12.8615,74.843,2.0,July 2024 High Spring Tide Monsoon,2024-06-26T12:00,2.1,1002.4,16.9,35.6,0.366,0.355,0.374
mangalore_netravati,Mangalore,Karnataka,West Coast (Arabian Sea),12.8615,74.843,2.0,July 2024 High Spring Tide Monsoon,2024-06-26T13:00,2.7,1002.5,13.7,32.4,0.372,0.37,0.37
mangalore_netravati,Mangalore,Karnataka,West Coast (Arabian Sea),12.8615,74.843,2.0,July 2024 High Spring Tide Monsoon,2024-06-26T14:00,1.7,1003.5,18.4,33.8,0.368,0.37,0.37
mangalore_netravati,Mangalore,Karnataka,West Coast (Arabian Sea),12.8615,74.843,2.0,July 2024 High Spring Tide Monsoon,2024-06-26T15:00,4.2,1004.2,15.6,39.2,0.385,0.374,0.37
mangalore_netravati,Mangalore,Karnataka,West Coast (Arabian Sea),12.8615,74.843,2.0,July 2024 High Spring Tide Monsoon,2024-06-26T16:00,1.2,1004.4,11.5,28.1,0.366,0.374,0.37
mangalore_netravati,Mangalore,Karnataka,West Coast (Arabian Sea),12.8615,74.843,2.0,July 2024 High Spring Tide Monsoon,2024-06-26T17:00,1.6,1004.9,17.7,33.8,0.365,0.371,0.371
mangalore_netravati,Mangalore,Karnataka,West Coast (Arabian Sea),12.8615,74.843,2.0,July 2024 High Spring Tide Monsoon,2024-06-26T18:00,2.8,1004.9,15.9,34.6,0.372,0.372,0.371
mangalore_netravati,Mangalore,Karnataka,West Coast (Arabian Sea),12.8615,74.843,2.0,July 2024 High Spring Tide Monsoon,2024-06-26T19:00,1.8,1004.4,16.8,34.9,0.369,0.371,0.371
mangalore_netravati,Mangalore,Karnataka,West Coast (Arabian Sea),12.8615,74.843,2.0,July 2024 High Spring Tide Monsoon,2024-06-26T20:00,1.6,1003.2,18.4,36.7,0.365,0.37,0.371
mangalore_netravati,Mangalore,Karnataka,West Coast (Arabian Sea),12.8615,74.843,2.0,July 2024 High Spring Tide Monsoon,2024-06-26T21:00,3.9,1003.4,17.6,50.0,0.383,0.373,0.371
mangalore_netravati,Mangalore,Karnataka,West Coast (Arabian Sea),12.8615,74.843,2.0,July 2024 High Spring Tide Monsoon,2024-06-26T22:00,1.6,1003.3,21.7,41.8,0.37,0.373,0.371
mangalore_netravati,Mangalore,Karnataka,West Coast (Arabian Sea),12.8615,74.843,2.0,July 2024 High Spring Tide Monsoon,2024-06-26T23:00,2.4,1003.1,12.3,44.6,0.371,0.373,0.371
mangalore_netravati,Mangalore,Karnataka,West Coast (Arabian Sea),12.8615,74.843,2.0,July 2024 High Spring Tide Monsoon,2024-06-27T00:00,1.5,1003.4,14.1,34.9,0.366,0.372,0.371
mangalore_netravati,Mangalore,Karnataka,West Coast (Arabian Sea),12.8615,74.843,2.0,July 2024 High Spring Tide Monsoon,2024-06-27T01:00,5.1,1003.8,16.9,38.2,0.378,0.371,0.371
mangalore_netravati,Mangalore,Karnataka,West Coast (Arabian Sea),12.8615,74.843,2.0,July 2024 High Spring Tide Monsoon,2024-06-27T02:00,3.7,1004.4,15.1,40.3,0.379,0.377,0.372
mangalore_netravati,Mangalore,Karnataka,West Coast (Arabian Sea),12.8615,74.843,2.0,July 2024 High Spring Tide Monsoon,2024-06-27T03:00,2.3,1005.2,17.9,38.2,0.374,0.377,0.373
mangalore_netravati,Mangalore,Karnataka,West Coast (Arabian Sea),12.8615,74.843,2.0,July 2024 High Spring Tide Monsoon,2024-06-27T04:00,3.8,1005.2,11.2,36.7,0.386,0.378,0.373
mangalore_netravati,Mangalore,Karnataka,West Coast (Arabian Sea),12.8615,74.843,2.0,July 2024 High Spring Tide Monsoon,2024-06-27T05:00,2.6,1005.6,19.5,40.3,0.38,0.378,0.374
mangalore_netravati,Mangalore,Karnataka,West Coast (Arabian Sea),12.8615,74.843,2.0,July 2024 High Spring Tide Monsoon,2024-06-27T06:00,5.1,1005.9,14.5,39.2,0.387,0.384,0.375
mangalore_netravati,Mangalore,Karnataka,West Coast (Arabian Sea),12.8615,74.843,2.0,July 2024 High Spring Tide Monsoon,2024-06-27T07:00,1.8,1004.9,7.6,32.4,0.368,0.381,0.376
mangalore_netravati,Mangalore,Karnataka,West Coast (Arabian Sea),12.8615,74.843,2.0,July 2024 High Spring Tide Monsoon,2024-06-27T08:00,0.8,1004.4,12.1,24.5,0.354,0.375,0.377
mangalore_netravati,Mangalore,Karnataka,West Coast (Arabian Sea),12.8615,74.843,2.0,July 2024 High Spring Tide Monsoon,2024-06-27T09:00,0.9,1004.3,13.2,30.6,0.349,0.368,0.376
mangalore_netravati,Mangalore,Karnataka,West Coast (Arabian Sea),12.8615,74.843,2.0,July 2024 High Spring Tide Monsoon,2024-06-27T10:00,1.7,1004.2,12.0,32.8,0.355,0.362,0.376
mangalore_netravati,Mangalore,Karnataka,West Coast (Arabian Sea),12.8615,74.843,2.0,July 2024 High Spring Tide Monsoon,2024-06-27T11:00,2.9,1004.1,7.2,30.6,0.367,0.361,0.376
mangalore_netravati,Mangalore,Karnataka,West Coast (Arabian Sea),12.8615,74.843,2.0,July 2024 High Spring Tide Monsoon,2024-06-27T12:00,1.5,1004.1,5.0,19.1,0.364,0.359,0.375
mangalore_netravati,Mangalore,Karnataka,West Coast (Arabian Sea),12.8615,74.843,2.0,July 2024 High Spring Tide Monsoon,2024-06-27T13:00,0.6,1003.7,12.6,23.0,0.347,0.353,0.369
mangalore_netravati,Mangalore,Karnataka,West Coast (Arabian Sea),12.8615,74.843,2.0,July 2024 High Spring Tide Monsoon,2024-06-27T14:00,1.0,1004.5,8.9,28.8,0.348,0.349,0.369
mangalore_netravati,Mangalore,Karnataka,West Coast (Arabian Sea),12.8615,74.843,2.0,July 2024 High Spring Tide Monsoon,2024-06-27T15:00,0.5,1005.0,11.7,26.6,0.344,0.346,0.368
mangalore_netravati,Mangalore,Karnataka,West Coast (Arabian Sea),12.8615,74.843,2.0,July 2024 High Spring Tide Monsoon,2024-06-27T16:00,0.1,1005.7,10.2,27.0,0.335,0.342,0.368
mangalore_netravati,Mangalore,Karnataka,West Coast (Arabian Sea),12.8615,74.843,2.0,July 2024 High Spring Tide Monsoon,2024-06-27T17:00,1.1,1006.9,6.1,27.0,0.341,0.339,0.367
mangalore_netravati,Mangalore,Karnataka,West Coast (Arabian Sea),12.8615,74.843,2.0,July 2024 High Spring Tide Monsoon,2024-06-27T18:00,3.6,1006.6,8.0,24.1,0.361,0.343,0.366
mangalore_netravati,Mangalore,Karnataka,West Coast (Arabian Sea),12.8615,74.843,2.0,July 2024 High Spring Tide Monsoon,2024-06-27T19:00,2.2,1006.1,14.9,28.8,0.365,0.345,0.366
mangalore_netravati,Mangalore,Karnataka,West Coast (Arabian Sea),12.8615,74.843,2.0,July 2024 High Spring Tide Monsoon,2024-06-27T20:00,0.4,1005.2,8.0,28.4,0.348,0.346,0.365
mangalore_netravati,Mangalore,Karnataka,West Coast (Arabian Sea),12.8615,74.843,2.0,July 2024 High Spring Tide Monsoon,2024-06-27T21:00,0.8,1004.7,9.7,30.6,0.347,0.343,0.364
mangalore_netravati,Mangalore,Karnataka,West Coast (Arabian Sea),12.8615,74.843,2.0,July 2024 High Spring Tide Monsoon,2024-06-27T22:00,1.7,1004.7,5.7,19.4,0.355,0.343,0.364
mangalore_netravati,Mangalore,Karnataka,West Coast (Arabian Sea),12.8615,74.843,2.0,July 2024 High Spring Tide Monsoon,2024-06-27T23:00,1.1,1004.7,6.0,12.2,0.352,0.343,0.363
mangalore_netravati,Mangalore,Karnataka,West Coast (Arabian Sea),12.8615,74.843,2.0,July 2024 High Spring Tide Monsoon,2024-06-28T00:00,0.7,1005.0,9.0,27.4,0.348,0.342,0.362
mangalore_netravati,Mangalore,Karnataka,West Coast (Arabian Sea),12.8615,74.843,2.0,July 2024 High Spring Tide Monsoon,2024-06-28T01:00,1.7,1005.3,4.0,18.4,0.36,0.348,0.362
mangalore_netravati,Mangalore,Karnataka,West Coast (Arabian Sea),12.8615,74.843,2.0,July 2024 High Spring Tide Monsoon,2024-06-28T02:00,0.8,1005.6,7.9,14.0,0.351,0.348,0.362
mangalore_netravati,Mangalore,Karnataka,West Coast (Arabian Sea),12.8615,74.843,2.0,July 2024 High Spring Tide Monsoon,2024-06-28T03:00,0.2,1005.8,12.4,23.8,0.341,0.346,0.361
mangalore_netravati,Mangalore,Karnataka,West Coast (Arabian Sea),12.8615,74.843,2.0,July 2024 High Spring Tide Monsoon,2024-06-28T04:00,0.1,1006.1,14.4,28.4,0.333,0.344,0.36
mangalore_netravati,Mangalore,Karnataka,West Coast (Arabian Sea),12.8615,74.843,2.0,July 2024 High Spring Tide Monsoon,2024-06-28T05:00,0.2,1006.1,14.9,30.6,0.327,0.34,0.359
mangalore_netravati,Mangalore,Karnataka,West Coast (Arabian Sea),12.8615,74.843,2.0,July 2024 High Spring Tide Monsoon,2024-06-28T06:00,0.3,1005.8,17.8,35.3,0.324,0.337,0.358
mangalore_netravati,Mangalore,Karnataka,West Coast (Arabian Sea),12.8615,74.843,2.0,July 2024 High Spring Tide Monsoon,2024-06-28T07:00,0.2,1005.0,16.7,40.3,0.319,0.333,0.357
mangalore_netravati,Mangalore,Karnataka,West Coast (Arabian Sea),12.8615,74.843,2.0,July 2024 High Spring Tide Monsoon,2024-06-28T08:00,0.2,1004.3,16.3,37.1,0.316,0.33,0.355
mangalore_netravati,Mangalore,Karnataka,West Coast (Arabian Sea),12.8615,74.843,2.0,July 2024 High Spring Tide Monsoon,2024-06-28T09:00,1.1,1004.0,12.7,38.5,0.32,0.327,0.354
mangalore_netravati,Mangalore,Karnataka,West Coast (Arabian Sea),12.8615,74.843,2.0,July 2024 High Spring Tide Monsoon,2024-06-28T10:00,0.9,1003.8,18.0,36.0,0.323,0.325,0.353
mangalore_netravati,Mangalore,Karnataka,West Coast (Arabian Sea),12.8615,74.843,2.0,July 2024 High Spring Tide Monsoon,2024-06-28T11:00,0.7,1003.6,11.3,38.5,0.324,0.323,0.351
mangalore_netravati,Mangalore,Karnataka,West Coast (Arabian Sea),12.8615,74.843,2.0,July 2024 High Spring Tide Monsoon,2024-06-28T12:00,0.7,1003.5,9.1,24.1,0.324,0.321,0.35
mangalore_netravati,Mangalore,Karnataka,West Coast (Arabian Sea),12.8615,74.843,2.0,July 2024 High Spring Tide Monsoon,2024-06-28T13:00,0.0,1003.3,8.9,26.6,0.312,0.326,0.35
mangalore_netravati,Mangalore,Karnataka,West Coast (Arabian Sea),12.8615,74.843,2.0,July 2024 High Spring Tide Monsoon,2024-06-28T14:00,1.2,1004.4,8.6,23.4,0.319,0.324,0.349
mangalore_netravati,Mangalore,Karnataka,West Coast (Arabian Sea),12.8615,74.843,2.0,July 2024 High Spring Tide Monsoon,2024-06-28T15:00,0.2,1004.9,11.8,20.5,0.317,0.322,0.347
mangalore_netravati,Mangalore,Karnataka,West Coast (Arabian Sea),12.8615,74.843,2.0,July 2024 High Spring Tide Monsoon,2024-06-28T16:00,1.5,1005.9,7.4,21.6,0.333,0.321,0.346
mangalore_netravati,Mangalore,Karnataka,West Coast (Arabian Sea),12.8615,74.843,2.0,July 2024 High Spring Tide Monsoon,2024-06-28T17:00,0.7,1006.2,11.2,19.4,0.332,0.321,0.344
mangalore_netravati,Mangalore,Karnataka,West Coast (Arabian Sea),12.8615,74.843,2.0,July 2024 High Spring Tide Monsoon,2024-06-28T18:00,0.1,1006.0,9.2,20.2,0.325,0.321,0.343
mangalore_netravati,Mangalore,Karnataka,West Coast (Arabian Sea),12.8615,74.843,2.0,July 2024 High Spring Tide Monsoon,2024-06-28T19:00,0.4,1005.4,7.9,16.6,0.324,0.32,0.341
mangalore_netravati,Mangalore,Karnataka,West Coast (Arabian Sea),12.8615,74.843,2.0,July 2024 High Spring Tide Monsoon,2024-06-28T20:00,0.7,1004.7,8.1,16.9,0.327,0.32,0.34
mangalore_netravati,Mangalore,Karnataka,West Coast (Arabian Sea),12.8615,74.843,2.0,July 2024 High Spring Tide Monsoon,2024-06-28T21:00,0.6,1004.3,7.7,16.2,0.327,0.32,0.338
mangalore_netravati,Mangalore,Karnataka,West Coast (Arabian Sea),12.8615,74.843,2.0,July 2024 High Spring Tide Monsoon,2024-06-28T22:00,3.3,1004.4,7.1,13.0,0.351,0.325,0.337
mangalore_netravati,Mangalore,Karnataka,West Coast (Arabian Sea),12.8615,74.843,2.0,July 2024 High Spring Tide Monsoon,2024-06-28T23:00,0.7,1004.8,8.0,16.9,0.343,0.329,0.335
mangalore_netravati,Mangalore,Karnataka,West Coast (Arabian Sea),12.8615,74.843,2.0,July 2024 High Spring Tide Monsoon,2024-06-29T00:00,1.1,1004.9,6.6,16.6,0.343,0.331,0.334
mangalore_netravati,Mangalore,Karnataka,West Coast (Arabian Sea),12.8615,74.843,2.0,July 2024 High Spring Tide Monsoon,2024-06-29T01:00,1.6,1004.9,5.4,11.5,0.343,0.34,0.334
mangalore_netravati,Mangalore,Karnataka,West Coast (Arabian Sea),12.8615,74.843,2.0,July 2024 High Spring Tide Monsoon,2024-06-29T02:00,0.7,1005.5,5.9,15.8,0.341,0.34,0.333
mangalore_netravati,Mangalore,Karnataka,West Coast (Arabian Sea),12.8615,74.843,2.0,July 2024 High Spring Tide Monsoon,2024-06-29T03:00,0.6,1006.2,10.2,23.0,0.338,0.34,0.331
mangalore_netravati,Mangalore,Karnataka,West Coast (Arabian Sea),12.8615,74.843,2.0,July 2024 High Spring Tide Monsoon,2024-06-29T04:00,0.4,1006.4,9.4,25.2,0.334,0.34,0.33
mangalore_netravati,Mangalore,Karnataka,West Coast (Arabian Sea),12.8615,74.843,2.0,July 2024 High Spring Tide Monsoon,2024-06-29T05:00,0.1,1006.9,10.5,25.2,0.328,0.338,0.329
mangalore_netravati,Mangalore,Karnataka,West Coast (Arabian Sea),12.8615,74.843,2.0,July 2024 High Spring Tide Monsoon,2024-06-29T06:00,1.4,1006.3,9.9,24.5,0.334,0.338,0.328
mangalore_netravati,Mangalore,Karnataka,West Coast (Arabian Sea),12.8615,74.843,2.0,July 2024 High Spring Tide Monsoon,2024-06-29T07:00,0.3,1006.3,15.0,36.0,0.328,0.337,0.326
mangalore_netravati,Mangalore,Karnataka,West Coast (Arabian Sea),12.8615,74.843,2.0,July 2024 High Spring Tide Monsoon,2024-06-29T08:00,0.4,1005.9,13.6,34.9,0.325,0.335,0.325
mangalore_netravati,Mangalore,Karnataka,West Coast (Arabian Sea),12.8615,74.843,2.0,July 2024 High Spring Tide Monsoon,2024-06-29T09:00,0.5,1005.6,14.6,30.6,0.323,0.334,0.324
mangalore_netravati,Mangalore,Karnataka,West Coast (Arabian Sea),12.8615,74.843,2.0,July 2024 High Spring Tide Monsoon,2024-06-29T10:00,0.3,1005.2,14.3,32.8,0.32,0.332,0.322
mangalore_netravati,Mangalore,Karnataka,West Coast (Arabian Sea),12.8615,74.843,2.0,July 2024 High Spring Tide Monsoon,2024-06-29T11:00,0.7,1004.6,11.4,33.1,0.321,0.331,0.321
mangalore_netravati,Mangalore,Karnataka,West Coast (Arabian Sea),12.8615,74.843,2.0,July 2024 High Spring Tide Monsoon,2024-06-29T12:00,0.1,1004.5,11.7,31.0,0.317,0.33,0.32
mangalore_netravati,Mangalore,Karnataka,West Coast (Arabian Sea),12.8615,74.843,2.0,July 2024 High Spring Tide Monsoon,2024-06-29T13:00,0.1,1004.5,10.6,29.2,0.299,0.32,0.315
mangalore_netravati,Mangalore,Karnataka,West Coast (Arabian Sea),12.8615,74.843,2.0,July 2024 High Spring Tide Monsoon,2024-06-29T14:00,0.2,1005.1,8.0,24.5,0.3,0.318,0.314
mangalore_netravati,Mangalore,Karnataka,West Coast (Arabian Sea),12.8615,74.843,2.0,July 2024 High Spring Tide Monsoon,2024-06-29T15:00,0.0,1006.0,5.3,14.0,0.299,0.317,0.312
mangalore_netravati,Mangalore,Karnataka,West Coast (Arabian Sea),12.8615,74.843,2.0,July 2024 High Spring Tide Monsoon,2024-06-29T16:00,0.1,1006.5,4.0,9.7,0.298,0.316,0.311
mangalore_netravati,Mangalore,Karnataka,West Coast (Arabian Sea),12.8615,74.843,2.0,July 2024 High Spring Tide Monsoon,2024-06-29T17:00,0.3,1006.9,4.8,12.6,0.299,0.315,0.309
mangalore_netravati,Mangalore,Karnataka,West Coast (Arabian Sea),12.8615,74.843,2.0,July 2024 High Spring Tide Monsoon,2024-06-29T18:00,0.3,1007.0,5.2,8.6,0.3,0.314,0.308
mangalore_netravati,Mangalore,Karnataka,West Coast (Arabian Sea),12.8615,74.843,2.0,July 2024 High Spring Tide Monsoon,2024-06-29T19:00,0.2,1006.4,4.8,10.4,0.3,0.314,0.306
mangalore_netravati,Mangalore,Karnataka,West Coast (Arabian Sea),12.8615,74.843,2.0,July 2024 High Spring Tide Monsoon,2024-06-29T20:00,0.5,1005.8,6.9,13.7,0.304,0.313,0.305
mangalore_netravati,Mangalore,Karnataka,West Coast (Arabian Sea),12.8615,74.843,2.0,July 2024 High Spring Tide Monsoon,2024-06-29T21:00,0.2,1005.0,5.6,15.1,0.304,0.312,0.303
mangalore_netravati,Mangalore,Karnataka,West Coast (Arabian Sea),12.8615,74.843,2.0,July 2024 High Spring Tide Monsoon,2024-06-29T22:00,0.3,1004.8,5.8,10.8,0.305,0.312,0.302
mangalore_netravati,Mangalore,Karnataka,West Coast (Arabian Sea),12.8615,74.843,2.0,July 2024 High Spring Tide Monsoon,2024-06-29T23:00,0.7,1005.2,7.3,16.6,0.312,0.312,0.301
mangalore_netravati,Mangalore,Karnataka,West Coast (Arabian Sea),12.8615,74.843,2.0,July 2024 High Spring Tide Monsoon,2024-06-30T00:00,2.8,1005.5,8.3,22.0,0.339,0.314,0.299
mangalore_netravati,Mangalore,Karnataka,West Coast (Arabian Sea),12.8615,74.843,2.0,July 2024 High Spring Tide Monsoon,2024-06-30T01:00,0.2,1005.3,4.5,7.6,0.32,0.319,0.298
mangalore_netravati,Mangalore,Karnataka,West Coast (Arabian Sea),12.8615,74.843,2.0,July 2024 High Spring Tide Monsoon,2024-06-30T02:00,0.9,1006.0,7.8,18.0,0.326,0.319,0.297
mangalore_netravati,Mangalore,Karnataka,West Coast (Arabian Sea),12.8615,74.843,2.0,July 2024 High Spring Tide Monsoon,2024-06-30T03:00,0.3,1006.7,13.3,26.6,0.322,0.32,0.296
mangalore_netravati,Mangalore,Karnataka,West Coast (Arabian Sea),12.8615,74.843,2.0,July 2024 High Spring Tide Monsoon,2024-06-30T04:00,9.1,1007.9,11.5,32.0,0.379,0.339,0.295
mangalore_netravati,Mangalore,Karnataka,West Coast (Arabian Sea),12.8615,74.843,2.0,July 2024 High Spring Tide Monsoon,2024-06-30T05:00,1.1,1007.7,9.4,27.0,0.354,0.347,0.295
mangalore_netravati,Mangalore,Karnataka,West Coast (Arabian Sea),12.8615,74.843,2.0,July 2024 High Spring Tide Monsoon,2024-06-30T06:00,0.1,1007.4,11.9,30.2,0.341,0.345,0.294
mangalore_netravati,Mangalore,Karnataka,West Coast (Arabian Sea),12.8615,74.843,2.0,July 2024 High Spring Tide Monsoon,2024-06-30T07:00,2.2,1007.4,9.3,32.0,0.35,0.344,0.294
mangalore_netravati,Mangalore,Karnataka,West Coast (Arabian Sea),12.8615,74.843,2.0,July 2024 High Spring Tide Monsoon,2024-06-30T08:00,0.3,1006.5,13.6,28.4,0.34,0.343,0.294
mangalore_netravati,Mangalore,Karnataka,West Coast (Arabian Sea),12.8615,74.843,2.0,July 2024 High Spring Tide Monsoon,2024-06-30T09:00,0.1,1005.9,15.8,31.7,0.332,0.341,0.294
mangalore_netravati,Mangalore,Karnataka,West Coast (Arabian Sea),12.8615,74.843,2.0,July 2024 High Spring Tide Monsoon,2024-06-30T10:00,0.1,1005.1,13.4,32.8,0.326,0.338,0.293
mangalore_netravati,Mangalore,Karnataka,West Coast (Arabian Sea),12.8615,74.843,2.0,July 2024 High Spring Tide Monsoon,2024-06-30T11:00,0.3,1004.8,14.7,32.0,0.322,0.335,0.293
mangalore_netravati,Mangalore,Karnataka,West Coast (Arabian Sea),12.8615,74.843,2.0,July 2024 High Spring Tide Monsoon,2024-06-30T12:00,5.8,1005.4,13.1,32.8,0.375,0.339,0.292
mangalore_netravati,Mangalore,Karnataka,West Coast (Arabian Sea),12.8615,74.843,2.0,July 2024 High Spring Tide Monsoon,2024-06-30T13:00,0.3,1005.3,10.4,22.7,0.32,0.324,0.286
mangalore_netravati,Mangalore,Karnataka,West Coast (Arabian Sea),12.8615,74.843,2.0,July 2024 High Spring Tide Monsoon,2024-06-30T14:00,1.6,1006.1,10.7,25.9,0.336,0.324,0.285
mangalore_netravati,Mangalore,Karnataka,West Coast (Arabian Sea),12.8615,74.843,2.0,July 2024 High Spring Tide Monsoon,2024-06-30T15:00,5.8,1007.1,6.5,24.1,0.381,0.333,0.285
mangalore_netravati,Mangalore,Karnataka,West Coast (Arabian Sea),12.8615,74.843,2.0,July 2024 High Spring Tide Monsoon,2024-06-30T16:00,1.1,1007.3,2.3,16.6,0.353,0.343,0.284
mangalore_netravati,Mangalore,Karnataka,West Coast (Arabian Sea),12.8615,74.843,2.0,July 2024 High Spring Tide Monsoon,2024-06-30T17:00,0.2,1007.9,6.8,11.5,0.342,0.342,0.284
mangalore_netravati,Mangalore,Karnataka,West Coast (Arabian Sea),12.8615,74.843,2.0,July 2024 High Spring Tide Monsoon,2024-06-30T18:00,0.7,1007.8,6.9,18.7,0.343,0.34,0.284
mangalore_netravati,Mangalore,Karnataka,West Coast (Arabian Sea),12.8615,74.843,2.0,July 2024 High Spring Tide Monsoon,2024-06-30T19:00,1.2,1007.3,7.7,20.2,0.346,0.34,0.284
mangalore_netravati,Mangalore,Karnataka,West Coast (Arabian Sea),12.8615,74.843,2.0,July 2024 High Spring Tide Monsoon,2024-06-30T20:00,11.8,1007.3,5.7,16.9,0.389,0.371,0.284
mangalore_netravati,Mangalore,Karnataka,West Coast (Arabian Sea),12.8615,74.843,2.0,July 2024 High Spring Tide Monsoon,2024-06-30T21:00,7.6,1006.5,4.1,14.4,0.37,0.38,0.29
mangalore_netravati,Mangalore,Karnataka,West Coast (Arabian Sea),12.8615,74.843,2.0,July 2024 High Spring Tide Monsoon,2024-06-30T22:00,4.4,1006.3,2.4,14.8,0.395,0.373,0.294
mangalore_netravati,Mangalore,Karnataka,West Coast (Arabian Sea),12.8615,74.843,2.0,July 2024 High Spring Tide Monsoon,2024-06-30T23:00,3.3,1006.1,5.6,14.0,0.369,0.376,0.299
mangalore_netravati,Mangalore,Karnataka,West Coast (Arabian Sea),12.8615,74.843,2.0,July 2024 High Spring Tide Monsoon,2024-07-01T00:00,2.2,1005.9,5.0,13.3,0.369,0.371,0.302
mangalore_netravati,Mangalore,Karnataka,West Coast (Arabian Sea),12.8615,74.843,2.0,July 2024 High Spring Tide Monsoon,2024-07-01T01:00,0.5,1006.0,5.8,16.6,0.335,0.343,0.282
mangalore_netravati,Mangalore,Karnataka,West Coast (Arabian Sea),12.8615,74.843,2.0,July 2024 High Spring Tide Monsoon,2024-07-01T02:00,2.6,1006.6,5.7,18.4,0.361,0.342,0.282
mangalore_netravati,Mangalore,Karnataka,West Coast (Arabian Sea),12.8615,74.843,2.0,July 2024 High Spring Tide Monsoon,2024-07-01T03:00,2.1,1006.9,3.9,16.9,0.355,0.347,0.283
mangalore_netravati,Mangalore,Karnataka,West Coast (Arabian Sea),12.8615,74.843,2.0,July 2024 High Spring Tide Monsoon,2024-07-01T04:00,0.6,1007.4,8.0,18.4,0.347,0.347,0.283
mangalore_netravati,Mangalore,Karnataka,West Coast (Arabian Sea),12.8615,74.843,2.0,July 2024 High Spring Tide Monsoon,2024-07-01T05:00,0.1,1007.5,11.7,25.2,0.337,0.344,0.283
mangalore_netravati,Mangalore,Karnataka,West Coast (Arabian Sea),12.8615,74.843,2.0,July 2024 High Spring Tide Monsoon,2024-07-01T06:00,3.3,1008.1,19.0,40.0,0.364,0.343,0.283
mangalore_netravati,Mangalore,Karnataka,West Coast (Arabian Sea),12.8615,74.843,2.0,July 2024 High Spring Tide Monsoon,2024-07-01T07:00,1.8,1007.4,12.5,39.2,0.357,0.347,0.284
mangalore_netravati,Mangalore,Karnataka,West Coast (Arabian Sea),12.8615,74.843,2.0,July 2024 High Spring Tide Monsoon,2024-07-01T08:00,2.2,1006.7,13.0,32.0,0.357,0.349,0.284
mangalore_netravati,Mangalore,Karnataka,West Coast (Arabian Sea),12.8615,74.843,2.0,July 2024 High Spring Tide Monsoon,2024-07-01T09:00,0.4,1005.8,10.8,32.0,0.345,0.347,0.284
mangalore_netravati,Mangalore,Karnataka,West Coast (Arabian Sea),12.8615,74.843,2.0,July 2024 High Spring Tide Monsoon,2024-07-01T10:00,0.2,1005.2,13.9,33.1,0.337,0.344,0.285
mangalore_netravati,Mangalore,Karnataka,West Coast (Arabian Sea),12.8615,74.843,2.0,July 2024 High Spring Tide Monsoon,2024-07-01T11:00,2.2,1005.4,11.0,33.1,0.349,0.343,0.285
mangalore_netravati,Mangalore,Karnataka,West Coast (Arabian Sea),12.8615,74.843,2.0,July 2024 High Spring Tide Monsoon,2024-07-01T12:00,0.4,1005.5,8.8,26.6,0.342,0.341,0.285
mangalore_netravati,Mangalore,Karnataka,West Coast (Arabian Sea),12.8615,74.843,2.0,July 2024 High Spring Tide Monsoon,2024-07-01T13:00,0.7,1006.5,15.9,28.4,0.329,0.335,0.283
mangalore_netravati,Mangalore,Karnataka,West Coast (Arabian Sea),12.8615,74.843,2.0,July 2024 High Spring Tide Monsoon,2024-07-01T14:00,0.2,1006.7,10.1,34.2,0.325,0.333,0.283
mangalore_netravati,Mangalore,Karnataka,West Coast (Arabian Sea),12.8615,74.843,2.0,July 2024 High Spring Tide Monsoon,2024-07-01T15:00,1.3,1007.7,4.8,18.0,0.336,0.331,0.282
mangalore_netravati,Mangalore,Karnataka,West Coast (Arabian Sea),12.8615,74.843,2.0,July 2024 High Spring Tide Monsoon,2024-07-01T16:00,0.4,1007.7,5.1,9.4,0.333,0.331,0.282
mangalore_netravati,Mangalore,Karnataka,West Coast (Arabian Sea),12.8615,74.843,2.0,July 2024 High Spring Tide Monsoon,2024-07-01T17:00,0.3,1008.3,2.7,9.4,0.331,0.33,0.282
mangalore_netravati,Mangalore,Karnataka,West Coast (Arabian Sea),12.8615,74.843,2.0,July 2024 High Spring Tide Monsoon,2024-07-01T18:00,0.2,1007.7,2.9,6.1,0.327,0.329,0.281
mangalore_netravati,Mangalore,Karnataka,West Coast (Arabian Sea),12.8615,74.843,2.0,July 2024 High Spring Tide Monsoon,2024-07-01T19:00,0.1,1006.9,6.1,10.4,0.323,0.328,0.281
mangalore_netravati,Mangalore,Karnataka,West Coast (Arabian Sea),12.8615,74.843,2.0,July 2024 High Spring Tide Monsoon,2024-07-01T20:00,0.5,1006.4,3.6,14.0,0.325,0.326,0.28
mangalore_netravati,Mangalore,Karnataka,West Coast (Arabian Sea),12.8615,74.843,2.0,July 2024 High Spring Tide Monsoon,2024-07-01T21:00,0.3,1005.3,6.3,11.5,0.323,0.325,0.28
mangalore_netravati,Mangalore,Karnataka,West Coast (Arabian Sea),12.8615,74.843,2.0,July 2024 High Spring Tide Monsoon,2024-07-01T22:00,0.3,1005.1,5.1,12.2,0.322,0.324,0.279
mangalore_netravati,Mangalore,Karnataka,West Coast (Arabian Sea),12.8615,74.843,2.0,July 2024 High Spring Tide Monsoon,2024-07-01T23:00,0.4,1004.7,6.6,11.2,0.322,0.323,0.279
mangalore_netravati,Mangalore,Karnataka,West Coast (Arabian Sea),12.8615,74.843,2.0,July 2024 High Spring Tide Monsoon,2024-07-02T00:00,0.3,1004.7,7.6,13.7,0.321,0.322,0.278
mangalore_netravati,Mangalore,Karnataka,West Coast (Arabian Sea),12.8615,74.843,2.0,July 2024 High Spring Tide Monsoon,2024-07-02T01:00,0.1,1004.9,5.9,10.4,0.309,0.318,0.277
mangalore_netravati,Mangalore,Karnataka,West Coast (Arabian Sea),12.8615,74.843,2.0,July 2024 High Spring Tide Monsoon,2024-07-02T02:00,0.2,1005.5,8.7,13.7,0.308,0.317,0.276
mangalore_netravati,Mangalore,Karnataka,West Coast (Arabian Sea),12.8615,74.843,2.0,July 2024 High Spring Tide Monsoon,2024-07-02T03:00,0.2,1005.9,9.5,24.1,0.307,0.316,0.275
mangalore_netravati,Mangalore,Karnataka,West Coast (Arabian Sea),12.8615,74.843,2.0,July 2024 High Spring Tide Monsoon,2024-07-02T04:00,0.6,1006.2,13.7,30.2,0.309,0.315,0.275
mangalore_netravati,Mangalore,Karnataka,West Coast (Arabian Sea),12.8615,74.843,2.0,July 2024 High Spring Tide Monsoon,2024-07-02T05:00,3.6,1006.8,12.9,35.6,0.341,0.317,0.274
mangalore_netravati,Mangalore,Karnataka,West Coast (Arabian Sea),12.8615,74.843,2.0,July 2024 High Spring Tide Monsoon,2024-07-02T06:00,0.0,1006.5,11.9,32.0,0.329,0.319,0.273
mangalore_netravati,Mangalore,Karnataka,West Coast (Arabian Sea),12.8615,74.843,2.0,July 2024 High Spring Tide Monsoon,2024-07-02T07:00,0.1,1006.1,14.6,35.3,0.321,0.318,0.273
mangalore_netravati,Mangalore,Karnataka,West Coast (Arabian Sea),12.8615,74.843,2.0,July 2024 High Spring Tide Monsoon,2024-07-02T08:00,0.1,1005.4,12.0,38.5,0.315,0.317,0.272
mangalore_netravati,Mangalore,Karnataka,West Coast (Arabian Sea),12.8615,74.843,2.0,July 2024 High Spring Tide Monsoon,2024-07-02T09:00,0.2,1004.7,13.8,38.9,0.311,0.316,0.271
mangalore_netravati,Mangalore,Karnataka,West Coast (Arabian Sea),12.8615,74.843,2.0,July 2024 High Spring Tide Monsoon,2024-07-02T10:00,0.1,1004.2,14.9,36.0,0.307,0.314,0.271
mangalore_netravati,Mangalore,Karnataka,West Coast (Arabian Sea),12.8615,74.843,2.0,July 2024 High Spring Tide Monsoon,2024-07-02T11:00,1.7,1003.9,12.9,37.4,0.319,0.314,0.27
mangalore_netravati,Mangalore,Karnataka,West Coast (Arabian Sea),12.8615,74.843,2.0,July 2024 High Spring Tide Monsoon,2024-07-02T12:00,0.0,1003.9,11.0,25.6,0.314,0.313,0.269
mangalore_netravati,Mangalore,Karnataka,West Coast (Arabian Sea),12.8615,74.843,2.0,July 2024 High Spring Tide Monsoon,2024-07-02T13:00,0.0,1004.0,6.2,16.6,0.307,0.307,0.268
mangalore_netravati,Mangalore,Karnataka,West Coast (Arabian Sea),12.8615,74.843,2.0,July 2024 High Spring Tide Monsoon,2024-07-02T14:00,0.1,1004.5,8.1,15.1,0.306,0.307,0.268
mangalore_netravati,Mangalore,Karnataka,West Coast (Arabian Sea),12.8615,74.843,2.0,July 2024 High Spring Tide Monsoon,2024-07-02T15:00,0.3,1005.6,5.6,21.2,0.305,0.306,0.267
mangalore_netravati,Mangalore,Karnataka,West Coast (Arabian Sea),12.8615,74.843,2.0,July 2024 High Spring Tide Monsoon,2024-07-02T16:00,0.1,1006.4,6.4,10.8,0.304,0.306,0.266
mangalore_netravati,Mangalore,Karnataka,West Coast (Arabian Sea),12.8615,74.843,2.0,July 2024 High Spring Tide Monsoon,2024-07-02T17:00,0.1,1006.7,8.6,14.8,0.303,0.305,0.266
mangalore_netravati,Mangalore,Karnataka,West Coast (Arabian Sea),12.8615,74.843,2.0,July 2024 High Spring Tide Monsoon,2024-07-02T18:00,0.3,1006.3,7.5,15.1,0.303,0.305,0.265
mangalore_netravati,Mangalore,Karnataka,West Coast (Arabian Sea),12.8615,74.843,2.0,July 2024 High Spring Tide Monsoon,2024-07-02T19:00,1.5,1005.9,5.8,19.4,0.321,0.305,0.264
mangalore_netravati,Mangalore,Karnataka,West Coast (Arabian Sea),12.8615,74.843,2.0,July 2024 High Spring Tide Monsoon,2024-07-02T20:00,1.3,1004.6,11.1,19.4,0.328,0.307,0.264
mangalore_netravati,Mangalore,Karnataka,West Coast (Arabian Sea),12.8615,74.843,2.0,July 2024 High Spring Tide Monsoon,2024-07-02T21:00,0.0,1004.1,10.8,20.5,0.32,0.308,0.263
mangalore_netravati,Mangalore,Karnataka,West Coast (Arabian Sea),12.8615,74.843,2.0,July 2024 High Spring Tide Monsoon,2024-07-02T22:00,0.0,1003.9,8.7,20.2,0.314,0.308,0.262
mangalore_netravati,Mangalore,Karnataka,West Coast (Arabian Sea),12.8615,74.843,2.0,July 2024 High Spring Tide Monsoon,2024-07-02T23:00,1.0,1004.4,5.4,22.3,0.322,0.309,0.262
mangalore_netravati,Mangalore,Karnataka,West Coast (Arabian Sea),12.8615,74.843,2.0,July 2024 High Spring Tide Monsoon,2024-07-03T00:00,0.5,1005.0,5.1,11.5,0.321,0.309,0.261
mangalore_netravati,Mangalore,Karnataka,West Coast (Arabian Sea),12.8615,74.843,2.0,July 2024 High Spring Tide Monsoon,2024-07-03T01:00,0.6,1005.1,7.3,21.2,0.332,0.311,0.261
mangalore_netravati,Mangalore,Karnataka,West Coast (Arabian Sea),12.8615,74.843,2.0,July 2024 High Spring Tide Monsoon,2024-07-03T02:00,2.6,1005.8,5.5,20.5,0.344,0.317,0.26
mangalore_netravati,Mangalore,Karnataka,West Coast (Arabian Sea),12.8615,74.843,2.0,July 2024 High Spring Tide Monsoon,2024-07-03T03:00,0.2,1006.6,3.2,15.1,0.332,0.319,0.26
mangalore_netravati,Mangalore,Karnataka,West Coast (Arabian Sea),12.8615,74.843,2.0,July 2024 High Spring Tide Monsoon,2024-07-03T04:00,0.6,1007.2,2.6,10.8,0.329,0.319,0.259
mangalore_netravati,Mangalore,Karnataka,West Coast (Arabian Sea),12.8615,74.843,2.0,July 2024 High Spring Tide Monsoon,2024-07-03T05:00,1.1,1007.0,4.4,22.3,0.331,0.32,0.259
mangalore_netravati,Mangalore,Karnataka,West Coast (Arabian Sea),12.8615,74.843,2.0,July 2024 High Spring Tide Monsoon,2024-07-03T06:00,0.0,1006.8,3.6,24.8,0.323,0.32,0.259
mangalore_netravati,Mangalore,Karnataka,West Coast (Arabian Sea),12.8615,74.843,2.0,July 2024 High Spring Tide Monsoon,2024-07-03T07:00,0.3,1006.1,6.2,29.2,0.318,0.318,0.258
mangalore_netravati,Mangalore,Karnataka,West Coast (Arabian Sea),12.8615,74.843,2.0,July 2024 High Spring Tide Monsoon,2024-07-03T08:00,0.1,1005.2,9.9,34.9,0.312,0.316,0.258
mangalore_netravati,Mangalore,Karnataka,West Coast (Arabian Sea),12.8615,74.843,2.0,July 2024 High Spring Tide Monsoon,2024-07-03T09:00,0.1,1004.8,10.1,36.0,0.307,0.314,0.257
mangalore_netravati,Mangalore,Karnataka,West Coast (Arabian Sea),12.8615,74.843,2.0,July 2024 High Spring Tide Monsoon,2024-07-03T10:00,1.2,1004.4,13.8,36.7,0.314,0.313,0.257
mangalore_netravati,Mangalore,Karnataka,West Coast (Arabian Sea),12.8615,74.843,2.0,July 2024 High Spring Tide Monsoon,2024-07-03T11:00,1.0,1004.5,9.1,38.2,0.32,0.312,0.257
mangalore_netravati,Mangalore,Karnataka,West Coast (Arabian Sea),12.8615,74.843,2.0,July 2024 High Spring Tide Monsoon,2024-07-03T12:00,0.1,1004.8,10.1,27.4,0.316,0.312,0.256
mangalore_netravati,Mangalore,Karnataka,West Coast (Arabian Sea),12.8615,74.843,2.0,July 2024 High Spring Tide Monsoon,2024-07-03T13:00,0.5,1005.0,6.4,25.9,0.313,0.319,0.259
mangalore_netravati,Mangalore,Karnataka,West Coast (Arabian Sea),12.8615,74.843,2.0,July 2024 High Spring Tide Monsoon,2024-07-03T14:00,0.1,1005.7,3.3,10.8,0.31,0.317,0.259
mangalore_netravati,Mangalore,Karnataka,West Coast (Arabian Sea),12.8615,74.843,2.0,July 2024 High Spring Tide Monsoon,2024-07-03T15:00,0.3,1006.9,7.3,19.1,0.31,0.316,0.259
mangalore_netravati,Mangalore,Karnataka,West Coast (Arabian Sea),12.8615,74.843,2.0,July 2024 High Spring Tide Monsoon,2024-07-03T16:00,3.1,1007.9,2.5,21.6,0.343,0.317,0.258
mangalore_netravati,Mangalore,Karnataka,West Coast (Arabian Sea),12.8615,74.843,2.0,July 2024 High Spring Tide Monsoon,2024-07-03T17:00,1.3,1007.7,4.8,17.3,0.345,0.32,0.258
mangalore_netravati,Mangalore,Karnataka,West Coast (Arabian Sea),12.8615,74.843,2.0,July 2024 High Spring Tide Monsoon,2024-07-03T18:00,0.5,1007.5,6.5,12.2,0.337,0.322,0.258
mangalore_netravati,Mangalore,Karnataka,West Coast (Arabian Sea),12.8615,74.843,2.0,July 2024 High Spring Tide Monsoon,2024-07-03T19:00,0.5,1007.0,5.4,11.2,0.333,0.323,0.258
mangalore_netravati,Mangalore,Karnataka,West Coast (Arabian Sea),12.8615,74.843,2.0,July 2024 High Spring Tide Monsoon,2024-07-03T20:00,0.5,1006.2,5.2,10.1,0.33,0.323,0.258
mangalore_netravati,Mangalore,Karnataka,West Coast (Arabian Sea),12.8615,74.843,2.0,July 2024 High Spring Tide Monsoon,2024-07-03T21:00,0.2,1005.8,6.8,11.2,0.326,0.322,0.258
mangalore_netravati,Mangalore,Karnataka,West Coast (Arabian Sea),12.8615,74.843,2.0,July 2024 High Spring Tide Monsoon,2024-07-03T22:00,0.7,1005.5,3.1,11.5,0.329,0.322,0.257
mangalore_netravati,Mangalore,Karnataka,West Coast (Arabian Sea),12.8615,74.843,2.0,July 2024 High Spring Tide Monsoon,2024-07-03T23:00,0.4,1005.5,2.2,8.6,0.327,0.322,0.257
mangalore_netravati,Mangalore,Karnataka,West Coast (Arabian Sea),12.8615,74.843,2.0,July 2024 High Spring Tide Monsoon,2024-07-04T00:00,0.5,1005.9,6.4,11.5,0.327,0.321,0.257
mangalore_netravati,Mangalore,Karnataka,West Coast (Arabian Sea),12.8615,74.843,2.0,July 2024 High Spring Tide Monsoon,2024-07-04T01:00,2.9,1006.4,2.4,15.5,0.343,0.31,0.255
mangalore_netravati,Mangalore,Karnataka,West Coast (Arabian Sea),12.8615,74.843,2.0,July 2024 High Spring Tide Monsoon,2024-07-04T02:00,3.2,1007.1,3.4,13.0,0.357,0.318,0.254
mangalore_netravati,Mangalore,Karnataka,West Coast (Arabian Sea),12.8615,74.843,2.0,July 2024 High Spring Tide Monsoon,2024-07-04T03:00,2.5,1008.0,3.9,18.0,0.358,0.326,0.254
mangalore_netravati,Mangalore,Karnataka,West Coast (Arabian Sea),12.8615,74.843,2.0,July 2024 High Spring Tide Monsoon,2024-07-04T04:00,2.4,1008.5,3.6,10.8,0.361,0.332,0.254
mangalore_netravati,Mangalore,Karnataka,West Coast (Arabian Sea),12.8615,74.843,2.0,July 2024 High Spring Tide Monsoon,2024-07-04T05:00,2.2,1008.2,7.4,14.8,0.359,0.338,0.255
mangalore_netravati,Mangalore,Karnataka,West Coast (Arabian Sea),12.8615,74.843,2.0,July 2024 High Spring Tide Monsoon,2024-07-04T06:00,1.2,1008.1,8.3,16.6,0.351,0.34,0.256
mangalore_netravati,Mangalore,Karnataka,West Coast (Arabian Sea),12.8615,74.843,2.0,July 2024 High Spring Tide Monsoon,2024-07-04T07:00,0.4,1007.4,7.3,19.4,0.341,0.339,0.256
mangalore_netravati,Mangalore,Karnataka,West Coast (Arabian Sea),12.8615,74.843,2.0,July 2024 High Spring Tide Monsoon,2024-07-04T08:00,0.2,1006.6,4.3,17.3,0.334,0.337,0.257
mangalore_netravati,Mangalore,Karnataka,West Coast (Arabian Sea),12.8615,74.843,2.0,July 2024 High Spring Tide Monsoon,2024-07-04T09:00,0.2,1005.8,4.2,13.0,0.328,0.334,0.257
mangalore_netravati,Mangalore,Karnataka,West Coast (Arabian Sea),12.8615,74.843,2.0,July 2024 High Spring Tide Monsoon,2024-07-04T10:00,0.1,1005.4,5.9,13.7,0.323,0.332,0.258
mangalore_netravati,Mangalore,Karnataka,West Coast (Arabian Sea),12.8615,74.843,2.0,July 2024 High Spring Tide Monsoon,2024-07-04T11:00,0.0,1005.2,6.1,14.8,0.318,0.329,0.258
mangalore_netravati,Mangalore,Karnataka,West Coast (Arabian Sea),12.8615,74.843,2.0,July 2024 High Spring Tide Monsoon,2024-07-04T12:00,0.0,1005.5,6.9,14.8,0.314,0.327,0.258
mangalore_netravati,Mangalore,Karnataka,West Coast (Arabian Sea),12.8615,74.843,2.0,July 2024 High Spring Tide Monsoon,2024-07-04T13:00,0.3,1005.4,4.4,10.4,0.312,0.315,0.253
mangalore_netravati,Mangalore,Karnataka,West Coast (Arabian Sea),12.8615,74.843,2.0,July 2024 High Spring Tide Monsoon,2024-07-04T14:00,0.1,1005.8,4.3,7.9,0.31,0.314,0.252
mangalore_netravati,Mangalore,Karnataka,West Coast (Arabian Sea),12.8615,74.843,2.0,July 2024 High Spring Tide Monsoon,2024-07-04T15:00,0.1,1006.2,5.1,8.6,0.308,0.313,0.252
mangalore_netravati,Mangalore,Karnataka,West Coast (Arabian Sea),12.8615,74.843,2.0,July 2024 High Spring Tide Monsoon,2024-07-04T16:00,0.1,1007.0,3.6,8.6,0.307,0.312,0.252
mangalore_netravati,Mangalore,Karnataka,West Coast (Arabian Sea),12.8615,74.843,2.0,July 2024 High Spring Tide Monsoon,2024-07-04T17:00,0.2,1007.4,6.2,11.5,0.306,0.311,0.252
mangalore_netravati,Mangalore,Karnataka,West Coast (Arabian Sea),12.8615,74.843,2.0,July 2024 High Spring Tide Monsoon,2024-07-04T18:00,0.4,1007.2,6.4,16.6,0.308,0.31,0.252
mangalore_netravati,Mangalore,Karnataka,West Coast (Arabian Sea),12.8615,74.843,2.0,July 2024 High Spring Tide Monsoon,2024-07-04T19:00,0.1,1006.5,6.6,11.2,0.307,0.309,0.251
mangalore_netravati,Mangalore,Karnataka,West Coast (Arabian Sea),12.8615,74.843,2.0,July 2024 High Spring Tide Monsoon,2024-07-04T20:00,0.9,1005.9,5.9,15.1,0.315,0.308,0.251
mangalore_netravati,Mangalore,Karnataka,West Coast (Arabian Sea),12.8615,74.843,2.0,July 2024 High Spring Tide Monsoon,2024-07-04T21:00,0.4,1005.3,3.4,15.1,0.315,0.308,0.251
mangalore_netravati,Mangalore,Karnataka,West Coast (Arabian Sea),12.8615,74.843,2.0,July 2024 High Spring Tide Monsoon,2024-07-04T22:00,0.2,1005.0,4.7,9.7,0.313,0.308,0.25
mangalore_netravati,Mangalore,Karnataka,West Coast (Arabian Sea),12.8615,74.843,2.0,July 2024 High Spring Tide Monsoon,2024-07-04T23:00,0.6,1005.0,4.3,9.0,0.317,0.308,0.25
mangalore_netravati,Mangalore,Karnataka,West Coast (Arabian Sea),12.8615,74.843,2.0,July 2024 High Spring Tide Monsoon,2024-07-05T00:00,0.2,1004.9,5.4,10.8,0.314,0.308,0.25
mangalore_netravati,Mangalore,Karnataka,West Coast (Arabian Sea),12.8615,74.843,2.0,July 2024 High Spring Tide Monsoon,2024-07-05T01:00,0.3,1005.3,5.7,16.6,0.315,0.309,0.25
mangalore_netravati,Mangalore,Karnataka,West Coast (Arabian Sea),12.8615,74.843,2.0,July 2024 High Spring Tide Monsoon,2024-07-05T02:00,0.5,1005.6,4.9,18.0,0.316,0.309,0.249
mangalore_netravati,Mangalore,Karnataka,West Coast (Arabian Sea),12.8615,74.843,2.0,July 2024 High Spring Tide Monsoon,2024-07-05T03:00,0.1,1005.8,8.6,28.1,0.312,0.309,0.249
mangalore_netravati,Mangalore,Karnataka,West Coast (Arabian Sea),12.8615,74.843,2.0,July 2024 High Spring Tide Monsoon,2024-07-05T04:00,1.6,1006.8,7.9,28.1,0.323,0.309,0.249
mangalore_netravati,Mangalore,Karnataka,West Coast (Arabian Sea),12.8615,74.843,2.0,July 2024 High Spring Tide Monsoon,2024-07-05T05:00,0.3,1006.6,11.0,31.7,0.319,0.309,0.249
mangalore_netravati,Mangalore,Karnataka,West Coast (Arabian Sea),12.8615,74.843,2.0,July 2024 High Spring Tide Monsoon,2024-07-05T06:00,0.2,1006.3,7.5,32.4,0.315,0.309,0.248
mangalore_netravati,Mangalore,Karnataka,West Coast (Arabian Sea),12.8615,74.843,2.0,July 2024 High Spring Tide Monsoon,2024-07-05T07:00,0.3,1005.8,12.8,34.2,0.311,0.308,0.248
mangalore_netravati,Mangalore,Karnataka,West Coast (Arabian Sea),12.8615,74.843,2.0,July 2024 High Spring Tide Monsoon,2024-07-05T08:00,2.9,1005.1,13.3,35.3,0.333,0.31,0.248
mangalore_netravati,Mangalore,Karnataka,West Coast (Arabian Sea),12.8615,74.843,2.0,July 2024 High Spring Tide Monsoon,2024-07-05T09:00,2.5,1004.8,18.0,40.7,0.347,0.314,0.248
mangalore_netravati,Mangalore,Karnataka,West Coast (Arabian Sea),12.8615,74.843,2.0,July 2024 High Spring Tide Monsoon,2024-07-05T10:00,1.1,1003.8,11.6,34.9,0.343,0.317,0.248
mangalore_netravati,Mangalore,Karnataka,West Coast (Arabian Sea),12.8615,74.843,2.0,July 2024 High Spring Tide Monsoon,2024-07-05T11:00,6.5,1003.7,11.4,31.3,0.383,0.33,0.248
mangalore_netravati,Mangalore,Karnataka,West Coast (Arabian Sea),12.8615,74.843,2.0,July 2024 High Spring Tide Monsoon,2024-07-05T12:00,4.2,1003.5,6.9,29.9,0.359,0.35,0.249
mangalore_netravati,Mangalore,Karnataka,West Coast (Arabian Sea),12.8615,74.843,2.0,July 2024 High Spring Tide Monsoon,2024-07-05T13:00,0.3,1003.9,10.7,19.1,0.333,0.332,0.25
mangalore_netravati,Mangalore,Karnataka,West Coast (Arabian Sea),12.8615,74.843,2.0,July 2024 High Spring Tide Monsoon,2024-07-05T14:00,0.2,1004.4,10.6,18.4,0.329,0.33,0.25
mangalore_netravati,Mangalore,Karnataka,West Coast (Arabian Sea),12.8615,74.843,2.0,July 2024 High Spring Tide Monsoon,2024-07-05T15:00,0.7,1005.1,7.6,19.4,0.331,0.328,0.251
mangalore_netravati,Mangalore,Karnataka,West Coast (Arabian Sea),12.8615,74.843,2.0,July 2024 High Spring Tide Monsoon,2024-07-05T16:00,1.5,1006.2,8.7,23.8,0.341,0.329,0.251
mangalore_netravati,Mangalore,Karnataka,West Coast (Arabian Sea),12.8615,74.843,2.0,July 2024 High Spring Tide Monsoon,2024-07-05T17:00,1.1,1006.4,10.0,23.0,0.344,0.329,0.251
mangalore_netravati,Mangalore,Karnataka,West Coast (Arabian Sea),12.8615,74.843,2.0,July 2024 High Spring Tide Monsoon,2024-07-05T18:00,0.4,1006.1,9.2,24.1,0.336,0.329,0.252
mangalore_netravati,Mangalore,Karnataka,West Coast (Arabian Sea),12.8615,74.843,2.0,July 2024 High Spring Tide Monsoon,2024-07-05T19:00,0.9,1006.0,9.7,22.0,0.339,0.329,0.252
mangalore_netravati,Mangalore,Karnataka,West Coast (Arabian Sea),12.8615,74.843,2.0,July 2024 High Spring Tide Monsoon,2024-07-05T20:00,0.3,1004.8,7.1,24.8,0.333,0.329,0.252
mangalore_netravati,Mangalore,Karnataka,West Coast (Arabian Sea),12.8615,74.843,2.0,July 2024 High Spring Tide Monsoon,2024-07-05T21:00,0.3,1004.3,4.0,12.6,0.33,0.327,0.253
mangalore_netravati,Mangalore,Karnataka,West Coast (Arabian Sea),12.8615,74.843,2.0,July 2024 High Spring Tide Monsoon,2024-07-05T22:00,0.7,1003.8,9.1,17.6,0.332,0.327,0.253
mangalore_netravati,Mangalore,Karnataka,West Coast (Arabian Sea),12.8615,74.843,2.0,July 2024 High Spring Tide Monsoon,2024-07-05T23:00,0.3,1003.6,8.6,17.3,0.328,0.326,0.253
mangalore_netravati,Mangalore,Karnataka,West Coast (Arabian Sea),12.8615,74.843,2.0,July 2024 High Spring Tide Monsoon,2024-07-06T00:00,0.6,1003.7,8.0,19.8,0.329,0.325,0.254
mangalore_netravati,Mangalore,Karnataka,West Coast (Arabian Sea),12.8615,74.843,2.0,July 2024 High Spring Tide Monsoon,2024-07-06T01:00,0.3,1004.2,10.7,19.1,0.316,0.319,0.253
mangalore_netravati,Mangalore,Karnataka,West Coast (Arabian Sea),12.8615,74.843,2.0,July 2024 High Spring Tide Monsoon,2024-07-06T02:00,0.6,1005.1,11.4,26.6,0.319,0.318,0.253
mangalore_netravati,Mangalore,Karnataka,West Coast (Arabian Sea),12.8615,74.843,2.0,July 2024 High Spring Tide Monsoon,2024-07-06T03:00,1.2,1005.5,9.8,25.2,0.328,0.318,0.253
mangalore_netravati,Mangalore,Karnataka,West Coast (Arabian Sea),12.8615,74.843,2.0,July 2024 High Spring Tide Monsoon,2024-07-06T04:00,1.7,1006.3,11.2,24.5,0.338,0.319,0.253
mangalore_netravati,Mangalore,Karnataka,West Coast (Arabian Sea),12.8615,74.843,2.0,July 2024 High Spring Tide Monsoon,2024-07-06T05:00,0.2,1006.5,11.8,25.9,0.329,0.32,0.253
mangalore_netravati,Mangalore,Karnataka,West Coast (Arabian Sea),12.8615,74.843,2.0,July 2024 High Spring Tide Monsoon,2024-07-06T06:00,0.4,1006.0,8.0,25.2,0.325,0.32,0.254
mangalore_netravati,Mangalore,Karnataka,West Coast (Arabian Sea),12.8615,74.843,2.0,July 2024 High Spring Tide Monsoon,2024-07-06T07:00,0.5,1005.6,9.2,21.2,0.322,0.319,0.254
mangalore_netravati,Mangalore,Karnataka,West Coast (Arabian Sea),12.8615,74.843,2.0,July 2024 High Spring Tide Monsoon,2024-07-06T08:00,0.2,1004.7,12.9,27.7,0.317,0.318,0.253
mangalore_netravati,Mangalore,Karnataka,West Coast (Arabian Sea),12.8615,74.843,2.0,July 2024 High Spring Tide Monsoon,2024-07-06T09:00,0.1,1003.8,13.9,28.1,0.313,0.316,0.253
mangalore_netravati,Mangalore,Karnataka,West Coast (Arabian Sea),12.8615,74.843,2.0,July 2024 High Spring Tide Monsoon,2024-07-06T10:00,0.3,1003.2,14.5,29.2,0.311,0.315,0.253
mangalore_netravati,Mangalore,Karnataka,West Coast (Arabian Sea),12.8615,74.843,2.0,July 2024 High Spring Tide Monsoon,2024-07-06T11:00,0.3,1002.9,11.8,33.1,0.309,0.313,0.253
mangalore_netravati,Mangalore,Karnataka,West Coast (Arabian Sea),12.8615,74.843,2.0,July 2024 High Spring Tide Monsoon,2024-07-06T12:00,0.7,1003.2,12.3,27.4,0.312,0.312,0.253
mangalore_netravati,Mangalore,Karnataka,West Coast (Arabian Sea),12.8615,74.843,2.0,July 2024 High Spring Tide Monsoon,2024-07-06T13:00,0.5,1003.8,10.1,21.6,0.33,0.319,0.254
mangalore_netravati,Mangalore,Karnataka,West Coast (Arabian Sea),12.8615,74.843,2.0,July 2024 High Spring Tide Monsoon,2024-07-06T14:00,0.4,1004.3,10.5,18.7,0.327,0.319,0.254
mangalore_netravati,Mangalore,Karnataka,West Coast (Arabian Sea),12.8615,74.843,2.0,July 2024 High Spring Tide Monsoon,2024-07-06T15:00,1.3,1005.4,9.2,23.8,0.337,0.32,0.254
mangalore_netravati,Mangalore,Karnataka,West Coast (Arabian Sea),12.8615,74.843,2.0,July 2024 High Spring Tide Monsoon,2024-07-06T16:00,1.4,1005.4,8.1,15.5,0.341,0.322,0.254
mangalore_netravati,Mangalore,Karnataka,West Coast (Arabian Sea),12.8615,74.843,2.0,July 2024 High Spring Tide Monsoon,2024-07-06T17:00,0.3,1005.5,6.1,13.7,0.333,0.323,0.254
mangalore_netravati,Mangalore,Karnataka,West Coast (Arabian Sea),12.8615,74.843,2.0,July 2024 High Spring Tide Monsoon,2024-07-06T18:00,0.3,1005.2,6.5,11.9,0.329,0.323,0.254
mangalore_netravati,Mangalore,Karnataka,West Coast (Arabian Sea),12.8615,74.843,2.0,July 2024 High Spring Tide Monsoon,2024-07-06T19:00,0.4,1004.7,4.0,14.0,0.327,0.322,0.254
mangalore_netravati,Mangalore,Karnataka,West Coast (Arabian Sea),12.8615,74.843,2.0,July 2024 High Spring Tide Monsoon,2024-07-06T20:00,2.1,1004.2,2.3,11.9,0.344,0.323,0.255
mangalore_netravati,Mangalore,Karnataka,West Coast (Arabian Sea),12.8615,74.843,2.0,July 2024 High Spring Tide Monsoon,2024-07-06T21:00,2.7,1003.7,9.0,18.7,0.359,0.328,0.255
mangalore_netravati,Mangalore,Karnataka,West Coast (Arabian Sea),12.8615,74.843,2.0,July 2024 High Spring Tide Monsoon,2024-07-06T22:00,1.5,1003.5,10.8,22.0,0.352,0.333,0.255
mangalore_netravati,Mangalore,Karnataka,West Coast (Arabian Sea),12.8615,74.843,2.0,July 2024 High Spring Tide Monsoon,2024-07-06T23:00,1.5,1003.5,4.7,23.0,0.353,0.335,0.256
mangalore_netravati,Mangalore,Karnataka,West Coast (Arabian Sea),12.8615,74.843,2.0,July 2024 High Spring Tide Monsoon,2024-07-07T00:00,0.5,1003.8,9.1,15.8,0.343,0.336,0.257
mangalore_netravati,Mangalore,Karnataka,West Coast (Arabian Sea),12.8615,74.843,2.0,July 2024 High Spring Tide Monsoon,2024-07-07T01:00,0.6,1004.2,9.4,23.4,0.346,0.34,0.26
mangalore_netravati,Mangalore,Karnataka,West Coast (Arabian Sea),12.8615,74.843,2.0,July 2024 High Spring Tide Monsoon,2024-07-07T02:00,0.1,1005.1,8.2,16.9,0.337,0.338,0.261
mangalore_netravati,Mangalore,Karnataka,West Coast (Arabian Sea),12.8615,74.843,2.0,July 2024 High Spring Tide Monsoon,2024-07-07T03:00,0.4,1005.5,7.8,23.8,0.333,0.336,0.262
mangalore_netravati,Mangalore,Karnataka,West Coast (Arabian Sea),12.8615,74.843,2.0,July 2024 High Spring Tide Monsoon,2024-07-07T04:00,0.4,1005.8,6.2,22.3,0.33,0.334,0.262
mangalore_netravati,Mangalore,Karnataka,West Coast (Arabian Sea),12.8615,74.843,2.0,July 2024 High Spring Tide Monsoon,2024-07-07T05:00,0.8,1006.0,6.2,23.4,0.332,0.332,0.263
mangalore_netravati,Mangalore,Karnataka,West Coast (Arabian Sea),12.8615,74.843,2.0,July 2024 High Spring Tide Monsoon,2024-07-07T06:00,0.3,1005.5,8.0,23.8,0.328,0.331,0.263
mangalore_netravati,Mangalore,Karnataka,West Coast (Arabian Sea),12.8615,74.843,2.0,July 2024 High Spring Tide Monsoon,2024-07-07T07:00,0.4,1005.1,14.8,36.0,0.326,0.329,0.263
mangalore_netravati,Mangalore,Karnataka,West Coast (Arabian Sea),12.8615,74.843,2.0,July 2024 High Spring Tide Monsoon,2024-07-07T08:00,0.3,1004.5,13.8,37.1,0.322,0.327,0.264
mangalore_netravati,Mangalore,Karnataka,West Coast (Arabian Sea),12.8615,74.843,2.0,July 2024 High Spring Tide Monsoon,2024-07-07T09:00,0.4,1004.2,15.5,35.3,0.321,0.325,0.264
mangalore_netravati,Mangalore,Karnataka,West Coast (Arabian Sea),12.8615,74.843,2.0,July 2024 High Spring Tide Monsoon,2024-07-07T10:00,0.5,1003.5,9.7,31.3,0.32,0.324,0.264
mangalore_netravati,Mangalore,Karnataka,West Coast (Arabian Sea),12.8615,74.843,2.0,July 2024 High Spring Tide Monsoon,2024-07-07T11:00,0.4,1003.3,6.6,26.6,0.319,0.322,0.264
mangalore_netravati,Mangalore,Karnataka,West Coast (Arabian Sea),12.8615,74.843,2.0,July 2024 High Spring Tide Monsoon,2024-07-07T12:00,1.0,1003.3,9.5,19.8,0.325,0.321,0.264
mangalore_netravati,Mangalore,Karnataka,West Coast (Arabian Sea),12.8615,74.843,2.0,July 2024 High Spring Tide Monsoon,2024-07-07T13:00,0.6,1003.6,3.3,7.6,0.345,0.35,0.295
mangalore_netravati,Mangalore,Karnataka,West Coast (Arabian Sea),12.8615,74.843,2.0,July 2024 High Spring Tide Monsoon,2024-07-07T14:00,0.6,1004.2,6.6,11.2,0.343,0.348,0.296
mangalore_netravati,Mangalore,Karnataka,West Coast (Arabian Sea),12.8615,74.843,2.0,July 2024 High Spring Tide Monsoon,2024-07-07T15:00,0.8,1004.9,7.3,20.5,0.344,0.346,0.297
mangalore_netravati,Mangalore,Karnataka,West Coast (Arabian Sea),12.8615,74.843,2.0,July 2024 High Spring Tide Monsoon,2024-07-07T16:00,1.1,1005.8,1.8,15.5,0.347,0.344,0.298
mangalore_netravati,Mangalore,Karnataka,West Coast (Arabian Sea),12.8615,74.843,2.0,July 2024 High Spring Tide Monsoon,2024-07-07T17:00,0.3,1006.0,2.9,9.7,0.341,0.343,0.298
mangalore_netravati,Mangalore,Karnataka,West Coast (Arabian Sea),12.8615,74.843,2.0,July 2024 High Spring Tide Monsoon,2024-07-07T18:00,0.4,1005.5,3.9,14.4,0.337,0.341,0.299
mangalore_netravati,Mangalore,Karnataka,West Coast (Arabian Sea),12.8615,74.843,2.0,July 2024 High Spring Tide Monsoon,2024-07-07T19:00,0.2,1004.9,8.4,15.1,0.332,0.34,0.299
mangalore_netravati,Mangalore,Karnataka,West Coast (Arabian Sea),12.8615,74.843,2.0,July 2024 High Spring Tide Monsoon,2024-07-07T20:00,0.8,1004.5,5.6,21.2,0.335,0.338,0.3
mangalore_netravati,Mangalore,Karnataka,West Coast (Arabian Sea),12.8615,74.843,2.0,July 2024 High Spring Tide Monsoon,2024-07-07T21:00,0.4,1003.8,5.5,17.6,0.333,0.337,0.3
mangalore_netravati,Mangalore,Karnataka,West Coast (Arabian Sea),12.8615,74.843,2.0,July 2024 High Spring Tide Monsoon,2024-07-07T22:00,0.3,1003.4,4.7,10.1,0.33,0.335,0.3
mangalore_netravati,Mangalore,Karnataka,West Coast (Arabian Sea),12.8615,74.843,2.0,July 2024 High Spring Tide Monsoon,2024-07-07T23:00,0.2,1003.3,5.2,10.1,0.326,0.334,0.3
mangalore_netravati,Mangalore,Karnataka,West Coast (Arabian Sea),12.8615,74.843,2.0,July 2024 High Spring Tide Monsoon,2024-07-08T00:00,0.0,1003.4,8.0,14.4,0.321,0.332,0.301
mangalore_netravati,Mangalore,Karnataka,West Coast (Arabian Sea),12.8615,74.843,2.0,July 2024 High Spring Tide Monsoon,2024-07-08T01:00,0.0,1003.7,10.0,19.4,0.324,0.345,0.316
mangalore_netravati,Mangalore,Karnataka,West Coast (Arabian Sea),12.8615,74.843,2.0,July 2024 High Spring Tide Monsoon,2024-07-08T02:00,0.0,1004.3,9.7,18.7,0.32,0.342,0.316
mangalore_netravati,Mangalore,Karnataka,West Coast (Arabian Sea),12.8615,74.843,2.0,July 2024 High Spring Tide Monsoon,2024-07-08T03:00,1.4,1004.5,9.5,19.8,0.332,0.34,0.317
mangalore_netravati,Mangalore,Karnataka,West Coast (Arabian Sea),12.8615,74.843,2.0,July 2024 High Spring Tide Monsoon,2024-07-08T04:00,1.0,1005.0,10.7,23.0,0.336,0.339,0.317
mangalore_netravati,Mangalore,Karnataka,West Coast (Arabian Sea),12.8615,74.843,2.0,July 2024 High Spring Tide Monsoon,2024-07-08T05:00,0.3,1005.1,10.7,25.2,0.331,0.338,0.317
mangalore_netravati,Mangalore,Karnataka,West Coast (Arabian Sea),12.8615,74.843,2.0,July 2024 High Spring Tide Monsoon,2024-07-08T06:00,0.5,1005.1,13.6,28.4,0.328,0.337,0.317
mangalore_netravati,Mangalore,Karnataka,West Coast (Arabian Sea),12.8615,74.843,2.0,July 2024 High Spring Tide Monsoon,2024-07-08T07:00,0.2,1004.6,13.4,27.4,0.325,0.335,0.317
mangalore_netravati,Mangalore,Karnataka,West Coast (Arabian Sea),12.8615,74.843,2.0,July 2024 High Spring Tide Monsoon,2024-07-08T08:00,0.1,1004.1,11.9,28.4,0.32,0.334,0.317
mangalore_netravati,Mangalore,Karnataka,West Coast (Arabian Sea),12.8615,74.843,2.0,July 2024 High Spring Tide Monsoon,2024-07-08T09:00,0.3,1003.5,13.5,28.1,0.318,0.332,0.317
mangalore_netravati,Mangalore,Karnataka,West Coast (Arabian Sea),12.8615,74.843,2.0,July 2024 High Spring Tide Monsoon,2024-07-08T10:00,0.2,1003.1,13.8,29.5,0.315,0.33,0.317
mangalore_netravati,Mangalore,Karnataka,West Coast (Arabian Sea),12.8615,74.843,2.0,July 2024 High Spring Tide Monsoon,2024-07-08T11:00,0.1,1002.8,14.0,31.7,0.313,0.329,0.317
mangalore_netravati,Mangalore,Karnataka,West Coast (Arabian Sea),12.8615,74.843,2.0,July 2024 High Spring Tide Monsoon,2024-07-08T12:00,0.6,1003.1,13.0,31.3,0.315,0.327,0.317
mangalore_netravati,Mangalore,Karnataka,West Coast (Arabian Sea),12.8615,74.843,2.0,July 2024 High Spring Tide Monsoon,2024-07-08T13:00,0.7,1003.6,9.4,26.3,0.339,0.336,0.319
mangalore_netravati,Mangalore,Karnataka,West Coast (Arabian Sea),12.8615,74.843,2.0,July 2024 High Spring Tide Monsoon,2024-07-08T14:00,0.5,1004.3,8.9,21.6,0.337,0.336,0.319
mangalore_netravati,Mangalore,Karnataka,West Coast (Arabian Sea),12.8615,74.843,2.0,July 2024 High Spring Tide Monsoon,2024-07-08T15:00,0.3,1004.8,10.0,23.0,0.333,0.335,0.319
mangalore_netravati,Mangalore,Karnataka,West Coast (Arabian Sea),12.8615,74.843,2.0,July 2024 High Spring Tide Monsoon,2024-07-08T16:00,0.2,1005.3,8.1,19.4,0.329,0.334,0.319
mangalore_netravati,Mangalore,Karnataka,West Coast (Arabian Sea),12.8615,74.843,2.0,July 2024 High Spring Tide Monsoon,2024-07-08T17:00,1.0,1005.7,7.9,21.6,0.336,0.334,0.319
mangalore_netravati,Mangalore,Karnataka,West Coast (Arabian Sea),12.8615,74.843,2.0,July 2024 High Spring Tide Monsoon,2024-07-08T18:00,0.7,1005.4,11.7,19.8,0.337,0.334,0.319
mangalore_netravati,Mangalore,Karnataka,West Coast (Arabian Sea),12.8615,74.843,2.0,July 2024 High Spring Tide Monsoon,2024-07-08T19:00,1.0,1004.9,8.0,26.6,0.34,0.335,0.319
mangalore_netravati,Mangalore,Karnataka,West Coast (Arabian Sea),12.8615,74.843,2.0,July 2024 High Spring Tide Monsoon,2024-07-08T20:00,1.1,1004.3,6.3,14.8,0.346,0.335,0.319
mangalore_netravati,Mangalore,Karnataka,West Coast (Arabian Sea),12.8615,74.843,2.0,July 2024 High Spring Tide Monsoon,2024-07-08T21:00,1.0,1003.9,8.8,19.1,0.345,0.337,0.319
mangalore_netravati,Mangalore,Karnataka,West Coast (Arabian Sea),12.8615,74.843,2.0,July 2024 High Spring Tide Monsoon,2024-07-08T22:00,0.7,1003.5,5.9,19.8,0.342,0.338,0.319
mangalore_netravati,Mangalore,Karnataka,West Coast (Arabian Sea),12.8615,74.843,2.0,July 2024 High Spring Tide Monsoon,2024-07-08T23:00,0.5,1003.5,5.1,13.0,0.339,0.338,0.319
mangalore_netravati,Mangalore,Karnataka,West Coast (Arabian Sea),12.8615,74.843,2.0,July 2024 High Spring Tide Monsoon,2024-07-09T00:00,1.0,1003.7,4.7,10.1,0.343,0.338,0.32
mangalore_netravati,Mangalore,Karnataka,West Coast (Arabian Sea),12.8615,74.843,2.0,July 2024 High Spring Tide Monsoon,2024-07-09T01:00,2.2,1004.5,6.0,9.7,0.363,0.344,0.32
mangalore_netravati,Mangalore,Karnataka,West Coast (Arabian Sea),12.8615,74.843,2.0,July 2024 High Spring Tide Monsoon,2024-07-09T02:00,0.4,1004.6,8.4,15.8,0.348,0.346,0.32
mangalore_netravati,Mangalore,Karnataka,West Coast (Arabian Sea),12.8615,74.843,2.0,July 2024 High Spring Tide Monsoon,2024-07-09T03:00,1.2,1005.3,10.6,24.5,0.348,0.347,0.321
mangalore_netravati,Mangalore,Karnataka,West Coast (Arabian Sea),12.8615,74.843,2.0,July 2024 High Spring Tide Monsoon,2024-07-09T04:00,0.0,1005.8,9.5,20.9,0.338,0.346,0.322
mangalore_netravati,Mangalore,Karnataka,West Coast (Arabian Sea),12.8615,74.843,2.0,July 2024 High Spring Tide Monsoon,2024-07-09T05:00,0.0,1006.1,7.6,19.8,0.331,0.344,0.322
mangalore_netravati,Mangalore,Karnataka,West Coast (Arabian Sea),12.8615,74.843,2.0,July 2024 High Spring Tide Monsoon,2024-07-09T06:00,0.1,1005.9,9.7,20.2,0.326,0.341,0.322
mangalore_netravati,Mangalore,Karnataka,West Coast (Arabian Sea),12.8615,74.843,2.0,July 2024 High Spring Tide Monsoon,2024-07-09T07:00,0.2,1005.7,14.3,28.4,0.322,0.339,0.322
mangalore_netravati,Mangalore,Karnataka,West Coast (Arabian Sea),12.8615,74.843,2.0,July 2024 High Spring Tide Monsoon,2024-07-09T08:00,0.4,1005.0,13.4,32.8,0.32,0.337,0.323
mangalore_netravati,Mangalore,Karnataka,West Coast (Arabian Sea),12.8615,74.843,2.0,July 2024 High Spring Tide Monsoon,2024-07-09T09:00,1.6,1004.6,12.0,32.4,0.329,0.336,0.323
mangalore_netravati,Mangalore,Karnataka,West Coast (Arabian Sea),12.8615,74.843,2.0,July 2024 High Spring Tide Monsoon,2024-07-09T10:00,1.3,1004.2,15.1,33.1,0.335,0.335,0.323
mangalore_netravati,Mangalore,Karnataka,West Coast (Arabian Sea),12.8615,74.843,2.0,July 2024 High Spring Tide Monsoon,2024-07-09T11:00,0.4,1004.2,14.0,31.3,0.331,0.335,0.323
mangalore_netravati,Mangalore,Karnataka,West Coast (Arabian Sea),12.8615,74.843,2.0,July 2024 High Spring Tide Monsoon,2024-07-09T12:00,2.1,1004.1,10.2,28.4,0.344,0.337,0.323
mangalore_netravati,Mangalore,Karnataka,West Coast (Arabian Sea),12.8615,74.843,2.0,July 2024 High Spring Tide Monsoon,2024-07-09T13:00,0.3,1005.1,10.4,25.2,0.326,0.341,0.334
mangalore_netravati,Mangalore,Karnataka,West Coast (Arabian Sea),12.8615,74.843,2.0,July 2024 High Spring Tide Monsoon,2024-07-09T14:00,0.4,1005.8,8.0,18.7,0.325,0.34,0.334
mangalore_netravati,Mangalore,Karnataka,West Coast (Arabian Sea),12.8615,74.843,2.0,July 2024 High Spring Tide Monsoon,2024-07-09T15:00,0.2,1006.4,5.4,17.6,0.323,0.338,0.334
mangalore_netravati,Mangalore,Karnataka,West Coast (Arabian Sea),12.8615,74.843,2.0,July 2024 High Spring Tide Monsoon,2024-07-09T16:00,0.2,1007.0,6.9,14.4,0.321,0.337,0.334
mangalore_netravati,Mangalore,Karnataka,West Coast (Arabian Sea),12.8615,74.843,2.0,July 2024 High Spring Tide Monsoon,2024-07-09T17:00,0.5,1007.2,6.0,24.5,0.324,0.335,0.334
mangalore_netravati,Mangalore,Karnataka,West Coast (Arabian Sea),12.8615,74.843,2.0,July 2024 High Spring Tide Monsoon,2024-07-09T18:00,0.2,1007.6,4.2,10.1,0.322,0.334,0.334
mangalore_netravati,Mangalore,Karnataka,West Coast (Arabian Sea),12.8615,74.843,2.0,July 2024 High Spring Tide Monsoon,2024-07-09T19:00,0.2,1006.9,6.7,11.5,0.32,0.333,0.334
mangalore_netravati,Mangalore,Karnataka,West Coast (Arabian Sea),12.8615,74.843,2.0,July 2024 High Spring Tide Monsoon,2024-07-09T20:00,0.5,1006.3,6.9,13.3,0.323,0.332,0.334
mangalore_netravati,Mangalore,Karnataka,West Coast (Arabian Sea),12.8615,74.843,2.0,July 2024 High Spring Tide Monsoon,2024-07-09T21:00,0.8,1005.9,6.1,12.6,0.329,0.332,0.333
mangalore_netravati,Mangalore,Karnataka,West Coast (Arabian Sea),12.8615,74.843,2.0,July 2024 High Spring Tide Monsoon,2024-07-09T22:00,0.7,1005.9,6.9,13.0,0.332,0.332,0.333
mangalore_netravati,Mangalore,Karnataka,West Coast (Arabian Sea),12.8615,74.843,2.0,July 2024 High Spring Tide Monsoon,2024-07-09T23:00,0.6,1006.1,9.0,16.2,0.333,0.332,0.333
mangalore_netravati,Mangalore,Karnataka,West Coast (Arabian Sea),12.8615,74.843,2.0,July 2024 High Spring Tide Monsoon,2024-07-10T00:00,1.3,1006.4,11.1,22.0,0.342,0.332,0.333
mangalore_netravati,Mangalore,Karnataka,West Coast (Arabian Sea),12.8615,74.843,2.0,July 2024 High Spring Tide Monsoon,2024-07-10T01:00,0.9,1006.8,8.3,14.0,0.341,0.336,0.333
mangalore_netravati,Mangalore,Karnataka,West Coast (Arabian Sea),12.8615,74.843,2.0,July 2024 High Spring Tide Monsoon,2024-07-10T02:00,0.8,1007.5,7.9,16.9,0.34,0.337,0.333
mangalore_netravati,Mangalore,Karnataka,West Coast (Arabian Sea),12.8615,74.843,2.0,July 2024 High Spring Tide Monsoon,2024-07-10T03:00,0.2,1008.1,10.9,20.9,0.334,0.337,0.333
mangalore_netravati,Mangalore,Karnataka,West Coast (Arabian Sea),12.8615,74.843,2.0,July 2024 High Spring Tide Monsoon,2024-07-10T04:00,0.1,1008.6,10.3,24.8,0.328,0.337,0.333
mangalore_netravati,Mangalore,Karnataka,West Coast (Arabian Sea),12.8615,74.843,2.0,July 2024 High Spring Tide Monsoon,2024-07-10T05:00,0.1,1008.7,14.6,32.0,0.323,0.335,0.333
mangalore_netravati,Mangalore,Karnataka,West Coast (Arabian Sea),12.8615,74.843,2.0,July 2024 High Spring Tide Monsoon,2024-07-10T06:00,0.2,1008.4,12.3,31.0,0.319,0.334,0.333
mangalore_netravati,Mangalore,Karnataka,West Coast (Arabian Sea),12.8615,74.843,2.0,July 2024 High Spring Tide Monsoon,2024-07-10T07:00,0.6,1008.2,17.4,36.7,0.319,0.332,0.332
mangalore_netravati,Mangalore,Karnataka,West Coast (Arabian Sea),12.8615,74.843,2.0,July 2024 High Spring Tide Monsoon,2024-07-10T08:00,0.2,1007.5,13.8,37.4,0.316,0.331,0.332
mangalore_netravati,Mangalore,Karnataka,West Coast (Arabian Sea),12.8615,74.843,2.0,July 2024 High Spring Tide Monsoon,2024-07-10T09:00,0.1,1007.0,16.0,32.8,0.313,0.329,0.332
mangalore_netravati,Mangalore,Karnataka,West Coast (Arabian Sea),12.8615,74.843,2.0,July 2024 High Spring Tide Monsoon,2024-07-10T10:00,0.2,1006.5,17.8,34.9,0.311,0.328,0.332
mangalore_netravati,Mangalore,Karnataka,West Coast (Arabian Sea),12.8615,74.843,2.0,July 2024 High Spring Tide Monsoon,2024-07-10T11:00,0.8,1006.3,15.3,34.6,0.315,0.327,0.331
mangalore_netravati,Mangalore,Karnataka,West Coast (Arabian Sea),12.8615,74.843,2.0,July 2024 High Spring Tide Monsoon,2024-07-10T12:00,1.1,1006.5,12.2,27.7,0.322,0.326,0.331
mangalore_netravati,Mangalore,Karnataka,West Coast (Arabian Sea),12.8615,74.843,2.0,July 2024 High Spring Tide Monsoon,2024-07-10T13:00,0.3,1007.2,7.9,18.4,0.327,0.339,0.335
mangalore_netravati,Mangalore,Karnataka,West Coast (Arabian Sea),12.8615,74.843,2.0,July 2024 High Spring Tide Monsoon,2024-07-10T14:00,0.6,1007.7,6.9,15.5,0.33,0.338,0.335
mangalore_netravati,Mangalore,Karnataka,West Coast (Arabian Sea),12.8615,74.843,2.0,July 2024 High Spring Tide Monsoon,2024-07-10T15:00,0.3,1008.4,5.4,13.0,0.327,0.337,0.335
mangalore_netravati,Mangalore,Karnataka,West Coast (Arabian Sea),12.8615,74.843,2.0,July 2024 High Spring Tide Monsoon,2024-07-10T16:00,0.1,1008.8,3.3,9.0,0.323,0.336,0.335
mangalore_netravati,Mangalore,Karnataka,West Coast (Arabian Sea),12.8615,74.843,2.0,July 2024 High Spring Tide Monsoon,2024-07-10T17:00,0.0,1009.0,2.3,4.7,0.319,0.335,0.335
mangalore_netravati,Mangalore,Karnataka,West Coast (Arabian Sea),12.8615,74.843,2.0,July 2024 High Spring Tide Monsoon,2024-07-10T18:00,0.0,1008.8,3.3,4.3,0.316,0.333,0.335
mangalore_netravati,Mangalore,Karnataka,West Coast (Arabian Sea),12.8615,74.843,2.0,July 2024 High Spring Tide Monsoon,2024-07-10T19:00,0.0,1008.4,4.9,8.6,0.313,0.332,0.334
mangalore_netravati,Mangalore,Karnataka,West Coast (Arabian Sea),12.8615,74.843,2.0,July 2024 High Spring Tide Monsoon,2024-07-10T20:00,0.5,1007.9,8.0,14.8,0.317,0.33,0.334
mangalore_netravati,Mangalore,Karnataka,West Coast (Arabian Sea),12.8615,74.843,2.0,July 2024 High Spring Tide Monsoon,2024-07-10T21:00,1.2,1007.4,7.7,20.5,0.328,0.33,0.334
mangalore_netravati,Mangalore,Karnataka,West Coast (Arabian Sea),12.8615,74.843,2.0,July 2024 High Spring Tide Monsoon,2024-07-10T22:00,2.2,1007.1,5.9,20.5,0.344,0.332,0.334
mangalore_netravati,Mangalore,Karnataka,West Coast (Arabian Sea),12.8615,74.843,2.0,July 2024 High Spring Tide Monsoon,2024-07-10T23:00,1.0,1007.0,6.2,17.6,0.344,0.334,0.334
mangalore_netravati,Mangalore,Karnataka,West Coast (Arabian Sea),12.8615,74.843,2.0,July 2024 High Spring Tide Monsoon,2024-07-11T00:00,0.2,1007.0,4.3,11.2,0.336,0.335,0.334
mangalore_netravati,Mangalore,Karnataka,West Coast (Arabian Sea),12.8615,74.843,2.0,July 2024 High Spring Tide Monsoon,2024-07-11T01:00,0.2,1007.3,4.0,12.2,0.331,0.353,0.354
mangalore_netravati,Mangalore,Karnataka,West Coast (Arabian Sea),12.8615,74.843,2.0,July 2024 High Spring Tide Monsoon,2024-07-11T02:00,0.0,1007.9,1.0,7.6,0.326,0.35,0.354
mangalore_netravati,Mangalore,Karnataka,West Coast (Arabian Sea),12.8615,74.843,2.0,July 2024 High Spring Tide Monsoon,2024-07-11T03:00,0.0,1008.2,0.8,8.3,0.322,0.346,0.354
mangalore_netravati,Mangalore,Karnataka,West Coast (Arabian Sea),12.8615,74.843,2.0,July 2024 High Spring Tide Monsoon,2024-07-11T04:00,0.0,1008.1,2.6,11.9,0.318,0.342,0.354
mangalore_netravati,Mangalore,Karnataka,West Coast (Arabian Sea),12.8615,74.843,2.0,July 2024 High Spring Tide Monsoon,2024-07-11T05:00,0.1,1008.4,8.5,19.8,0.315,0.339,0.353
mangalore_netravati,Mangalore,Karnataka,West Coast (Arabian Sea),12.8615,74.843,2.0,July 2024 High Spring Tide Monsoon,2024-07-11T06:00,0.2,1007.7,11.8,27.0,0.312,0.335,0.353
mangalore_netravati,Mangalore,Karnataka,West Coast (Arabian Sea),12.8615,74.843,2.0,July 2024 High Spring Tide Monsoon,2024-07-11T07:00,0.1,1007.2,12.4,28.1,0.309,0.331,0.352
mangalore_netravati,Mangalore,Karnataka,West Coast (Arabian Sea),12.8615,74.843,2.0,July 2024 High Spring Tide Monsoon,2024-07-11T08:00,0.2,1006.4,11.5,31.7,0.306,0.327,0.352
mangalore_netravati,Mangalore,Karnataka,West Coast (Arabian Sea),12.8615,74.843,2.0,July 2024 High Spring Tide Monsoon,2024-07-11T09:00,0.1,1005.6,11.9,29.5,0.302,0.323,0.351
mangalore_netravati,Mangalore,Karnataka,West Coast (Arabian Sea),12.8615,74.843,2.0,July 2024 High Spring Tide Monsoon,2024-07-11T10:00,0.1,1005.0,11.3,28.8,0.3,0.319,0.351
mangalore_netravati,Mangalore,Karnataka,West Coast (Arabian Sea),12.8615,74.843,2.0,July 2024 High Spring Tide Monsoon,2024-07-11T11:00,0.5,1004.6,14.8,33.5,0.301,0.316,0.35
mangalore_netravati,Mangalore,Karnataka,West Coast (Arabian Sea),12.8615,74.843,2.0,July 2024 High Spring Tide Monsoon,2024-07-11T12:00,1.4,1004.8,18.7,36.0,0.312,0.314,0.35
mangalore_netravati,Mangalore,Karnataka,West Coast (Arabian Sea),12.8615,74.843,2.0,July 2024 High Spring Tide Monsoon,2024-07-11T13:00,0.1,1004.8,11.0,24.5,0.292,0.309,0.349
mangalore_netravati,Mangalore,Karnataka,West Coast (Arabian Sea),12.8615,74.843,2.0,July 2024 High Spring Tide Monsoon,2024-07-11T14:00,0.3,1005.6,12.4,29.5,0.294,0.307,0.349
mangalore_netravati,Mangalore,Karnataka,West Coast (Arabian Sea),12.8615,74.843,2.0,July 2024 High Spring Tide Monsoon,2024-07-11T15:00,0.3,1006.0,7.3,22.0,0.295,0.305,0.348
mangalore_netravati,Mangalore,Karnataka,West Coast (Arabian Sea),12.8615,74.843,2.0,July 2024 High Spring Tide Monsoon,2024-07-11T16:00,0.2,1006.7,3.6,15.5,0.295,0.303,0.348
mangalore_netravati,Mangalore,Karnataka,West Coast (Arabian Sea),12.8615,74.843,2.0,July 2024 High Spring Tide Monsoon,2024-07-11T17:00,0.5,1007.3,7.6,15.5,0.299,0.301,0.347
mangalore_netravati,Mangalore,Karnataka,West Coast (Arabian Sea),12.8615,74.843,2.0,July 2024 High Spring Tide Monsoon,2024-07-11T18:00,0.4,1006.8,7.2,16.6,0.302,0.3,0.347
mangalore_netravati,Mangalore,Karnataka,West Coast (Arabian Sea),12.8615,74.843,2.0,July 2024 High Spring Tide Monsoon,2024-07-11T19:00,1.8,1006.3,9.4,19.8,0.32,0.299,0.346
mangalore_netravati,Mangalore,Karnataka,West Coast (Arabian Sea),12.8615,74.843,2.0,July 2024 High Spring Tide Monsoon,2024-07-11T20:00,0.7,1005.4,6.8,19.4,0.322,0.3,0.346
mangalore_netravati,Mangalore,Karnataka,West Coast (Arabian Sea),12.8615,74.843,2.0,July 2024 High Spring Tide Monsoon,2024-07-11T21:00,0.8,1004.8,2.3,12.6,0.323,0.301,0.345
mangalore_netravati,Mangalore,Karnataka,West Coast (Arabian Sea),12.8615,74.843,2.0,July 2024 High Spring Tide Monsoon,2024-07-11T22:00,0.3,1004.3,2.5,7.6,0.318,0.301,0.345
mangalore_netravati,Mangalore,Karnataka,West Coast (Arabian Sea),12.8615,74.843,2.0,July 2024 High Spring Tide Monsoon,2024-07-11T23:00,0.2,1004.3,1.8,4.7,0.314,0.301,0.345
mangalore_netravati,Mangalore,Karnataka,West Coast (Arabian Sea),12.8615,74.843,2.0,July 2024 High Spring Tide Monsoon,2024-07-12T00:00,0.1,1004.6,6.0,10.1,0.31,0.301,0.344
mangalore_netravati,Mangalore,Karnataka,West Coast (Arabian Sea),12.8615,74.843,2.0,July 2024 High Spring Tide Monsoon,2024-07-12T01:00,0.5,1005.0,9.6,19.4,0.318,0.307,0.345
mangalore_netravati,Mangalore,Karnataka,West Coast (Arabian Sea),12.8615,74.843,2.0,July 2024 High Spring Tide Monsoon,2024-07-12T02:00,1.9,1005.9,16.1,30.6,0.336,0.307,0.344
mangalore_netravati,Mangalore,Karnataka,West Coast (Arabian Sea),12.8615,74.843,2.0,July 2024 High Spring Tide Monsoon,2024-07-12T03:00,2.6,1006.4,10.1,31.0,0.345,0.313,0.344
mangalore_netravati,Mangalore,Karnataka,West Coast (Arabian Sea),12.8615,74.843,2.0,July 2024 High Spring Tide Monsoon,2024-07-12T04:00,0.1,1006.5,8.9,19.1,0.331,0.316,0.344
mangalore_netravati,Mangalore,Karnataka,West Coast (Arabian Sea),12.8615,74.843,2.0,July 2024 High Spring Tide Monsoon,2024-07-12T05:00,0.1,1006.4,8.0,23.0,0.324,0.316,0.343
mangalore_netravati,Mangalore,Karnataka,West Coast (Arabian Sea),12.8615,74.843,2.0,July 2024 High Spring Tide Monsoon,2024-07-12T06:00,0.2,1005.9,10.5,24.5,0.318,0.315,0.343
mangalore_netravati,Mangalore,Karnataka,West Coast (Arabian Sea),12.8615,74.843,2.0,July 2024 High Spring Tide Monsoon,2024-07-12T07:00,2.2,1005.7,14.5,33.5,0.331,0.314,0.343
mangalore_netravati,Mangalore,Karnataka,West Coast (Arabian Sea),12.8615,74.843,2.0,July 2024 High Spring Tide Monsoon,2024-07-12T08:00,0.9,1005.2,12.9,33.1,0.33,0.316,0.342
mangalore_netravati,Mangalore,Karnataka,West Coast (Arabian Sea),12.8615,74.843,2.0,July 2024 High Spring Tide Monsoon,2024-07-12T09:00,0.3,1004.6,15.9,32.4,0.324,0.316,0.342
mangalore_netravati,Mangalore,Karnataka,West Coast (Arabian Sea),12.8615,74.843,2.0,July 2024 High Spring Tide Monsoon,2024-07-12T10:00,0.8,1004.2,12.5,35.6,0.324,0.315,0.342
mangalore_netravati,Mangalore,Karnataka,West Coast (Arabian Sea),12.8615,74.843,2.0,July 2024 High Spring Tide Monsoon,2024-07-12T11:00,0.1,1003.8,10.5,30.6,0.319,0.315,0.342
mangalore_netravati,Mangalore,Karnataka,West Coast (Arabian Sea),12.8615,74.843,2.0,July 2024 High Spring Tide Monsoon,2024-07-12T12:00,0.4,1004.0,8.0,23.0,0.317,0.314,0.341
mangalore_netravati,Mangalore,Karnataka,West Coast (Arabian Sea),12.8615,74.843,2.0,July 2024 High Spring Tide Monsoon,2024-07-12T13:00,0.6,1004.7,8.6,18.7,0.346,0.345,0.345
mangalore_netravati,Mangalore,Karnataka,West Coast (Arabian Sea),12.8615,74.843,2.0,July 2024 High Spring Tide Monsoon,2024-07-12T14:00,3.1,1005.6,11.5,26.3,0.366,0.349,0.345
mangalore_netravati,Mangalore,Karnataka,West Coast (Arabian Sea),12.8615,74.843,2.0,July 2024 High Spring Tide Monsoon,2024-07-12T15:00,0.7,1006.2,4.8,19.8,0.355,0.351,0.345
mangalore_netravati,Mangalore,Karnataka,West Coast (Arabian Sea),12.8615,74.843,2.0,July 2024 High Spring Tide Monsoon,2024-07-12T16:00,5.5,1007.0,6.4,17.3,0.388,0.36,0.346
mangalore_netravati,Mangalore,Karnataka,West Coast (Arabian Sea),12.8615,74.843,2.0,July 2024 High Spring Tide Monsoon,2024-07-12T17:00,1.7,1007.1,2.8,17.6,0.369,0.366,0.347
mangalore_netravati,Mangalore,Karnataka,West Coast (Arabian Sea),12.8615,74.843,2.0,July 2024 High Spring Tide Monsoon,2024-07-12T18:00,1.4,1006.9,2.9,13.3,0.365,0.365,0.348
mangalore_netravati,Mangalore,Karnataka,West Coast (Arabian Sea),12.8615,74.843,2.0,July 2024 High Spring Tide Monsoon,2024-07-12T19:00,0.9,1006.1,6.6,10.8,0.358,0.364,0.349
mangalore_netravati,Mangalore,Karnataka,West Coast (Arabian Sea),12.8615,74.843,2.0,July 2024 High Spring Tide Monsoon,2024-07-12T20:00,1.4,1005.5,8.8,29.2,0.358,0.362,0.35
mangalore_netravati,Mangalore,Karnataka,West Coast (Arabian Sea),12.8615,74.843,2.0,July 2024 High Spring Tide Monsoon,2024-07-12T21:00,1.3,1004.9,6.2,16.9,0.358,0.361,0.351
mangalore_netravati,Mangalore,Karnataka,West Coast (Arabian Sea),12.8615,74.843,2.0,July 2024 High Spring Tide Monsoon,2024-07-12T22:00,3.3,1004.6,4.5,24.8,0.369,0.365,0.352
mangalore_netravati,Mangalore,Karnataka,West Coast (Arabian Sea),12.8615,74.843,2.0,July 2024 High Spring Tide Monsoon,2024-07-12T23:00,1.0,1004.6,1.5,8.3,0.36,0.365,0.353
mangalore_netravati,Mangalore,Karnataka,West Coast (Arabian Sea),12.8615,74.843,2.0,July 2024 High Spring Tide Monsoon,2024-07-13T00:00,0.5,1004.8,3.6,17.3,0.35,0.362,0.354
mangalore_netravati,Mangalore,Karnataka,West Coast (Arabian Sea),12.8615,74.843,2.0,July 2024 High Spring Tide Monsoon,2024-07-13T01:00,1.5,1005.7,7.9,17.3,0.362,0.371,0.368
mangalore_netravati,Mangalore,Karnataka,West Coast (Arabian Sea),12.8615,74.843,2.0,July 2024 High Spring Tide Monsoon,2024-07-13T02:00,3.2,1006.0,5.4,23.4,0.374,0.372,0.368
mangalore_netravati,Mangalore,Karnataka,West Coast (Arabian Sea),12.8615,74.843,2.0,July 2024 High Spring Tide Monsoon,2024-07-13T03:00,0.8,1007.0,0.4,15.1,0.36,0.37,0.368
mangalore_netravati,Mangalore,Karnataka,West Coast (Arabian Sea),12.8615,74.843,2.0,July 2024 High Spring Tide Monsoon,2024-07-13T04:00,1.1,1007.2,9.7,19.1,0.355,0.367,0.368
mangalore_netravati,Mangalore,Karnataka,West Coast (Arabian Sea),12.8615,74.843,2.0,July 2024 High Spring Tide Monsoon,2024-07-13T05:00,0.6,1006.9,6.5,20.5,0.346,0.364,0.368
mangalore_netravati,Mangalore,Karnataka,West Coast (Arabian Sea),12.8615,74.843,2.0,July 2024 High Spring Tide Monsoon,2024-07-13T06:00,0.1,1006.5,5.7,16.6,0.338,0.359,0.368
mangalore_netravati,Mangalore,Karnataka,West Coast (Arabian Sea),12.8615,74.843,2.0,July 2024 High Spring Tide Monsoon,2024-07-13T07:00,0.0,1006.0,6.3,23.0,0.331,0.354,0.367
mangalore_netravati,Mangalore,Karnataka,West Coast (Arabian Sea),12.8615,74.843,2.0,July 2024 High Spring Tide Monsoon,2024-07-13T08:00,0.3,1005.5,11.3,29.2,0.328,0.348,0.367
mangalore_netravati,Mangalore,Karnataka,West Coast (Arabian Sea),12.8615,74.843,2.0,July 2024 High Spring Tide Monsoon,2024-07-13T09:00,2.8,1005.3,20.9,49.0,0.352,0.344,0.366
mangalore_netravati,Mangalore,Karnataka,West Coast (Arabian Sea),12.8615,74.843,2.0,July 2024 High Spring Tide Monsoon,2024-07-13T10:00,4.7,1004.8,5.2,43.2,0.367,0.353,0.366
mangalore_netravati,Mangalore,Karnataka,West Coast (Arabian Sea),12.8615,74.843,2.0,July 2024 High Spring Tide Monsoon,2024-07-13T11:00,1.3,1005.0,14.1,28.8,0.361,0.353,0.366
mangalore_netravati,Mangalore,Karnataka,West Coast (Arabian Sea),12.8615,74.843,2.0,July 2024 High Spring Tide Monsoon,2024-07-13T12:00,1.4,1004.8,5.4,35.6,0.355,0.354,0.365
mangalore_netravati,Mangalore,Karnataka,West Coast (Arabian Sea),12.8615,74.843,2.0,July 2024 High Spring Tide Monsoon,2024-07-13T13:00,4.1,1004.7,8.9,29.5,0.356,0.33,0.363
mangalore_netravati,Mangalore,Karnataka,West Coast (Arabian Sea),12.8615,74.843,2.0,July 2024 High Spring Tide Monsoon,2024-07-13T14:00,0.5,1005.3,9.9,24.1,0.344,0.331,0.363
mangalore_netravati,Mangalore,Karnataka,West Coast (Arabian Sea),12.8615,74.843,2.0,July 2024 High Spring Tide Monsoon,2024-07-13T15:00,1.4,1006.0,4.8,18.0,0.348,0.331,0.362
mangalore_netravati,Mangalore,Karnataka,West Coast (Arabian Sea),12.8615,74.843,2.0,July 2024 High Spring Tide Monsoon,2024-07-13T16:00,7.1,1006.6,7.2,24.8,0.372,0.351,0.362
mangalore_netravati,Mangalore,Karnataka,West Coast (Arabian Sea),12.8615,74.843,2.0,July 2024 High Spring Tide Monsoon,2024-07-13T17:00,1.7,1007.3,6.6,23.0,0.367,0.354,0.362
mangalore_netravati,Mangalore,Karnataka,West Coast (Arabian Sea),12.8615,74.843,2.0,July 2024 High Spring Tide Monsoon,2024-07-13T18:00,2.7,1006.9,9.8,24.1,0.37,0.359,0.361
mangalore_netravati,Mangalore,Karnataka,West Coast (Arabian Sea),12.8615,74.843,2.0,July 2024 High Spring Tide Monsoon,2024-07-13T19:00,1.3,1006.2,4.6,17.6,0.363,0.361,0.361
mangalore_netravati,Mangalore,Karnataka,West Coast (Arabian Sea),12.8615,74.843,2.0,July 2024 High Spring Tide Monsoon,2024-07-13T20:00,0.7,1005.3,1.8,13.0,0.356,0.36,0.361
mangalore_netravati,Mangalore,Karnataka,West Coast (Arabian Sea),12.8615,74.843,2.0,July 2024 High Spring Tide Monsoon,2024-07-13T21:00,0.3,1004.7,2.3,12.2,0.347,0.358,0.361
mangalore_netravati,Mangalore,Karnataka,West Coast (Arabian Sea),12.8615,74.843,2.0,July 2024 High Spring Tide Monsoon,2024-07-13T22:00,1.1,1004.4,3.3,12.6,0.348,0.357,0.361
mangalore_netravati,Mangalore,Karnataka,West Coast (Arabian Sea),12.8615,74.843,2.0,July 2024 High Spring Tide Monsoon,2024-07-13T23:00,1.7,1004.3,6.2,19.8,0.359,0.355,0.361
mangalore_netravati,Mangalore,Karnataka,West Coast (Arabian Sea),12.8615,74.843,2.0,July 2024 High Spring Tide Monsoon,2024-07-14T00:00,0.9,1004.3,3.0,22.0,0.355,0.354,0.361
mangalore_netravati,Mangalore,Karnataka,West Coast (Arabian Sea),12.8615,74.843,2.0,July 2024 High Spring Tide Monsoon,2024-07-14T01:00,0.4,1004.4,1.3,15.1,0.33,0.332,0.358
mangalore_netravati,Mangalore,Karnataka,West Coast (Arabian Sea),12.8615,74.843,2.0,July 2024 High Spring Tide Monsoon,2024-07-14T02:00,0.3,1004.9,2.9,14.0,0.328,0.329,0.358
mangalore_netravati,Mangalore,Karnataka,West Coast (Arabian Sea),12.8615,74.843,2.0,July 2024 High Spring Tide Monsoon,2024-07-14T03:00,0.8,1005.2,13.0,23.0,0.332,0.327,0.357
mangalore_netravati,Mangalore,Karnataka,West Coast (Arabian Sea),12.8615,74.843,2.0,July 2024 High Spring Tide Monsoon,2024-07-14T04:00,1.3,1005.2,14.6,34.6,0.336,0.327,0.357
mangalore_netravati,Mangalore,Karnataka,West Coast (Arabian Sea),12.8615,74.843,2.0,July 2024 High Spring Tide Monsoon,2024-07-14T05:00,0.8,1005.4,16.0,36.7,0.334,0.326,0.357
mangalore_netravati,Mangalore,Karnataka,West Coast (Arabian Sea),12.8615,74.843,2.0,July 2024 High Spring Tide Monsoon,2024-07-14T06:00,0.4,1005.1,11.7,32.8,0.33,0.325,0.356
mangalore_netravati,Mangalore,Karnataka,West Coast (Arabian Sea),12.8615,74.843,2.0,July 2024 High Spring Tide Monsoon,2024-07-14T07:00,0.4,1004.4,10.7,32.8,0.326,0.323,0.356
mangalore_netravati,Mangalore,Karnataka,West Coast (Arabian Sea),12.8615,74.843,2.0,July 2024 High Spring Tide Monsoon,2024-07-14T08:00,0.7,1003.6,14.7,34.2,0.326,0.321,0.355
mangalore_netravati,Mangalore,Karnataka,West Coast (Arabian Sea),12.8615,74.843,2.0,July 2024 High Spring Tide Monsoon,2024-07-14T09:00,3.8,1003.6,17.5,46.4,0.359,0.323,0.355
mangalore_netravati,Mangalore,Karnataka,West Coast (Arabian Sea),12.8615,74.843,2.0,July 2024 High Spring Tide Monsoon,2024-07-14T10:00,3.7,1002.9,17.6,41.4,0.362,0.335,0.355
mangalore_netravati,Mangalore,Karnataka,West Coast (Arabian Sea),12.8615,74.843,2.0,July 2024 High Spring Tide Monsoon,2024-07-14T11:00,1.3,1002.7,15.9,38.5,0.351,0.339,0.354
mangalore_netravati,Mangalore,Karnataka,West Coast (Arabian Sea),12.8615,74.843,2.0,July 2024 High Spring Tide Monsoon,2024-07-14T12:00,3.5,1003.0,10.8,38.9,0.371,0.343,0.354
mangalore_netravati,Mangalore,Karnataka,West Coast (Arabian Sea),12.8615,74.843,2.0,July 2024 High Spring Tide Monsoon,2024-07-14T13:00,3.5,1002.7,16.5,38.5,0.384,0.382,0.371
mangalore_netravati,Mangalore,Karnataka,West Coast (Arabian Sea),12.8615,74.843,2.0,July 2024 High Spring Tide Monsoon,2024-07-14T14:00,2.2,1003.2,11.3,39.6,0.373,0.38,0.373
mangalore_netravati,Mangalore,Karnataka,West Coast (Arabian Sea),12.8615,74.843,2.0,July 2024 High Spring Tide Monsoon,2024-07-14T15:00,1.6,1003.5,8.8,31.0,0.366,0.376,0.374
mangalore_netravati,Mangalore,Karnataka,West Coast (Arabian Sea),12.8615,74.843,2.0,July 2024 High Spring Tide Monsoon,2024-07-14T16:00,1.3,1004.4,13.7,26.3,0.36,0.373,0.374
mangalore_netravati,Mangalore,Karnataka,West Coast (Arabian Sea),12.8615,74.843,2.0,July 2024 High Spring Tide Monsoon,2024-07-14T17:00,1.7,1004.8,9.8,32.8,0.36,0.37,0.374
mangalore_netravati,Mangalore,Karnataka,West Coast (Arabian Sea),12.8615,74.843,2.0,July 2024 High Spring Tide Monsoon,2024-07-14T18:00,0.9,1004.7,11.2,27.7,0.354,0.367,0.373
mangalore_netravati,Mangalore,Karnataka,West Coast (Arabian Sea),12.8615,74.843,2.0,July 2024 High Spring Tide Monsoon,2024-07-14T19:00,1.2,1004.1,10.2,34.9,0.353,0.363,0.373
mangalore_netravati,Mangalore,Karnataka,West Coast (Arabian Sea),12.8615,74.843,2.0,July 2024 High Spring Tide Monsoon,2024-07-14T20:00,2.2,1003.5,15.2,35.3,0.366,0.359,0.373
mangalore_netravati,Mangalore,Karnataka,West Coast (Arabian Sea),12.8615,74.843,2.0,July 2024 High Spring Tide Monsoon,2024-07-14T21:00,2.4,1003.1,17.9,34.9,0.371,0.359,0.372
mangalore_netravati,Mangalore,Karnataka,West Coast (Arabian Sea),12.8615,74.843,2.0,July 2024 High Spring Tide Monsoon,2024-07-14T22:00,3.2,1002.8,21.3,44.3,0.376,0.363,0.372
mangalore_netravati,Mangalore,Karnataka,West Coast (Arabian Sea),12.8615,74.843,2.0,July 2024 High Spring Tide Monsoon,2024-07-14T23:00,2.6,1002.8,16.3,43.6,0.375,0.367,0.372
mangalore_netravati,Mangalore,Karnataka,West Coast (Arabian Sea),12.8615,74.843,2.0,July 2024 High Spring Tide Monsoon,2024-07-15T00:00,1.9,1003.0,17.0,39.2,0.369,0.368,0.372
mangalore_netravati,Mangalore,Karnataka,West Coast (Arabian Sea),12.8615,74.843,2.0,July 2024 High Spring Tide Monsoon,2024-07-15T01:00,1.5,1002.7,15.7,39.2,0.368,0.386,0.38
mangalore_netravati,Mangalore,Karnataka,West Coast (Arabian Sea),12.8615,74.843,2.0,July 2024 High Spring Tide Monsoon,2024-07-15T02:00,4.1,1003.3,16.6,38.5,0.381,0.383,0.38
mangalore_netravati,Mangalore,Karnataka,West Coast (Arabian Sea),12.8615,74.843,2.0,July 2024 High Spring Tide Monsoon,2024-07-15T03:00,4.9,1003.5,17.3,40.3,0.383,0.387,0.381
mangalore_netravati,Mangalore,Karnataka,West Coast (Arabian Sea),12.8615,74.843,2.0,July 2024 High Spring Tide Monsoon,2024-07-15T04:00,2.7,1004.1,21.7,43.9,0.38,0.382,0.382
mangalore_netravati,Mangalore,Karnataka,West Coast (Arabian Sea),12.8615,74.843,2.0,July 2024 High Spring Tide Monsoon,2024-07-15T05:00,2.5,1004.1,18.7,45.7,0.37,0.381,0.382
mangalore_netravati,Mangalore,Karnataka,West Coast (Arabian Sea),12.8615,74.843,2.0,July 2024 High Spring Tide Monsoon,2024-07-15T06:00,2.3,1004.5,21.3,44.6,0.368,0.377,0.382
mangalore_netravati,Mangalore,Karnataka,West Coast (Arabian Sea),12.8615,74.843,2.0,July 2024 High Spring Tide Monsoon,2024-07-15T07:00,4.6,1003.8,25.6,52.9,0.38,0.379,0.381
mangalore_netravati,Mangalore,Karnataka,West Coast (Arabian Sea),12.8615,74.843,2.0,July 2024 High Spring Tide Monsoon,2024-07-15T08:00,3.9,1003.2,27.4,53.3,0.388,0.379,0.381
mangalore_netravati,Mangalore,Karnataka,West Coast (Arabian Sea),12.8615,74.843,2.0,July 2024 High Spring Tide Monsoon,2024-07-15T09:00,1.5,1002.1,22.8,54.4,0.366,0.379,0.381
mangalore_netravati,Mangalore,Karnataka,West Coast (Arabian Sea),12.8615,74.843,2.0,July 2024 High Spring Tide Monsoon,2024-07-15T10:00,2.0,1002.2,24.7,51.5,0.366,0.373,0.381
mangalore_netravati,Mangalore,Karnataka,West Coast (Arabian Sea),12.8615,74.843,2.0,July 2024 High Spring Tide Monsoon,2024-07-15T11:00,1.7,1001.8,21.3,52.9,0.362,0.369,0.38
mangalore_netravati,Mangalore,Karnataka,West Coast (Arabian Sea),12.8615,74.843,2.0,July 2024 High Spring Tide Monsoon,2024-07-15T12:00,3.0,1002.3,26.1,51.8,0.377,0.365,0.38
mangalore_netravati,Mangalore,Karnataka,West Coast (Arabian Sea),12.8615,74.843,2.0,July 2024 High Spring Tide Monsoon,2024-07-15T13:00,8.1,1001.8,32.5,63.0,0.394,0.391,0.38
mangalore_netravati,Mangalore,Karnataka,West Coast (Arabian Sea),12.8615,74.843,2.0,July 2024 High Spring Tide Monsoon,2024-07-15T14:00,4.5,1002.8,29.0,64.4,0.385,0.389,0.383
mangalore_netravati,Mangalore,Karnataka,West Coast (Arabian Sea),12.8615,74.843,2.0,July 2024 High Spring Tide Monsoon,2024-07-15T15:00,5.9,1003.8,27.9,58.3,0.395,0.391,0.384
mangalore_netravati,Mangalore,Karnataka,West Coast (Arabian Sea),12.8615,74.843,2.0,July 2024 High Spring Tide Monsoon,2024-07-15T16:00,4.4,1004.6,23.4,57.2,0.383,0.389,0.386
mangalore_netravati,Mangalore,Karnataka,West Coast (Arabian Sea),12.8615,74.843,2.0,July 2024 High Spring Tide Monsoon,2024-07-15T17:00,3.0,1004.8,23.2,49.0,0.378,0.385,0.387
mangalore_netravati,Mangalore,Karnataka,West Coast (Arabian Sea),12.8615,74.843,2.0,July 2024 High Spring Tide Monsoon,2024-07-15T18:00,3.9,1004.9,21.7,51.1,0.384,0.382,0.386
mangalore_netravati,Mangalore,Karnataka,West Coast (Arabian Sea),12.8615,74.843,2.0,July 2024 High Spring Tide Monsoon,2024-07-15T19:00,4.0,1003.7,21.7,47.9,0.383,0.383,0.386
mangalore_netravati,Mangalore,Karnataka,West Coast (Arabian Sea),12.8615,74.843,2.0,July 2024 High Spring Tide Monsoon,2024-07-15T20:00,2.9,1003.5,23.6,47.2,0.381,0.38,0.386
mangalore_netravati,Mangalore,Karnataka,West Coast (Arabian Sea),12.8615,74.843,2.0,July 2024 High Spring Tide Monsoon,2024-07-15T21:00,3.7,1002.6,26.3,52.9,0.38,0.38,0.385
mangalore_netravati,Mangalore,Karnataka,West Coast (Arabian Sea),12.8615,74.843,2.0,July 2024 High Spring Tide Monsoon,2024-07-15T22:00,3.0,1002.8,25.1,52.9,0.38,0.377,0.385
mangalore_netravati,Mangalore,Karnataka,West Coast (Arabian Sea),12.8615,74.843,2.0,July 2024 High Spring Tide Monsoon,2024-07-15T23:00,4.0,1002.7,23.5,50.4,0.385,0.378,0.384
mangalore_netravati,Mangalore,Karnataka,West Coast (Arabian Sea),12.8615,74.843,2.0,July 2024 High Spring Tide Monsoon,2024-07-16T00:00,2.1,1002.8,23.1,46.8,0.373,0.376,0.384
mangalore_netravati,Mangalore,Karnataka,West Coast (Arabian Sea),12.8615,74.843,2.0,July 2024 High Spring Tide Monsoon,2024-07-16T01:00,3.2,1003.0,21.1,49.0,0.376,0.371,0.384
mangalore_netravati,Mangalore,Karnataka,West Coast (Arabian Sea),12.8615,74.843,2.0,July 2024 High Spring Tide Monsoon,2024-07-16T02:00,1.8,1003.5,20.6,43.9,0.371,0.367,0.383
mangalore_netravati,Mangalore,Karnataka,West Coast (Arabian Sea),12.8615,74.843,2.0,July 2024 High Spring Tide Monsoon,2024-07-16T03:00,1.8,1004.5,22.5,47.2,0.366,0.363,0.383
mangalore_netravati,Mangalore,Karnataka,West Coast (Arabian Sea),12.8615,74.843,2.0,July 2024 High Spring Tide Monsoon,2024-07-16T04:00,1.0,1004.6,19.2,45.7,0.358,0.357,0.382
mangalore_netravati,Mangalore,Karnataka,West Coast (Arabian Sea),12.8615,74.843,2.0,July 2024 High Spring Tide Monsoon,2024-07-16T05:00,2.4,1005.1,18.9,44.6,0.364,0.353,0.381
mangalore_netravati,Mangalore,Karnataka,West Coast (Arabian Sea),12.8615,74.843,2.0,July 2024 High Spring Tide Monsoon,2024-07-16T06:00,1.4,1005.0,18.2,41.0,0.357,0.35,0.38
mangalore_netravati,Mangalore,Karnataka,West Coast (Arabian Sea),12.8615,74.843,2.0,July 2024 High Spring Tide Monsoon,2024-07-16T07:00,3.0,1004.7,20.5,50.8,0.365,0.35,0.379
mangalore_netravati,Mangalore,Karnataka,West Coast (Arabian Sea),12.8615,74.843,2.0,July 2024 High Spring Tide Monsoon,2024-07-16T08:00,0.9,1003.9,22.3,44.6,0.351,0.347,0.378
mangalore_netravati,Mangalore,Karnataka,West Coast (Arabian Sea),12.8615,74.843,2.0,July 2024 High Spring Tide Monsoon,2024-07-16T09:00,1.9,1003.2,20.1,56.5,0.351,0.345,0.377
mangalore_netravati,Mangalore,Karnataka,West Coast (Arabian Sea),12.8615,74.843,2.0,July 2024 High Spring Tide Monsoon,2024-07-16T10:00,3.2,1002.8,23.1,57.6,0.358,0.347,0.375
mangalore_netravati,Mangalore,Karnataka,West Coast (Arabian Sea),12.8615,74.843,2.0,July 2024 High Spring Tide Monsoon,2024-07-16T11:00,2.5,1002.5,19.2,51.8,0.359,0.348,0.374
mangalore_netravati,Mangalore,Karnataka,West Coast (Arabian Sea),12.8615,74.843,2.0,July 2024 High Spring Tide Monsoon,2024-07-16T12:00,1.8,1003.2,20.2,46.1,0.361,0.347,0.373
mangalore_netravati,Mangalore,Karnataka,West Coast (Arabian Sea),12.8615,74.843,2.0,July 2024 High Spring Tide Monsoon,2024-07-16T13:00,0.7,1002.7,18.1,46.4,0.35,0.345,0.368
mangalore_netravati,Mangalore,Karnataka,West Coast (Arabian Sea),12.8615,74.843,2.0,July 2024 High Spring Tide Monsoon,2024-07-16T14:00,0.1,1003.3,15.3,40.7,0.34,0.342,0.367
mangalore_netravati,Mangalore,Karnataka,West Coast (Arabian Sea),12.8615,74.843,2.0,July 2024 High Spring Tide Monsoon,2024-07-16T15:00,0.7,1003.9,17.9,40.7,0.34,0.338,0.365
mangalore_netravati,Mangalore,Karnataka,West Coast (Arabian Sea),12.8615,74.843,2.0,July 2024 High Spring Tide Monsoon,2024-07-16T16:00,0.8,1004.5,16.1,40.3,0.34,0.337,0.362
mangalore_netravati,Mangalore,Karnataka,West Coast (Arabian Sea),12.8615,74.843,2.0,July 2024 High Spring Tide Monsoon,2024-07-16T17:00,0.4,1005.2,13.4,48.6,0.335,0.334,0.36
mangalore_netravati,Mangalore,Karnataka,West Coast (Arabian Sea),12.8615,74.843,2.0,July 2024 High Spring Tide Monsoon,2024-07-16T18:00,1.2,1005.4,21.6,47.5,0.341,0.333,0.358
mangalore_netravati,Mangalore,Karnataka,West Coast (Arabian Sea),12.8615,74.843,2.0,July 2024 High Spring Tide Monsoon,2024-07-16T19:00,7.3,1004.8,14.0,37.8,0.403,0.341,0.356
mangalore_netravati,Mangalore,Karnataka,West Coast (Arabian Sea),12.8615,74.843,2.0,July 2024 High Spring Tide Monsoon,2024-07-16T20:00,6.6,1004.1,18.7,38.5,0.372,0.373,0.355
mangalore_netravati,Mangalore,Karnataka,West Coast (Arabian Sea),12.8615,74.843,2.0,July 2024 High Spring Tide Monsoon,2024-07-16T21:00,0.1,1003.6,22.0,41.4,0.353,0.369,0.354
mangalore_netravati,Mangalore,Karnataka,West Coast (Arabian Sea),12.8615,74.843,2.0,July 2024 High Spring Tide Monsoon,2024-07-16T22:00,5.4,1003.3,19.9,45.4,0.379,0.375,0.354
mangalore_netravati,Mangalore,Karnataka,West Coast (Arabian Sea),12.8615,74.843,2.0,July 2024 High Spring Tide Monsoon,2024-07-16T23:00,0.9,1003.3,16.3,42.8,0.361,0.372,0.354
mangalore_netravati,Mangalore,Karnataka,West Coast (Arabian Sea),12.8615,74.843,2.0,July 2024 High Spring Tide Monsoon,2024-07-17T00:00,1.4,1004.1,24.5,48.6,0.36,0.368,0.354
mangalore_netravati,Mangalore,Karnataka,West Coast (Arabian Sea),12.8615,74.843,2.0,July 2024 High Spring Tide Monsoon,2024-07-17T01:00,2.0,1004.3,17.8,41.8,0.359,0.36,0.346
mangalore_netravati,Mangalore,Karnataka,West Coast (Arabian Sea),12.8615,74.843,2.0,July 2024 High Spring Tide Monsoon,2024-07-17T02:00,0.4,1005.1,12.8,32.8,0.348,0.358,0.345
mangalore_netravati,Mangalore,Karnataka,West Coast (Arabian Sea),12.8615,74.843,2.0,July 2024 High Spring Tide Monsoon,2024-07-17T03:00,0.3,1005.6,17.1,38.9,0.34,0.356,0.343
mangalore_netravati,Mangalore,Karnataka,West Coast (Arabian Sea),12.8615,74.843,2.0,July 2024 High Spring Tide Monsoon,2024-07-17T04:00,8.3,1005.8,15.3,37.4,0.396,0.369,0.342
mangalore_netravati,Mangalore,Karnataka,West Coast (Arabian Sea),12.8615,74.843,2.0,July 2024 High Spring Tide Monsoon,2024-07-17T05:00,18.0,1006.5,18.1,41.0,0.403,0.396,0.351
mangalore_netravati,Mangalore,Karnataka,West Coast (Arabian Sea),12.8615,74.843,2.0,July 2024 High Spring Tide Monsoon,2024-07-17T06:00,3.6,1006.6,18.3,42.1,0.372,0.386,0.358
mangalore_netravati,Mangalore,Karnataka,West Coast (Arabian Sea),12.8615,74.843,2.0,July 2024 High Spring Tide Monsoon,2024-07-17T07:00,3.5,1006.1,20.7,42.8,0.385,0.379,0.359
mangalore_netravati,Mangalore,Karnataka,West Coast (Arabian Sea),12.8615,74.843,2.0,July 2024 High Spring Tide Monsoon,2024-07-17T08:00,5.4,1005.8,17.2,45.4,0.386,0.384,0.361
mangalore_netravati,Mangalore,Karnataka,West Coast (Arabian Sea),12.8615,74.843,2.0,July 2024 High Spring Tide Monsoon,2024-07-17T09:00,1.7,1005.1,16.9,40.0,0.37,0.379,0.363
mangalore_netravati,Mangalore,Karnataka,West Coast (Arabian Sea),12.8615,74.843,2.0,July 2024 High Spring Tide Monsoon,2024-07-17T10:00,1.9,1004.5,17.9,41.4,0.369,0.374,0.363
mangalore_netravati,Mangalore,Karnataka,West Coast (Arabian Sea),12.8615,74.843,2.0,July 2024 High Spring Tide Monsoon,2024-07-17T11:00,2.8,1004.2,17.7,40.3,0.378,0.372,0.363
mangalore_netravati,Mangalore,Karnataka,West Coast (Arabian Sea),12.8615,74.843,2.0,July 2024 High Spring Tide Monsoon,2024-07-17T12:00,4.9,1004.9,14.6,40.3,0.367,0.381,0.364
mangalore_netravati,Mangalore,Karnataka,West Coast (Arabian Sea),12.8615,74.843,2.0,July 2024 High Spring Tide Monsoon,2024-07-17T13:00,2.6,1004.9,15.3,32.4,0.375,0.367,0.34
mangalore_netravati,Mangalore,Karnataka,West Coast (Arabian Sea),12.8615,74.843,2.0,July 2024 High Spring Tide Monsoon,2024-07-17T14:00,2.9,1005.4,11.9,32.0,0.375,0.37,0.34
mangalore_netravati,Mangalore,Karnataka,West Coast (Arabian Sea),12.8615,74.843,2.0,July 2024 High Spring Tide Monsoon,2024-07-17T15:00,2.4,1006.3,16.3,35.6,0.374,0.37,0.34
mangalore_netravati,Mangalore,Karnataka,West Coast (Arabian Sea),12.8615,74.843,2.0,July 2024 High Spring Tide Monsoon,2024-07-17T16:00,1.1,1006.4,12.7,35.6,0.362,0.368,0.341
mangalore_netravati,Mangalore,Karnataka,West Coast (Arabian Sea),12.8615,74.843,2.0,July 2024 High Spring Tide Monsoon,2024-07-17T17:00,2.7,1007.4,14.8,36.4,0.371,0.367,0.34
mangalore_netravati,Mangalore,Karnataka,West Coast (Arabian Sea),12.8615,74.843,2.0,July 2024 High Spring Tide Monsoon,2024-07-17T18:00,1.6,1007.3,17.7,35.3,0.367,0.366,0.34
mangalore_netravati,Mangalore,Karnataka,West Coast (Arabian Sea),12.8615,74.843,2.0,July 2024 High Spring Tide Monsoon,2024-07-17T19:00,2.9,1006.7,15.0,40.7,0.376,0.367,0.34
mangalore_netravati,Mangalore,Karnataka,West Coast (Arabian Sea),12.8615,74.843,2.0,July 2024 High Spring Tide Monsoon,2024-07-17T20:00,2.6,1005.8,17.4,37.1,0.375,0.369,0.34
mangalore_netravati,Mangalore,Karnataka,West Coast (Arabian Sea),12.8615,74.843,2.0,July 2024 High Spring Tide Monsoon,2024-07-17T21:00,3.6,1005.0,12.6,37.8,0.371,0.374,0.34
mangalore_netravati,Mangalore,Karnataka,West Coast (Arabian Sea),12.8615,74.843,2.0,July 2024 High Spring Tide Monsoon,2024-07-17T22:00,1.7,1004.9,16.6,41.0,0.367,0.371,0.341
mangalore_netravati,Mangalore,Karnataka,West Coast (Arabian Sea),12.8615,74.843,2.0,July 2024 High Spring Tide Monsoon,2024-07-17T23:00,1.4,1004.6,20.9,42.1,0.364,0.367,0.341
mangalore_netravati,Mangalore,Karnataka,West Coast (Arabian Sea),12.8615,74.843,2.0,July 2024 High Spring Tide Monsoon,2024-07-18T00:00,0.9,1004.6,15.5,43.6,0.355,0.365,0.341
mangalore_netravati,Mangalore,Karnataka,West Coast (Arabian Sea),12.8615,74.843,2.0,July 2024 High Spring Tide Monsoon,2024-07-18T01:00,1.7,1005.3,19.1,36.7,0.367,0.367,0.34
mangalore_netravati,Mangalore,Karnataka,West Coast (Arabian Sea),12.8615,74.843,2.0,July 2024 High Spring Tide Monsoon,2024-07-18T02:00,1.8,1006.4,14.4,37.4,0.366,0.366,0.34
mangalore_netravati,Mangalore,Karnataka,West Coast (Arabian Sea),12.8615,74.843,2.0,July 2024 High Spring Tide Monsoon,2024-07-18T03:00,2.2,1006.9,13.5,31.7,0.369,0.366,0.34
mangalore_netravati,Mangalore,Karnataka,West Coast (Arabian Sea),12.8615,74.843,2.0,July 2024 High Spring Tide Monsoon,2024-07-18T04:00,2.0,1006.9,18.2,40.3,0.367,0.366,0.34
mangalore_netravati,Mangalore,Karnataka,West Coast (Arabian Sea),12.8615,74.843,2.0,July 2024 High Spring Tide Monsoon,2024-07-18T05:00,1.8,1007.1,17.5,39.2,0.364,0.365,0.34
mangalore_netravati,Mangalore,Karnataka,West Coast (Arabian Sea),12.8615,74.843,2.0,July 2024 High Spring Tide Monsoon,2024-07-18T06:00,1.6,1007.4,16.3,40.0,0.361,0.364,0.339
mangalore_netravati,Mangalore,Karnataka,West Coast (Arabian Sea),12.8615,74.843,2.0,July 2024 High Spring Tide Monsoon,2024-07-18T07:00,4.4,1006.6,19.4,44.3,0.381,0.369,0.339
mangalore_netravati,Mangalore,Karnataka,West Coast (Arabian Sea),12.8615,74.843,2.0,July 2024 High Spring Tide Monsoon,2024-07-18T08:00,3.0,1006.4,19.8,40.7,0.382,0.37,0.339
mangalore_netravati,Mangalore,Karnataka,West Coast (Arabian Sea),12.8615,74.843,2.0,July 2024 High Spring Tide Monsoon,2024-07-18T09:00,2.9,1005.1,15.1,42.8,0.373,0.373,0.34
mangalore_netravati,Mangalore,Karnataka,West Coast (Arabian Sea),12.8615,74.843,2.0,July 2024 High Spring Tide Monsoon,2024-07-18T10:00,0.8,1004.4,17.0,41.0,0.357,0.369,0.341
mangalore_netravati,Mangalore,Karnataka,West Coast (Arabian Sea),12.8615,74.843,2.0,July 2024 High Spring Tide Monsoon,2024-07-18T11:00,0.7,1004.0,18.0,42.5,0.348,0.364,0.341
mangalore_netravati,Mangalore,Karnataka,West Coast (Arabian Sea),12.8615,74.843,2.0,July 2024 High Spring Tide Monsoon,2024-07-18T12:00,1.3,1004.3,17.0,39.2,0.352,0.361,0.34
mangalore_netravati,Mangalore,Karnataka,West Coast (Arabian Sea),12.8615,74.843,2.0,July 2024 High Spring Tide Monsoon,2024-07-18T13:00,2.9,1005.0,17.3,36.7,0.371,0.368,0.347
mangalore_netravati,Mangalore,Karnataka,West Coast (Arabian Sea),12.8615,74.843,2.0,July 2024 High Spring Tide Monsoon,2024-07-18T14:00,3.6,1005.4,17.3,40.7,0.377,0.372,0.347
mangalore_netravati,Mangalore,Karnataka,West Coast (Arabian Sea),12.8615,74.843,2.0,July 2024 High Spring Tide Monsoon,2024-07-18T15:00,2.8,1005.9,17.7,39.6,0.38,0.372,0.348
mangalore_netravati,Mangalore,Karnataka,West Coast (Arabian Sea),12.8615,74.843,2.0,July 2024 High Spring Tide Monsoon,2024-07-18T16:00,1.4,1006.1,14.1,41.0,0.365,0.372,0.348
mangalore_netravati,Mangalore,Karnataka,West Coast (Arabian Sea),12.8615,74.843,2.0,July 2024 High Spring Tide Monsoon,2024-07-18T17:00,2.3,1006.3,17.4,41.4,0.371,0.369,0.349
mangalore_netravati,Mangalore,Karnataka,West Coast (Arabian Sea),12.8615,74.843,2.0,July 2024 High Spring Tide Monsoon,2024-07-18T18:00,1.9,1006.1,13.9,41.4,0.368,0.369,0.349
mangalore_netravati,Mangalore,Karnataka,West Coast (Arabian Sea),12.8615,74.843,2.0,July 2024 High Spring Tide Monsoon,2024-07-18T19:00,1.8,1005.7,15.5,33.1,0.369,0.367,0.349
mangalore_netravati,Mangalore,Karnataka,West Coast (Arabian Sea),12.8615,74.843,2.0,July 2024 High Spring Tide Monsoon,2024-07-18T20:00,3.5,1004.8,19.9,40.7,0.38,0.369,0.349
mangalore_netravati,Mangalore,Karnataka,West Coast (Arabian Sea),12.8615,74.843,2.0,July 2024 High Spring Tide Monsoon,2024-07-18T21:00,2.9,1004.1,16.8,42.8,0.374,0.373,0.349
mangalore_netravati,Mangalore,Karnataka,West Coast (Arabian Sea),12.8615,74.843,2.0,July 2024 High Spring Tide Monsoon,2024-07-18T22:00,2.5,1004.0,17.5,39.6,0.377,0.372,0.35
mangalore_netravati,Mangalore,Karnataka,West Coast (Arabian Sea),12.8615,74.843,2.0,July 2024 High Spring Tide Monsoon,2024-07-18T23:00,5.0,1003.7,24.4,49.0,0.39,0.378,0.351
mangalore_netravati,Mangalore,Karnataka,West Coast (Arabian Sea),12.8615,74.843,2.0,July 2024 High Spring Tide Monsoon,2024-07-19T00:00,3.7,1004.4,22.5,50.4,0.381,0.381,0.353
mangalore_netravati,Mangalore,Karnataka,West Coast (Arabian Sea),12.8615,74.843,2.0,July 2024 High Spring Tide Monsoon,2024-07-19T01:00,1.9,1004.2,13.3,36.4,0.369,0.377,0.351
mangalore_netravati,Mangalore,Karnataka,West Coast (Arabian Sea),12.8615,74.843,2.0,July 2024 High Spring Tide Monsoon,2024-07-19T02:00,2.7,1005.1,20.9,44.6,0.375,0.374,0.352
mangalore_netravati,Mangalore,Karnataka,West Coast (Arabian Sea),12.8615,74.843,2.0,July 2024 High Spring Tide Monsoon,2024-07-19T03:00,3.5,1005.5,19.5,44.6,0.378,0.376,0.353
mangalore_netravati,Mangalore,Karnataka,West Coast (Arabian Sea),12.8615,74.843,2.0,July 2024 High Spring Tide Monsoon,2024-07-19T04:00,2.5,1005.6,19.1,42.8,0.375,0.374,0.354
mangalore_netravati,Mangalore,Karnataka,West Coast (Arabian Sea),12.8615,74.843,2.0,July 2024 High Spring Tide Monsoon,2024-07-19T05:00,3.6,1006.2,17.3,42.5,0.377,0.377,0.355
mangalore_netravati,Mangalore,Karnataka,West Coast (Arabian Sea),12.8615,74.843,2.0,July 2024 High Spring Tide Monsoon,2024-07-19T06:00,1.7,1005.9,16.0,40.7,0.368,0.374,0.356
mangalore_netravati,Mangalore,Karnataka,West Coast (Arabian Sea),12.8615,74.843,2.0,July 2024 High Spring Tide Monsoon,2024-07-19T07:00,1.6,1005.2,15.0,39.2,0.363,0.371,0.356
mangalore_netravati,Mangalore,Karnataka,West Coast (Arabian Sea),12.8615,74.843,2.0,July 2024 High Spring Tide Monsoon,2024-07-19T08:00,3.0,1004.5,16.6,47.2,0.373,0.371,0.357
mangalore_netravati,Mangalore,Karnataka,West Coast (Arabian Sea),12.8615,74.843,2.0,July 2024 High Spring Tide Monsoon,2024-07-19T09:00,1.0,1003.6,17.1,41.4,0.359,0.368,0.357
mangalore_netravati,Mangalore,Karnataka,West Coast (Arabian Sea),12.8615,74.843,2.0,July 2024 High Spring Tide Monsoon,2024-07-19T10:00,2.2,1003.2,19.4,43.6,0.366,0.367,0.357
mangalore_netravati,Mangalore,Karnataka,West Coast (Arabian Sea),12.8615,74.843,2.0,July 2024 High Spring Tide Monsoon,2024-07-19T11:00,2.2,1003.1,15.9,43.2,0.372,0.366,0.356
mangalore_netravati,Mangalore,Karnataka,West Coast (Arabian Sea),12.8615,74.843,2.0,July 2024 High Spring Tide Monsoon,2024-07-19T12:00,1.7,1003.2,17.3,39.2,0.366,0.367,0.356
mangalore_netravati,Mangalore,Karnataka,West Coast (Arabian Sea),12.8615,74.843,2.0,July 2024 High Spring Tide Monsoon,2024-07-19T13:00,8.3,1004.0,12.5,37.4,0.384,0.388,0.36
mangalore_netravati,Mangalore,Karnataka,West Coast (Arabian Sea),12.8615,74.843,2.0,July 2024 High Spring Tide Monsoon,2024-07-19T14:00,5.7,1004.5,8.3,29.2,0.396,0.39,0.364
mangalore_netravati,Mangalore,Karnataka,West Coast (Arabian Sea),12.8615,74.843,2.0,July 2024 High Spring Tide Monsoon,2024-07-19T15:00,5.4,1005.0,7.6,24.1,0.376,0.389,0.37
mangalore_netravati,Mangalore,Karnataka,West Coast (Arabian Sea),12.8615,74.843,2.0,July 2024 High Spring Tide Monsoon,2024-07-19T16:00,7.2,1005.6,8.3,29.5,0.385,0.395,0.373
mangalore_netravati,Mangalore,Karnataka,West Coast (Arabian Sea),12.8615,74.843,2.0,July 2024 High Spring Tide Monsoon,2024-07-19T17:00,2.1,1005.7,3.7,22.7,0.365,0.385,0.378
mangalore_netravati,Mangalore,Karnataka,West Coast (Arabian Sea),12.8615,74.843,2.0,July 2024 High Spring Tide Monsoon,2024-07-19T18:00,0.7,1005.6,4.0,17.3,0.356,0.377,0.378
mangalore_netravati,Mangalore,Karnataka,West Coast (Arabian Sea),12.8615,74.843,2.0,July 2024 High Spring Tide Monsoon,2024-07-19T19:00,0.7,1004.9,3.5,17.6,0.35,0.37,0.378
mangalore_netravati,Mangalore,Karnataka,West Coast (Arabian Sea),12.8615,74.843,2.0,July 2024 High Spring Tide Monsoon,2024-07-19T20:00,0.8,1004.3,10.1,17.6,0.348,0.363,0.378
mangalore_netravati,Mangalore,Karnataka,West Coast (Arabian Sea),12.8615,74.843,2.0,July 2024 High Spring Tide Monsoon,2024-07-19T21:00,0.7,1003.3,11.2,29.2,0.344,0.356,0.377
mangalore_netravati,Mangalore,Karnataka,West Coast (Arabian Sea),12.8615,74.843,2.0,July 2024 High Spring Tide Monsoon,2024-07-19T22:00,0.6,1003.2,17.2,34.6,0.341,0.35,0.376
mangalore_netravati,Mangalore,Karnataka,West Coast (Arabian Sea),12.8615,74.843,2.0,July 2024 High Spring Tide Monsoon,2024-07-19T23:00,1.2,1003.3,16.8,37.4,0.346,0.345,0.376
mangalore_netravati,Mangalore,Karnataka,West Coast (Arabian Sea),12.8615,74.843,2.0,July 2024 High Spring Tide Monsoon,2024-07-20T00:00,3.4,1004.0,18.9,41.8,0.365,0.345,0.375
mangalore_netravati,Mangalore,Karnataka,West Coast (Arabian Sea),12.8615,74.843,2.0,July 2024 High Spring Tide Monsoon,2024-07-20T01:00,0.3,1004.0,11.5,33.5,0.341,0.354,0.347
mangalore_netravati,Mangalore,Karnataka,West Coast (Arabian Sea),12.8615,74.843,2.0,July 2024 High Spring Tide Monsoon,2024-07-20T02:00,0.0,1004.5,13.9,30.2,0.333,0.352,0.346
mangalore_netravati,Mangalore,Karnataka,West Coast (Arabian Sea),12.8615,74.843,2.0,July 2024 High Spring Tide Monsoon,2024-07-20T03:00,0.1,1005.0,12.8,30.6,0.328,0.349,0.345
mangalore_netravati,Mangalore,Karnataka,West Coast (Arabian Sea),12.8615,74.843,2.0,July 2024 High Spring Tide Monsoon,2024-07-20T04:00,2.8,1006.4,21.3,41.4,0.355,0.348,0.343
mangalore_netravati,Mangalore,Karnataka,West Coast (Arabian Sea),12.8615,74.843,2.0,July 2024 High Spring Tide Monsoon,2024-07-20T05:00,0.6,1006.1,14.1,40.7,0.347,0.348,0.342
mangalore_netravati,Mangalore,Karnataka,West Coast (Arabian Sea),12.8615,74.843,2.0,July 2024 High Spring Tide Monsoon,2024-07-20T06:00,0.1,1005.8,16.2,36.7,0.338,0.347,0.341
mangalore_netravati,Mangalore,Karnataka,West Coast (Arabian Sea),12.8615,74.843,2.0,July 2024 High Spring Tide Monsoon,2024-07-20T07:00,1.8,1006.0,11.4,36.4,0.346,0.347,0.339
mangalore_netravati,Mangalore,Karnataka,West Coast (Arabian Sea),12.8615,74.843,2.0,July 2024 High Spring Tide Monsoon,2024-07-20T08:00,0.5,1005.3,10.5,31.0,0.34,0.346,0.338
mangalore_netravati,Mangalore,Karnataka,West Coast (Arabian Sea),12.8615,74.843,2.0,July 2024 High Spring Tide Monsoon,2024-07-20T09:00,0.0,1004.5,12.9,27.7,0.332,0.345,0.337
mangalore_netravati,Mangalore,Karnataka,West Coast (Arabian Sea),12.8615,74.843,2.0,July 2024 High Spring Tide Monsoon,2024-07-20T10:00,1.4,1003.8,13.6,34.9,0.337,0.344,0.335
mangalore_netravati,Mangalore,Karnataka,West Coast (Arabian Sea),12.8615,74.843,2.0,July 2024 High Spring Tide Monsoon,2024-07-20T11:00,0.2,1003.4,11.5,32.4,0.331,0.342,0.334
mangalore_netravati,Mangalore,Karnataka,West Coast (Arabian Sea),12.8615,74.843,2.0,July 2024 High Spring Tide Monsoon,2024-07-20T12:00,0.1,1003.4,13.7,29.9,0.326,0.341,0.333
mangalore_netravati,Mangalore,Karnataka,West Coast (Arabian Sea),12.8615,74.843,2.0,July 2024 High Spring Tide Monsoon,2024-07-20T13:00,0.2,1004.3,11.2,30.6,0.315,0.339,0.334
mangalore_netravati,Mangalore,Karnataka,West Coast (Arabian Sea),12.8615,74.843,2.0,July 2024 High Spring Tide Monsoon,2024-07-20T14:00,0.1,1005.0,11.5,24.5,0.314,0.336,0.332
mangalore_netravati,Mangalore,Karnataka,West Coast (Arabian Sea),12.8615,74.843,2.0,July 2024 High Spring Tide Monsoon,2024-07-20T15:00,0.0,1005.4,9.0,23.8,0.312,0.334,0.331
mangalore_netravati,Mangalore,Karnataka,West Coast (Arabian Sea),12.8615,74.843,2.0,July 2024 High Spring Tide Monsoon,2024-07-20T16:00,0.7,1005.8,6.6,22.7,0.315,0.333,0.329
mangalore_netravati,Mangalore,Karnataka,West Coast (Arabian Sea),12.8615,74.843,2.0,July 2024 High Spring Tide Monsoon,2024-07-20T17:00,0.6,1006.1,10.5,22.0,0.319,0.331,0.327
mangalore_netravati,Mangalore,Karnataka,West Coast (Arabian Sea),12.8615,74.843,2.0,July 2024 High Spring Tide Monsoon,2024-07-20T18:00,1.1,1005.6,6.2,22.0,0.329,0.331,0.326
mangalore_netravati,Mangalore,Karnataka,West Coast (Arabian Sea),12.8615,74.843,2.0,July 2024 High Spring Tide Monsoon,2024-07-20T19:00,0.4,1005.1,11.4,24.8,0.328,0.331,0.324
mangalore_netravati,Mangalore,Karnataka,West Coast (Arabian Sea),12.8615,74.843,2.0,July 2024 High Spring Tide Monsoon,2024-07-20T20:00,1.1,1004.4,12.4,25.2,0.335,0.331,0.322
mangalore_netravati,Mangalore,Karnataka,West Coast (Arabian Sea),12.8615,74.843,2.0,July 2024 High Spring Tide Monsoon,2024-07-20T21:00,1.6,1004.2,19.1,32.0,0.347,0.332,0.321
mangalore_netravati,Mangalore,Karnataka,West Coast (Arabian Sea),12.8615,74.843,2.0,July 2024 High Spring Tide Monsoon,2024-07-20T22:00,1.0,1004.0,17.3,42.8,0.343,0.334,0.319
mangalore_netravati,Mangalore,Karnataka,West Coast (Arabian Sea),12.8615,74.843,2.0,July 2024 High Spring Tide Monsoon,2024-07-20T23:00,0.9,1004.1,19.5,40.7,0.344,0.335,0.318
mangalore_netravati,Mangalore,Karnataka,West Coast (Arabian Sea),12.8615,74.843,2.0,July 2024 High Spring Tide Monsoon,2024-07-21T00:00,0.6,1003.8,15.4,36.7,0.339,0.336,0.317
mangalore_netravati,Mangalore,Karnataka,West Coast (Arabian Sea),12.8615,74.843,2.0,July 2024 High Spring Tide Monsoon,2024-07-21T01:00,1.4,1004.2,18.5,33.5,0.353,0.346,0.317
mangalore_netravati,Mangalore,Karnataka,West Coast (Arabian Sea),12.8615,74.843,2.0,July 2024 High Spring Tide Monsoon,2024-07-21T02:00,2.3,1005.0,14.8,39.2,0.354,0.35,0.316
mangalore_netravati,Mangalore,Karnataka,West Coast (Arabian Sea),12.8615,74.843,2.0,July 2024 High Spring Tide Monsoon,2024-07-21T03:00,0.1,1005.5,16.7,30.6,0.343,0.349,0.316
mangalore_netravati,Mangalore,Karnataka,West Coast (Arabian Sea),12.8615,74.843,2.0,July 2024 High Spring Tide Monsoon,2024-07-21T04:00,2.2,1006.2,18.6,40.0,0.356,0.348,0.315
mangalore_netravati,Mangalore,Karnataka,West Coast (Arabian Sea),12.8615,74.843,2.0,July 2024 High Spring Tide Monsoon,2024-07-21T05:00,1.1,1006.2,15.1,43.2,0.351,0.349,0.315
mangalore_netravati,Mangalore,Karnataka,West Coast (Arabian Sea),12.8615,74.843,2.0,July 2024 High Spring Tide Monsoon,2024-07-21T06:00,1.4,1006.0,22.2,47.5,0.355,0.347,0.314
mangalore_netravati,Mangalore,Karnataka,West Coast (Arabian Sea),12.8615,74.843,2.0,July 2024 High Spring Tide Monsoon,2024-07-21T07:00,0.5,1005.5,20.4,49.0,0.344,0.347,0.313
mangalore_netravati,Mangalore,Karnataka,West Coast (Arabian Sea),12.8615,74.843,2.0,July 2024 High Spring Tide Monsoon,2024-07-21T08:00,1.2,1005.3,16.6,50.0,0.343,0.346,0.313
mangalore_netravati,Mangalore,Karnataka,West Coast (Arabian Sea),12.8615,74.843,2.0,July 2024 High Spring Tide Monsoon,2024-07-21T09:00,0.1,1004.5,18.9,50.4,0.334,0.344,0.312
mangalore_netravati,Mangalore,Karnataka,West Coast (Arabian Sea),12.8615,74.843,2.0,July 2024 High Spring Tide Monsoon,2024-07-21T10:00,1.1,1004.3,19.8,51.5,0.337,0.341,0.311
mangalore_netravati,Mangalore,Karnataka,West Coast (Arabian Sea),12.8615,74.843,2.0,July 2024 High Spring Tide Monsoon,2024-07-21T11:00,2.1,1003.9,21.0,46.1,0.352,0.34,0.31
mangalore_netravati,Mangalore,Karnataka,West Coast (Arabian Sea),12.8615,74.843,2.0,July 2024 High Spring Tide Monsoon,2024-07-21T12:00,3.2,1004.7,23.2,46.8,0.371,0.343,0.309
mangalore_netravati,Mangalore,Karnataka,West Coast (Arabian Sea),12.8615,74.843,2.0,July 2024 High Spring Tide Monsoon,2024-07-21T13:00,0.4,1005.1,14.0,43.2,0.354,0.364,0.312
mangalore_netravati,Mangalore,Karnataka,West Coast (Arabian Sea),12.8615,74.843,2.0,July 2024 High Spring Tide Monsoon,2024-07-21T14:00,0.0,1005.3,9.7,25.2,0.342,0.359,0.313
mangalore_netravati,Mangalore,Karnataka,West Coast (Arabian Sea),12.8615,74.843,2.0,July 2024 High Spring Tide Monsoon,2024-07-21T15:00,0.2,1005.9,5.4,27.0,0.335,0.354,0.313
mangalore_netravati,Mangalore,Karnataka,West Coast (Arabian Sea),12.8615,74.843,2.0,July 2024 High Spring Tide Monsoon,2024-07-21T16:00,0.0,1006.7,5.3,19.8,0.329,0.35,0.313
mangalore_netravati,Mangalore,Karnataka,West Coast (Arabian Sea),12.8615,74.843,2.0,July 2024 High Spring Tide Monsoon,2024-07-21T17:00,0.0,1006.6,5.2,8.6,0.325,0.346,0.312
mangalore_netravati,Mangalore,Karnataka,West Coast (Arabian Sea),12.8615,74.843,2.0,July 2024 High Spring Tide Monsoon,2024-07-21T18:00,0.7,1006.7,8.6,23.0,0.328,0.343,0.312
mangalore_netravati,Mangalore,Karnataka,West Coast (Arabian Sea),12.8615,74.843,2.0,July 2024 High Spring Tide Monsoon,2024-07-21T19:00,0.5,1006.1,9.5,24.5,0.328,0.341,0.311
mangalore_netravati,Mangalore,Karnataka,West Coast (Arabian Sea),12.8615,74.843,2.0,July 2024 High Spring Tide Monsoon,2024-07-21T20:00,0.1,1005.7,11.0,28.1,0.324,0.339,0.31
mangalore_netravati,Mangalore,Karnataka,West Coast (Arabian Sea),12.8615,74.843,2.0,July 2024 High Spring Tide Monsoon,2024-07-21T21:00,0.5,1005.4,13.0,28.8,0.325,0.337,0.309
mangalore_netravati,Mangalore,Karnataka,West Coast (Arabian Sea),12.8615,74.843,2.0,July 2024 High Spring Tide Monsoon,2024-07-21T22:00,0.0,1004.9,13.5,22.3,0.321,0.335,0.308
mangalore_netravati,Mangalore,Karnataka,West Coast (Arabian Sea),12.8615,74.843,2.0,July 2024 High Spring Tide Monsoon,2024-07-21T23:00,0.2,1004.8,11.8,30.6,0.319,0.333,0.307
mangalore_netravati,Mangalore,Karnataka,West Coast (Arabian Sea),12.8615,74.843,2.0,July 2024 High Spring Tide Monsoon,2024-07-22T00:00,0.0,1005.1,13.8,24.1,0.315,0.331,0.306
mangalore_netravati,Mangalore,Karnataka,West Coast (Arabian Sea),12.8615,74.843,2.0,July 2024 High Spring Tide Monsoon,2024-07-22T01:00,0.1,1005.3,3.0,18.0,0.312,0.329,0.304
mangalore_netravati,Mangalore,Karnataka,West Coast (Arabian Sea),12.8615,74.843,2.0,July 2024 High Spring Tide Monsoon,2024-07-22T02:00,0.1,1006.1,3.4,16.9,0.31,0.327,0.303
mangalore_netravati,Mangalore,Karnataka,West Coast (Arabian Sea),12.8615,74.843,2.0,July 2024 High Spring Tide Monsoon,2024-07-22T03:00,3.5,1007.1,11.7,31.3,0.345,0.328,0.302
mangalore_netravati,Mangalore,Karnataka,West Coast (Arabian Sea),12.8615,74.843,2.0,July 2024 High Spring Tide Monsoon,2024-07-22T04:00,2.6,1008.5,15.5,40.0,0.356,0.332,0.301
mangalore_netravati,Mangalore,Karnataka,West Coast (Arabian Sea),12.8615,74.843,2.0,July 2024 High Spring Tide Monsoon,2024-07-22T05:00,2.3,1008.9,14.5,43.6,0.353,0.339,0.3
mangalore_netravati,Mangalore,Karnataka,West Coast (Arabian Sea),12.8615,74.843,2.0,July 2024 High Spring Tide Monsoon,2024-07-22T06:00,0.2,1008.6,8.1,36.0,0.34,0.34,0.299
mangalore_netravati,Mangalore,Karnataka,West Coast (Arabian Sea),12.8615,74.843,2.0,July 2024 High Spring Tide Monsoon,2024-07-22T07:00,0.3,1007.9,14.1,38.2,0.333,0.338,0.299
mangalore_netravati,Mangalore,Karnataka,West Coast (Arabian Sea),12.8615,74.843,2.0,July 2024 High Spring Tide Monsoon,2024-07-22T08:00,2.6,1008.1,22.4,48.6,0.349,0.336,0.298
mangalore_netravati,Mangalore,Karnataka,West Coast (Arabian Sea),12.8615,74.843,2.0,July 2024 High Spring Tide Monsoon,2024-07-22T09:00,0.4,1007.2,15.2,48.2,0.339,0.337,0.297
mangalore_netravati,Mangalore,Karnataka,West Coast (Arabian Sea),12.8615,74.843,2.0,July 2024 High Spring Tide Monsoon,2024-07-22T10:00,0.0,1006.7,11.5,29.9,0.33,0.335,0.297
mangalore_netravati,Mangalore,Karnataka,West Coast (Arabian Sea),12.8615,74.843,2.0,July 2024 High Spring Tide Monsoon,2024-07-22T11:00,0.0,1006.1,9.0,32.0,0.323,0.334,0.296
mangalore_netravati,Mangalore,Karnataka,West Coast (Arabian Sea),12.8615,74.843,2.0,July 2024 High Spring Tide Monsoon,2024-07-22T12:00,0.0,1006.0,9.8,31.3,0.318,0.331,0.295
mangalore_netravati,Mangalore,Karnataka,West Coast (Arabian Sea),12.8615,74.843,2.0,July 2024 High Spring Tide Monsoon,2024-07-22T13:00,0.1,1006.7,12.7,32.8,0.313,0.324,0.291
mangalore_netravati,Mangalore,Karnataka,West Coast (Arabian Sea),12.8615,74.843,2.0,July 2024 High Spring Tide Monsoon,2024-07-22T14:00,0.2,1007.3,11.0,30.2,0.311,0.322,0.29
mangalore_netravati,Mangalore,Karnataka,West Coast (Arabian Sea),12.8615,74.843,2.0,July 2024 High Spring Tide Monsoon,2024-07-22T15:00,0.4,1008.2,6.9,28.1,0.311,0.321,0.289
mangalore_netravati,Mangalore,Karnataka,West Coast (Arabian Sea),12.8615,74.843,2.0,July 2024 High Spring Tide Monsoon,2024-07-22T16:00,0.4,1008.7,7.6,26.3,0.311,0.32,0.288
mangalore_netravati,Mangalore,Karnataka,West Coast (Arabian Sea),12.8615,74.843,2.0,July 2024 High Spring Tide Monsoon,2024-07-22T17:00,0.2,1009.2,8.0,22.0,0.31,0.319,0.287
mangalore_netravati,Mangalore,Karnataka,West Coast (Arabian Sea),12.8615,74.843,2.0,July 2024 High Spring Tide Monsoon,2024-07-22T18:00,0.0,1008.9,6.4,25.2,0.308,0.318,0.286
mangalore_netravati,Mangalore,Karnataka,West Coast (Arabian Sea),12.8615,74.843,2.0,July 2024 High Spring Tide Monsoon,2024-07-22T19:00,1.2,1008.5,8.1,24.8,0.32,0.317,0.285
mangalore_netravati,Mangalore,Karnataka,West Coast (Arabian Sea),12.8615,74.843,2.0,July 2024 High Spring Tide Monsoon,2024-07-22T20:00,0.5,1007.8,11.4,22.7,0.322,0.317,0.284
mangalore_netravati,Mangalore,Karnataka,West Coast (Arabian Sea),12.8615,74.843,2.0,July 2024 High Spring Tide Monsoon,2024-07-22T21:00,0.5,1007.1,13.0,29.2,0.322,0.317,0.283
mangalore_netravati,Mangalore,Karnataka,West Coast (Arabian Sea),12.8615,74.843,2.0,July 2024 High Spring Tide Monsoon,2024-07-22T22:00,0.5,1007.1,15.6,32.0,0.323,0.317,0.282
mangalore_netravati,Mangalore,Karnataka,West Coast (Arabian Sea),12.8615,74.843,2.0,July 2024 High Spring Tide Monsoon,2024-07-22T23:00,3.4,1007.0,12.3,35.6,0.348,0.322,0.281
mangalore_netravati,Mangalore,Karnataka,West Coast (Arabian Sea),12.8615,74.843,2.0,July 2024 High Spring Tide Monsoon,2024-07-23T00:00,0.3,1007.0,9.6,27.4,0.337,0.325,0.281
mangalore_netravati,Mangalore,Karnataka,West Coast (Arabian Sea),12.8615,74.843,2.0,July 2024 High Spring Tide Monsoon,2024-07-23T01:00,0.7,1007.3,8.4,23.8,0.339,0.329,0.281
mangalore_netravati,Mangalore,Karnataka,West Coast (Arabian Sea),12.8615,74.843,2.0,July 2024 High Spring Tide Monsoon,2024-07-23T02:00,2.1,1007.6,10.0,24.1,0.346,0.333,0.28
mangalore_netravati,Mangalore,Karnataka,West Coast (Arabian Sea),12.8615,74.843,2.0,July 2024 High Spring Tide Monsoon,2024-07-23T03:00,0.8,1008.6,13.7,30.2,0.342,0.334,0.28
mangalore_netravati,Mangalore,Karnataka,West Coast (Arabian Sea),12.8615,74.843,2.0,July 2024 High Spring Tide Monsoon,2024-07-23T04:00,2.6,1009.0,18.3,37.4,0.358,0.336,0.279
mangalore_netravati,Mangalore,Karnataka,West Coast (Arabian Sea),12.8615,74.843,2.0,July 2024 High Spring Tide Monsoon,2024-07-23T05:00,0.2,1009.4,12.8,41.4,0.342,0.337,0.279
mangalore_netravati,Mangalore,Karnataka,West Coast (Arabian Sea),12.8615,74.843,2.0,July 2024 High Spring Tide Monsoon,2024-07-23T06:00,0.1,1008.9,13.4,41.8,0.334,0.336,0.279
mangalore_netravati,Mangalore,Karnataka,West Coast (Arabian Sea),12.8615,74.843,2.0,July 2024 High Spring Tide Monsoon,2024-07-23T07:00,2.4,1008.4,12.0,38.5,0.347,0.336,0.279
mangalore_netravati,Mangalore,Karnataka,West Coast (Arabian Sea),12.8615,74.843,2.0,July 2024 High Spring Tide Monsoon,2024-07-23T08:00,0.1,1007.8,11.8,36.0,0.336,0.335,0.279
mangalore_netravati,Mangalore,Karnataka,West Coast (Arabian Sea),12.8615,74.843,2.0,July 2024 High Spring Tide Monsoon,2024-07-23T09:00,1.6,1007.3,16.9,42.8,0.342,0.334,0.278
mangalore_netravati,Mangalore,Karnataka,West Coast (Arabian Sea),12.8615,74.843,2.0,July 2024 High Spring Tide Monsoon,2024-07-23T10:00,0.8,1006.2,13.4,39.2,0.338,0.334,0.278
mangalore_netravati,Mangalore,Karnataka,West Coast (Arabian Sea),12.8615,74.843,2.0,July 2024 High Spring Tide Monsoon,2024-07-23T11:00,10.9,1006.7,19.8,44.3,0.377,0.362,0.278
mangalore_netravati,Mangalore,Karnataka,West Coast (Arabian Sea),12.8615,74.843,2.0,July 2024 High Spring Tide Monsoon,2024-07-23T12:00,1.4,1006.8,16.9,45.0,0.359,0.362,0.28
mangalore_netravati,Mangalore,Karnataka,West Coast (Arabian Sea),12.8615,74.843,2.0,July 2024 High Spring Tide Monsoon,2024-07-23T13:00,0.1,1006.6,11.4,31.7,0.33,0.33,0.276
mangalore_netravati,Mangalore,Karnataka,West Coast (Arabian Sea),12.8615,74.843,2.0,July 2024 High Spring Tide Monsoon,2024-07-23T14:00,1.8,1007.1,10.1,32.8,0.343,0.33,0.276
mangalore_netravati,Mangalore,Karnataka,West Coast (Arabian Sea),12.8615,74.843,2.0,July 2024 High Spring Tide Monsoon,2024-07-23T15:00,0.3,1007.3,9.5,28.4,0.336,0.33,0.275
mangalore_netravati,Mangalore,Karnataka,West Coast (Arabian Sea),12.8615,74.843,2.0,July 2024 High Spring Tide Monsoon,2024-07-23T16:00,1.0,1008.3,10.9,29.5,0.338,0.33,0.275
mangalore_netravati,Mangalore,Karnataka,West Coast (Arabian Sea),12.8615,74.843,2.0,July 2024 High Spring Tide Monsoon,2024-07-23T17:00,0.4,1008.5,7.6,28.1,0.334,0.33,0.275
mangalore_netravati,Mangalore,Karnataka,West Coast (Arabian Sea),12.8615,74.843,2.0,July 2024 High Spring Tide Monsoon,2024-07-23T18:00,1.4,1008.7,10.9,30.6,0.342,0.33,0.274
mangalore_netravati,Mangalore,Karnataka,West Coast (Arabian Sea),12.8615,74.843,2.0,July 2024 High Spring Tide Monsoon,2024-07-23T19:00,0.2,1007.6,12.1,20.2,0.334,0.33,0.274
mangalore_netravati,Mangalore,Karnataka,West Coast (Arabian Sea),12.8615,74.843,2.0,July 2024 High Spring Tide Monsoon,2024-07-23T20:00,0.7,1006.7,12.3,32.0,0.335,0.33,0.274
mangalore_netravati,Mangalore,Karnataka,West Coast (Arabian Sea),12.8615,74.843,2.0,July 2024 High Spring Tide Monsoon,2024-07-23T21:00,0.0,1006.0,12.2,30.2,0.328,0.329,0.273
mangalore_netravati,Mangalore,Karnataka,West Coast (Arabian Sea),12.8615,74.843,2.0,July 2024 High Spring Tide Monsoon,2024-07-23T22:00,2.1,1006.0,11.7,33.1,0.348,0.329,0.273
mangalore_netravati,Mangalore,Karnataka,West Coast (Arabian Sea),12.8615,74.843,2.0,July 2024 High Spring Tide Monsoon,2024-07-23T23:00,0.7,1006.0,11.9,28.8,0.343,0.33,0.273
mangalore_netravati,Mangalore,Karnataka,West Coast (Arabian Sea),12.8615,74.843,2.0,July 2024 High Spring Tide Monsoon,2024-07-24T00:00,0.3,1005.9,9.4,29.2,0.335,0.331,0.273
mangalore_netravati,Mangalore,Karnataka,West Coast (Arabian Sea),12.8615,74.843,2.0,July 2024 High Spring Tide Monsoon,2024-07-24T01:00,0.7,1006.2,3.6,9.7,0.348,0.339,0.276
mangalore_netravati,Mangalore,Karnataka,West Coast (Arabian Sea),12.8615,74.843,2.0,July 2024 High Spring Tide Monsoon,2024-07-24T02:00,2.5,1006.6,3.3,19.4,0.362,0.341,0.276
mangalore_netravati,Mangalore,Karnataka,West Coast (Arabian Sea),12.8615,74.843,2.0,July 2024 High Spring Tide Monsoon,2024-07-24T03:00,0.4,1006.9,2.6,20.5,0.347,0.343,0.276
mangalore_netravati,Mangalore,Karnataka,West Coast (Arabian Sea),12.8615,74.843,2.0,July 2024 High Spring Tide Monsoon,2024-07-24T04:00,0.8,1007.4,6.6,27.4,0.344,0.341,0.276
mangalore_netravati,Mangalore,Karnataka,West Coast (Arabian Sea),12.8615,74.843,2.0,July 2024 High Spring Tide Monsoon,2024-07-24T05:00,0.3,1007.1,7.0,32.0,0.337,0.339,0.277
mangalore_netravati,Mangalore,Karnataka,West Coast (Arabian Sea),12.8615,74.843,2.0,July 2024 High Spring Tide Monsoon,2024-07-24T06:00,1.8,1006.6,13.0,35.6,0.349,0.337,0.277
mangalore_netravati,Mangalore,Karnataka,West Coast (Arabian Sea),12.8615,74.843,2.0,July 2024 High Spring Tide Monsoon,2024-07-24T07:00,3.0,1006.3,11.6,42.1,0.354,0.342,0.277
mangalore_netravati,Mangalore,Karnataka,West Coast (Arabian Sea),12.8615,74.843,2.0,July 2024 High Spring Tide Monsoon,2024-07-24T08:00,1.5,1005.4,15.2,41.0,0.353,0.342,0.277
mangalore_netravati,Mangalore,Karnataka,West Coast (Arabian Sea),12.8615,74.843,2.0,July 2024 High Spring Tide Monsoon,2024-07-24T09:00,10.4,1005.0,21.4,47.5,0.381,0.368,0.277
mangalore_netravati,Mangalore,Karnataka,West Coast (Arabian Sea),12.8615,74.843,2.0,July 2024 High Spring Tide Monsoon,2024-07-24T10:00,2.0,1004.9,16.7,47.2,0.372,0.365,0.28
mangalore_netravati,Mangalore,Karnataka,West Coast (Arabian Sea),12.8615,74.843,2.0,July 2024 High Spring Tide Monsoon,2024-07-24T11:00,0.4,1004.3,12.7,40.3,0.354,0.36,0.282
mangalore_netravati,Mangalore,Karnataka,West Coast (Arabian Sea),12.8615,74.843,2.0,July 2024 High Spring Tide Monsoon,2024-07-24T12:00,1.8,1004.2,6.8,33.8,0.356,0.357,0.284
mangalore_netravati,Mangalore,Karnataka,West Coast (Arabian Sea),12.8615,74.843,2.0,July 2024 High Spring Tide Monsoon,2024-07-24T13:00,0.2,1003.8,4.0,24.8,0.35,0.35,0.281
mangalore_netravati,Mangalore,Karnataka,West Coast (Arabian Sea),12.8615,74.843,2.0,July 2024 High Spring Tide Monsoon,2024-07-24T14:00,5.3,1004.5,12.3,23.8,0.396,0.352,0.282
mangalore_netravati,Mangalore,Karnataka,West Coast (Arabian Sea),12.8615,74.843,2.0,July 2024 High Spring Tide Monsoon,2024-07-24T15:00,2.4,1005.3,12.3,33.1,0.363,0.363,0.283
mangalore_netravati,Mangalore,Karnataka,West Coast (Arabian Sea),12.8615,74.843,2.0,July 2024 High Spring Tide Monsoon,2024-07-24T16:00,0.1,1005.7,11.4,29.5,0.349,0.358,0.285
mangalore_netravati,Mangalore,Karnataka,West Coast (Arabian Sea),12.8615,74.843,2.0,July 2024 High Spring Tide Monsoon,2024-07-24T17:00,1.5,1006.5,21.1,39.2,0.355,0.354,0.287
mangalore_netravati,Mangalore,Karnataka,West Coast (Arabian Sea),12.8615,74.843,2.0,July 2024 High Spring Tide Monsoon,2024-07-24T18:00,3.3,1006.1,21.6,43.2,0.376,0.355,0.288
mangalore_netravati,Mangalore,Karnataka,West Coast (Arabian Sea),12.8615,74.843,2.0,July 2024 High Spring Tide Monsoon,2024-07-24T19:00,3.6,1005.3,17.9,45.4,0.366,0.364,0.289
mangalore_netravati,Mangalore,Karnataka,West Coast (Arabian Sea),12.8615,74.843,2.0,July 2024 High Spring Tide Monsoon,2024-07-24T20:00,0.1,1004.1,16.3,40.0,0.349,0.359,0.291
mangalore_netravati,Mangalore,Karnataka,West Coast (Arabian Sea),12.8615,74.843,2.0,July 2024 High Spring Tide Monsoon,2024-07-24T21:00,1.3,1003.9,15.1,39.2,0.353,0.355,0.293
mangalore_netravati,Mangalore,Karnataka,West Coast (Arabian Sea),12.8615,74.843,2.0,July 2024 High Spring Tide Monsoon,2024-07-24T22:00,3.7,1003.8,21.1,40.0,0.385,0.354,0.293
mangalore_netravati,Mangalore,Karnataka,West Coast (Arabian Sea),12.8615,74.843,2.0,July 2024 High Spring Tide Monsoon,2024-07-24T23:00,3.9,1004.0,18.7,50.4,0.372,0.366,0.295
mangalore_netravati,Mangalore,Karnataka,West Coast (Arabian Sea),12.8615,74.843,2.0,July 2024 High Spring Tide Monsoon,2024-07-25T00:00,0.0,1003.5,18.4,38.9,0.352,0.361,0.297
mangalore_netravati,Mangalore,Karnataka,West Coast (Arabian Sea),12.8615,74.843,2.0,July 2024 High Spring Tide Monsoon,2024-07-25T01:00,0.2,1003.8,14.0,31.3,0.348,0.357,0.295
mangalore_netravati,Mangalore,Karnataka,West Coast (Arabian Sea),12.8615,74.843,2.0,July 2024 High Spring Tide Monsoon,2024-07-25T02:00,0.7,1004.3,16.9,37.8,0.344,0.353,0.296
mangalore_netravati,Mangalore,Karnataka,West Coast (Arabian Sea),12.8615,74.843,2.0,July 2024 High Spring Tide Monsoon,2024-07-25T03:00,0.5,1004.8,16.6,38.5,0.34,0.35,0.297
mangalore_netravati,Mangalore,Karnataka,West Coast (Arabian Sea),12.8615,74.843,2.0,July 2024 High Spring Tide Monsoon,2024-07-25T04:00,1.8,1005.5,17.9,41.0,0.35,0.348,0.297
mangalore_netravati,Mangalore,Karnataka,West Coast (Arabian Sea),12.8615,74.843,2.0,July 2024 High Spring Tide Monsoon,2024-07-25T05:00,5.2,1005.9,15.9,53.3,0.367,0.358,0.298
mangalore_netravati,Mangalore,Karnataka,West Coast (Arabian Sea),12.8615,74.843,2.0,July 2024 High Spring Tide Monsoon,2024-07-25T06:00,2.0,1005.8,15.7,39.6,0.369,0.357,0.299
mangalore_netravati,Mangalore,Karnataka,West Coast (Arabian Sea),12.8615,74.843,2.0,July 2024 High Spring Tide Monsoon,2024-07-25T07:00,1.9,1005.6,17.2,41.8,0.366,0.357,0.301
mangalore_netravati,Mangalore,Karnataka,West Coast (Arabian Sea),12.8615,74.843,2.0,July 2024 High Spring Tide Monsoon,2024-07-25T08:00,7.6,1005.0,21.7,49.0,0.376,0.372,0.302
mangalore_netravati,Mangalore,Karnataka,West Coast (Arabian Sea),12.8615,74.843,2.0,July 2024 High Spring Tide Monsoon,2024-07-25T09:00,2.6,1004.5,28.5,53.6,0.377,0.369,0.305
mangalore_netravati,Mangalore,Karnataka,West Coast (Arabian Sea),12.8615,74.843,2.0,July 2024 High Spring Tide Monsoon,2024-07-25T10:00,1.4,1004.1,18.4,55.8,0.362,0.367,0.308
mangalore_netravati,Mangalore,Karnataka,West Coast (Arabian Sea),12.8615,74.843,2.0,July 2024 High Spring Tide Monsoon,2024-07-25T11:00,1.6,1004.0,17.2,42.5,0.362,0.362,0.309
mangalore_netravati,Mangalore,Karnataka,West Coast (Arabian Sea),12.8615,74.843,2.0,July 2024 High Spring Tide Monsoon,2024-07-25T12:00,2.0,1003.6,15.9,42.1,0.361,0.362,0.311
mangalore_netravati,Mangalore,Karnataka,West Coast (Arabian Sea),12.8615,74.843,2.0,July 2024 High Spring Tide Monsoon,2024-07-25T13:00,2.1,1003.6,15.7,41.8,0.367,0.365,0.321
mangalore_netravati,Mangalore,Karnataka,West Coast (Arabian Sea),12.8615,74.843,2.0,July 2024 High Spring Tide Monsoon,2024-07-25T14:00,0.7,1004.4,11.2,28.8,0.356,0.362,0.322
mangalore_netravati,Mangalore,Karnataka,West Coast (Arabian Sea),12.8615,74.843,2.0,July 2024 High Spring Tide Monsoon,2024-07-25T15:00,0.7,1004.4,14.9,34.6,0.35,0.359,0.323
mangalore_netravati,Mangalore,Karnataka,West Coast (Arabian Sea),12.8615,74.843,2.0,July 2024 High Spring Tide Monsoon,2024-07-25T16:00,0.9,1005.4,15.2,36.7,0.349,0.356,0.324
mangalore_netravati,Mangalore,Karnataka,West Coast (Arabian Sea),12.8615,74.843,2.0,July 2024 High Spring Tide Monsoon,2024-07-25T17:00,4.4,1005.9,21.6,41.0,0.377,0.359,0.325
mangalore_netravati,Mangalore,Karnataka,West Coast (Arabian Sea),12.8615,74.843,2.0,July 2024 High Spring Tide Monsoon,2024-07-25T18:00,1.5,1005.8,14.8,45.7,0.364,0.362,0.326
mangalore_netravati,Mangalore,Karnataka,West Coast (Arabian Sea),12.8615,74.843,2.0,July 2024 High Spring Tide Monsoon,2024-07-25T19:00,2.1,1005.3,18.4,41.8,0.369,0.362,0.327
mangalore_netravati,Mangalore,Karnataka,West Coast (Arabian Sea),12.8615,74.843,2.0,July 2024 High Spring Tide Monsoon,2024-07-25T20:00,1.0,1004.8,14.1,40.3,0.358,0.361,0.328
mangalore_netravati,Mangalore,Karnataka,West Coast (Arabian Sea),12.8615,74.843,2.0,July 2024 High Spring Tide Monsoon,2024-07-25T21:00,2.5,1004.8,20.9,46.4,0.367,0.361,0.329
mangalore_netravati,Mangalore,Karnataka,West Coast (Arabian Sea),12.8615,74.843,2.0,July 2024 High Spring Tide Monsoon,2024-07-25T22:00,2.7,1004.3,23.4,44.6,0.378,0.362,0.33
mangalore_netravati,Mangalore,Karnataka,West Coast (Arabian Sea),12.8615,74.843,2.0,July 2024 High Spring Tide Monsoon,2024-07-25T23:00,0.6,1004.0,14.5,50.4,0.357,0.362,0.332
mangalore_netravati,Mangalore,Karnataka,West Coast (Arabian Sea),12.8615,74.843,2.0,July 2024 High Spring Tide Monsoon,2024-07-26T00:00,1.1,1004.2,15.6,37.8,0.355,0.36,0.333
mangalore_netravati,Mangalore,Karnataka,West Coast (Arabian Sea),12.8615,74.843,2.0,July 2024 High Spring Tide Monsoon,2024-07-26T01:00,1.8,1004.3,20.6,45.4,0.361,0.373,0.36
mangalore_netravati,Mangalore,Karnataka,West Coast (Arabian Sea),12.8615,74.843,2.0,July 2024 High Spring Tide Monsoon,2024-07-26T02:00,0.2,1004.7,13.3,44.6,0.347,0.368,0.361
mangalore_netravati,Mangalore,Karnataka,West Coast (Arabian Sea),12.8615,74.843,2.0,July 2024 High Spring Tide Monsoon,2024-07-26T03:00,0.6,1005.4,12.4,34.6,0.343,0.364,0.362
mangalore_netravati,Mangalore,Karnataka,West Coast (Arabian Sea),12.8615,74.843,2.0,July 2024 High Spring Tide Monsoon,2024-07-26T04:00,3.1,1005.6,13.7,39.6,0.361,0.364,0.362
mangalore_netravati,Mangalore,Karnataka,West Coast (Arabian Sea),12.8615,74.843,2.0,July 2024 High Spring Tide Monsoon,2024-07-26T05:00,4.2,1006.1,17.4,46.4,0.374,0.369,0.362
mangalore_netravati,Mangalore,Karnataka,West Coast (Arabian Sea),12.8615,74.843,2.0,July 2024 High Spring Tide Monsoon,2024-07-26T06:00,0.3,1006.1,15.8,41.4,0.354,0.368,0.363
mangalore_netravati,Mangalore,Karnataka,West Coast (Arabian Sea),12.8615,74.843,2.0,July 2024 High Spring Tide Monsoon,2024-07-26T07:00,1.3,1005.7,18.1,45.4,0.354,0.364,0.363
mangalore_netravati,Mangalore,Karnataka,West Coast (Arabian Sea),12.8615,74.843,2.0,July 2024 High Spring Tide Monsoon,2024-07-26T08:00,1.7,1005.1,16.6,48.2,0.353,0.363,0.363
mangalore_netravati,Mangalore,Karnataka,West Coast (Arabian Sea),12.8615,74.843,2.0,July 2024 High Spring Tide Monsoon,2024-07-26T09:00,2.7,1004.5,22.0,49.0,0.366,0.362,0.363
mangalore_netravati,Mangalore,Karnataka,West Coast (Arabian Sea),12.8615,74.843,2.0,July 2024 High Spring Tide Monsoon,2024-07-26T10:00,0.4,1004.0,16.6,41.4,0.351,0.361,0.363
mangalore_netravati,Mangalore,Karnataka,West Coast (Arabian Sea),12.8615,74.843,2.0,July 2024 High Spring Tide Monsoon,2024-07-26T11:00,8.9,1004.1,27.1,52.9,0.374,0.383,0.363
mangalore_netravati,Mangalore,Karnataka,West Coast (Arabian Sea),12.8615,74.843,2.0,July 2024 High Spring Tide Monsoon,2024-07-26T12:00,0.4,1004.2,18.9,49.7,0.354,0.376,0.365
mangalore_netravati,Mangalore,Karnataka,West Coast (Arabian Sea),12.8615,74.843,2.0,July 2024 High Spring Tide Monsoon,2024-07-26T13:00,6.7,1005.0,17.6,41.0,0.374,0.377,0.366
mangalore_netravati,Mangalore,Karnataka,West Coast (Arabian Sea),12.8615,74.843,2.0,July 2024 High Spring Tide Monsoon,2024-07-26T14:00,6.2,1005.6,20.2,37.4,0.396,0.383,0.368
mangalore_netravati,Mangalore,Karnataka,West Coast (Arabian Sea),12.8615,74.843,2.0,July 2024 High Spring Tide Monsoon,2024-07-26T15:00,5.5,1006.2,17.7,44.3,0.365,0.386,0.374
mangalore_netravati,Mangalore,Karnataka,West Coast (Arabian Sea),12.8615,74.843,2.0,July 2024 High Spring Tide Monsoon,2024-07-26T16:00,1.2,1006.4,15.9,37.4,0.361,0.377,0.375
mangalore_netravati,Mangalore,Karnataka,West Coast (Arabian Sea),12.8615,74.843,2.0,July 2024 High Spring Tide Monsoon,2024-07-26T17:00,3.0,1007.1,16.3,38.2,0.379,0.373,0.375
mangalore_netravati,Mangalore,Karnataka,West Coast (Arabian Sea),12.8615,74.843,2.0,July 2024 High Spring Tide Monsoon,2024-07-26T18:00,5.6,1006.9,14.0,38.9,0.372,0.385,0.376
mangalore_netravati,Mangalore,Karnataka,West Coast (Arabian Sea),12.8615,74.843,2.0,July 2024 High Spring Tide Monsoon,2024-07-26T19:00,3.3,1006.8,21.4,43.6,0.374,0.382,0.378
mangalore_netravati,Mangalore,Karnataka,West Coast (Arabian Sea),12.8615,74.843,2.0,July 2024 High Spring Tide Monsoon,2024-07-26T20:00,1.6,1005.8,18.4,46.4,0.366,0.378,0.378
mangalore_netravati,Mangalore,Karnataka,West Coast (Arabian Sea),12.8615,74.843,2.0,July 2024 High Spring Tide Monsoon,2024-07-26T21:00,0.8,1005.5,20.2,45.4,0.356,0.372,0.378
mangalore_netravati,Mangalore,Karnataka,West Coast (Arabian Sea),12.8615,74.843,2.0,July 2024 High Spring Tide Monsoon,2024-07-26T22:00,2.3,1005.1,18.8,49.0,0.364,0.368,0.377
mangalore_netravati,Mangalore,Karnataka,West Coast (Arabian Sea),12.8615,74.843,2.0,July 2024 High Spring Tide Monsoon,2024-07-26T23:00,7.8,1005.4,17.0,41.4,0.377,0.384,0.378
mangalore_netravati,Mangalore,Karnataka,West Coast (Arabian Sea),12.8615,74.843,2.0,July 2024 High Spring Tide Monsoon,2024-07-27T00:00,0.3,1005.6,16.8,41.0,0.356,0.378,0.378
mangalore_netravati,Mangalore,Karnataka,West Coast (Arabian Sea),12.8615,74.843,2.0,July 2024 High Spring Tide Monsoon,2024-07-27T01:00,0.1,1005.7,9.4,36.7,0.359,0.381,0.38
mangalore_netravati,Mangalore,Karnataka,West Coast (Arabian Sea),12.8615,74.843,2.0,July 2024 High Spring Tide Monsoon,2024-07-27T02:00,0.1,1006.4,9.7,30.2,0.346,0.372,0.38
mangalore_netravati,Mangalore,Karnataka,West Coast (Arabian Sea),12.8615,74.843,2.0,July 2024 High Spring Tide Monsoon,2024-07-27T03:00,0.2,1007.0,6.8,34.2,0.338,0.363,0.379
mangalore_netravati,Mangalore,Karnataka,West Coast (Arabian Sea),12.8615,74.843,2.0,July 2024 High Spring Tide Monsoon,2024-07-27T04:00,0.2,1007.3,8.0,31.3,0.333,0.354,0.378
mangalore_netravati,Mangalore,Karnataka,West Coast (Arabian Sea),12.8615,74.843,2.0,July 2024 High Spring Tide Monsoon,2024-07-27T05:00,0.0,1007.3,13.4,40.0,0.326,0.346,0.377
mangalore_netravati,Mangalore,Karnataka,West Coast (Arabian Sea),12.8615,74.843,2.0,July 2024 High Spring Tide Monsoon,2024-07-27T06:00,0.0,1006.9,16.4,45.0,0.32,0.338,0.376
mangalore_netravati,Mangalore,Karnataka,West Coast (Arabian Sea),12.8615,74.843,2.0,July 2024 High Spring Tide Monsoon,2024-07-27T07:00,0.1,1006.3,19.3,48.2,0.314,0.331,0.375
mangalore_netravati,Mangalore,Karnataka,West Coast (Arabian Sea),12.8615,74.843,2.0,July 2024 High Spring Tide Monsoon,2024-07-27T08:00,0.4,1005.9,20.0,49.0,0.313,0.324,0.374
mangalore_netravati,Mangalore,Karnataka,West Coast (Arabian Sea),12.8615,74.843,2.0,July 2024 High Spring Tide Monsoon,2024-07-27T09:00,0.0,1005.5,17.4,46.1,0.308,0.319,0.372
mangalore_netravati,Mangalore,Karnataka,West Coast (Arabian Sea),12.8615,74.843,2.0,July 2024 High Spring Tide Monsoon,2024-07-27T10:00,0.0,1005.0,14.1,34.2,0.304,0.314,0.371
mangalore_netravati,Mangalore,Karnataka,West Coast (Arabian Sea),12.8615,74.843,2.0,July 2024 High Spring Tide Monsoon,2024-07-27T11:00,0.0,1004.6,14.6,31.3,0.3,0.309,0.37
mangalore_netravati,Mangalore,Karnataka,West Coast (Arabian Sea),12.8615,74.843,2.0,July 2024 High Spring Tide Monsoon,2024-07-27T12:00,0.0,1004.6,12.2,28.8,0.297,0.305,0.368
mangalore_netravati,Mangalore,Karnataka,West Coast (Arabian Sea),12.8615,74.843,2.0,July 2024 High Spring Tide Monsoon,2024-07-27T13:00,0.0,1004.5,12.9,23.8,0.297,0.305,0.368
mangalore_netravati,Mangalore,Karnataka,West Coast (Arabian Sea),12.8615,74.843,2.0,July 2024 High Spring Tide Monsoon,2024-07-27T14:00,0.0,1005.3,12.6,24.8,0.295,0.301,0.367
mangalore_netravati,Mangalore,Karnataka,West Coast (Arabian Sea),12.8615,74.843,2.0,July 2024 High Spring Tide Monsoon,2024-07-27T15:00,0.0,1006.1,15.0,27.4,0.293,0.298,0.365
mangalore_netravati,Mangalore,Karnataka,West Coast (Arabian Sea),12.8615,74.843,2.0,July 2024 High Spring Tide Monsoon,2024-07-27T16:00,0.0,1006.7,13.8,27.7,0.291,0.295,0.364
mangalore_netravati,Mangalore,Karnataka,West Coast (Arabian Sea),12.8615,74.843,2.0,July 2024 High Spring Tide Monsoon,2024-07-27T17:00,0.0,1007.2,15.6,28.4,0.289,0.292,0.362
mangalore_netravati,Mangalore,Karnataka,West Coast (Arabian Sea),12.8615,74.843,2.0,July 2024 High Spring Tide Monsoon,2024-07-27T18:00,0.1,1006.7,19.9,34.6,0.288,0.29,0.361
mangalore_netravati,Mangalore,Karnataka,West Coast (Arabian Sea),12.8615,74.843,2.0,July 2024 High Spring Tide Monsoon,2024-07-27T19:00,0.2,1006.3,19.8,36.7,0.288,0.288,0.359
mangalore_netravati,Mangalore,Karnataka,West Coast (Arabian Sea),12.8615,74.843,2.0,July 2024 High Spring Tide Monsoon,2024-07-27T20:00,0.0,1005.7,16.7,35.3,0.287,0.286,0.358
mangalore_netravati,Mangalore,Karnataka,West Coast (Arabian Sea),12.8615,74.843,2.0,July 2024 High Spring Tide Monsoon,2024-07-27T21:00,0.0,1005.0,15.0,30.2,0.285,0.284,0.356
mangalore_netravati,Mangalore,Karnataka,West Coast (Arabian Sea),12.8615,74.843,2.0,July 2024 High Spring Tide Monsoon,2024-07-27T22:00,0.0,1004.4,13.6,27.4,0.284,0.282,0.354
mangalore_netravati,Mangalore,Karnataka,West Coast (Arabian Sea),12.8615,74.843,2.0,July 2024 High Spring Tide Monsoon,2024-07-27T23:00,0.0,1003.8,10.6,24.1,0.282,0.281,0.353
mangalore_netravati,Mangalore,Karnataka,West Coast (Arabian Sea),12.8615,74.843,2.0,July 2024 High Spring Tide Monsoon,2024-07-28T00:00,0.0,1004.1,10.5,18.7,0.281,0.28,0.351
mangalore_netravati,Mangalore,Karnataka,West Coast (Arabian Sea),12.8615,74.843,2.0,July 2024 High Spring Tide Monsoon,2024-07-28T01:00,0.8,1004.4,9.5,23.0,0.308,0.286,0.349
mangalore_netravati,Mangalore,Karnataka,West Coast (Arabian Sea),12.8615,74.843,2.0,July 2024 High Spring Tide Monsoon,2024-07-28T02:00,2.2,1005.1,5.8,27.4,0.327,0.288,0.347
mangalore_netravati,Mangalore,Karnataka,West Coast (Arabian Sea),12.8615,74.843,2.0,July 2024 High Spring Tide Monsoon,2024-07-28T03:00,0.3,1005.5,10.1,19.1,0.318,0.29,0.345
mangalore_netravati,Mangalore,Karnataka,West Coast (Arabian Sea),12.8615,74.843,2.0,July 2024 High Spring Tide Monsoon,2024-07-28T04:00,0.1,1005.5,14.9,34.2,0.311,0.29,0.344
mangalore_netravati,Mangalore,Karnataka,West Coast (Arabian Sea),12.8615,74.843,2.0,July 2024 High Spring Tide Monsoon,2024-07-28T05:00,0.0,1005.3,18.8,43.2,0.304,0.29,0.342
mangalore_netravati,Mangalore,Karnataka,West Coast (Arabian Sea),12.8615,74.843,2.0,July 2024 High Spring Tide Monsoon,2024-07-28T06:00,2.1,1004.7,20.2,47.5,0.318,0.29,0.34
mangalore_netravati,Mangalore,Karnataka,West Coast (Arabian Sea),12.8615,74.843,2.0,July 2024 High Spring Tide Monsoon,2024-07-28T07:00,0.1,1004.1,24.9,53.6,0.31,0.29,0.338
mangalore_netravati,Mangalore,Karnataka,West Coast (Arabian Sea),12.8615,74.843,2.0,July 2024 High Spring Tide Monsoon,2024-07-28T08:00,1.6,1003.8,20.3,54.0,0.317,0.291,0.337
mangalore_netravati,Mangalore,Karnataka,West Coast (Arabian Sea),12.8615,74.843,2.0,July 2024 High Spring Tide Monsoon,2024-07-28T09:00,0.7,1003.2,20.5,50.4,0.314,0.291,0.335
mangalore_netravati,Mangalore,Karnataka,West Coast (Arabian Sea),12.8615,74.843,2.0,July 2024 High Spring Tide Monsoon,2024-07-28T10:00,0.1,1002.9,18.4,43.2,0.307,0.291,0.333
mangalore_netravati,Mangalore,Karnataka,West Coast (Arabian Sea),12.8615,74.843,2.0,July 2024 High Spring Tide Monsoon,2024-07-28T11:00,0.5,1002.3,16.8,43.9,0.306,0.291,0.331
mangalore_netravati,Mangalore,Karnataka,West Coast (Arabian Sea),12.8615,74.843,2.0,July 2024 High Spring Tide Monsoon,2024-07-28T12:00,1.4,1002.5,15.2,36.0,0.316,0.291,0.33
mangalore_netravati,Mangalore,Karnataka,West Coast (Arabian Sea),12.8615,74.843,2.0,July 2024 High Spring Tide Monsoon,2024-07-28T13:00,0.0,1002.0,11.5,28.4,0.28,0.276,0.327
mangalore_netravati,Mangalore,Karnataka,West Coast (Arabian Sea),12.8615,74.843,2.0,July 2024 High Spring Tide Monsoon,2024-07-28T14:00,0.0,1002.3,12.7,27.0,0.279,0.275,0.325
mangalore_netravati,Mangalore,Karnataka,West Coast (Arabian Sea),12.8615,74.843,2.0,July 2024 High Spring Tide Monsoon,2024-07-28T15:00,0.2,1002.9,11.9,28.1,0.279,0.275,0.323
mangalore_netravati,Mangalore,Karnataka,West Coast (Arabian Sea),12.8615,74.843,2.0,July 2024 High Spring Tide Monsoon,2024-07-28T16:00,0.7,1003.5,16.2,28.1,0.283,0.275,0.322
mangalore_netravati,Mangalore,Karnataka,West Coast (Arabian Sea),12.8615,74.843,2.0,July 2024 High Spring Tide Monsoon,2024-07-28T17:00,1.5,1004.4,11.5,34.2,0.299,0.275,0.32
mangalore_netravati,Mangalore,Karnataka,West Coast (Arabian Sea),12.8615,74.843,2.0,July 2024 High Spring Tide Monsoon,2024-07-28T18:00,1.6,1003.8,9.8,28.1,0.315,0.277,0.318
mangalore_netravati,Mangalore,Karnataka,West Coast (Arabian Sea),12.8615,74.843,2.0,July 2024 High Spring Tide Monsoon,2024-07-28T19:00,1.3,1002.9,11.0,29.5,0.32,0.28,0.316
mangalore_netravati,Mangalore,Karnataka,West Coast (Arabian Sea),12.8615,74.843,2.0,July 2024 High Spring Tide Monsoon,2024-07-28T20:00,1.0,1002.5,15.1,36.7,0.321,0.283,0.315
mangalore_netravati,Mangalore,Karnataka,West Coast (Arabian Sea),12.8615,74.843,2.0,July 2024 High Spring Tide Monsoon,2024-07-28T21:00,2.2,1002.2,11.6,29.2,0.337,0.287,0.313
mangalore_netravati,Mangalore,Karnataka,West Coast (Arabian Sea),12.8615,74.843,2.0,July 2024 High Spring Tide Monsoon,2024-07-28T22:00,2.1,1002.2,18.4,33.5,0.343,0.294,0.311
mangalore_netravati,Mangalore,Karnataka,West Coast (Arabian Sea),12.8615,74.843,2.0,July 2024 High Spring Tide Monsoon,2024-07-28T23:00,0.8,1001.9,8.8,35.6,0.333,0.3,0.31
mangalore_netravati,Mangalore,Karnataka,West Coast (Arabian Sea),12.8615,74.843,2.0,July 2024 High Spring Tide Monsoon,2024-07-29T00:00,2.9,1002.1,12.7,28.1,0.349,0.306,0.308
mangalore_netravati,Mangalore,Karnataka,West Coast (Arabian Sea),12.8615,74.843,2.0,July 2024 High Spring Tide Monsoon,2024-07-29T01:00,1.1,1002.0,20.5,40.0,0.338,0.306,0.307
mangalore_netravati,Mangalore,Karnataka,West Coast (Arabian Sea),12.8615,74.843,2.0,July 2024 High Spring Tide Monsoon,2024-07-29T02:00,1.5,1002.5,8.5,39.2,0.34,0.311,0.306
mangalore_netravati,Mangalore,Karnataka,West Coast (Arabian Sea),12.8615,74.843,2.0,July 2024 High Spring Tide Monsoon,2024-07-29T03:00,0.8,1003.0,15.0,31.3,0.335,0.314,0.304
mangalore_netravati,Mangalore,Karnataka,West Coast (Arabian Sea),12.8615,74.843,2.0,July 2024 High Spring Tide Monsoon,2024-07-29T04:00,4.5,1003.7,18.4,38.9,0.373,0.32,0.303
mangalore_netravati,Mangalore,Karnataka,West Coast (Arabian Sea),12.8615,74.843,2.0,July 2024 High Spring Tide Monsoon,2024-07-29T05:00,2.8,1003.8,16.1,39.2,0.354,0.336,0.302
mangalore_netravati,Mangalore,Karnataka,West Coast (Arabian Sea),12.8615,74.843,2.0,July 2024 High Spring Tide Monsoon,2024-07-29T06:00,0.9,1003.7,13.8,45.0,0.345,0.338,0.301
mangalore_netravati,Mangalore,Karnataka,West Coast (Arabian Sea),12.8615,74.843,2.0,July 2024 High Spring Tide Monsoon,2024-07-29T07:00,0.7,1002.9,9.7,32.4,0.339,0.338,0.301
mangalore_netravati,Mangalore,Karnataka,West Coast (Arabian Sea),12.8615,74.843,2.0,July 2024 High Spring Tide Monsoon,2024-07-29T08:00,0.9,1002.5,16.5,34.6,0.337,0.337,0.3
mangalore_netravati,Mangalore,Karnataka,West Coast (Arabian Sea),12.8615,74.843,2.0,July 2024 High Spring Tide Monsoon,2024-07-29T09:00,2.4,1001.9,9.7,42.1,0.351,0.338,0.299
mangalore_netravati,Mangalore,Karnataka,West Coast (Arabian Sea),12.8615,74.843,2.0,July 2024 High Spring Tide Monsoon,2024-07-29T10:00,2.9,1002.0,13.5,34.2,0.364,0.341,0.299
mangalore_netravati,Mangalore,Karnataka,West Coast (Arabian Sea),12.8615,74.843,2.0,July 2024 High Spring Tide Monsoon,2024-07-29T11:00,4.6,1001.9,17.3,38.2,0.373,0.353,0.299
mangalore_netravati,Mangalore,Karnataka,West Coast (Arabian Sea),12.8615,74.843,2.0,July 2024 High Spring Tide Monsoon,2024-07-29T12:00,7.7,1001.9,9.3,37.8,0.386,0.374,0.3
mangalore_netravati,Mangalore,Karnataka,West Coast (Arabian Sea),12.8615,74.843,2.0,July 2024 High Spring Tide Monsoon,2024-07-29T13:00,3.6,1001.9,9.7,28.8,0.378,0.376,0.312
mangalore_netravati,Mangalore,Karnataka,West Coast (Arabian Sea),12.8615,74.843,2.0,July 2024 High Spring Tide Monsoon,2024-07-29T14:00,7.8,1002.9,9.4,24.5,0.395,0.386,0.316
mangalore_netravati,Mangalore,Karnataka,West Coast (Arabian Sea),12.8615,74.843,2.0,July 2024 High Spring Tide Monsoon,2024-07-29T15:00,6.5,1003.3,14.0,31.0,0.393,0.387,0.323
mangalore_netravati,Mangalore,Karnataka,West Coast (Arabian Sea),12.8615,74.843,2.0,July 2024 High Spring Tide Monsoon,2024-07-29T16:00,6.4,1004.1,12.3,31.0,0.382,0.389,0.33
mangalore_netravati,Mangalore,Karnataka,West Coast (Arabian Sea),12.8615,74.843,2.0,July 2024 High Spring Tide Monsoon,2024-07-29T17:00,4.6,1005.1,9.6,31.7,0.391,0.384,0.335
mangalore_netravati,Mangalore,Karnataka,West Coast (Arabian Sea),12.8615,74.843,2.0,July 2024 High Spring Tide Monsoon,2024-07-29T18:00,2.6,1004.7,6.6,25.9,0.38,0.379,0.339
mangalore_netravati,Mangalore,Karnataka,West Coast (Arabian Sea),12.8615,74.843,2.0,July 2024 High Spring Tide Monsoon,2024-07-29T19:00,3.1,1004.6,3.8,20.5,0.38,0.377,0.342
mangalore_netravati,Mangalore,Karnataka,West Coast (Arabian Sea),12.8615,74.843,2.0,July 2024 High Spring Tide Monsoon,2024-07-29T20:00,3.1,1004.3,7.0,18.4,0.378,0.377,0.345
mangalore_netravati,Mangalore,Karnataka,West Coast (Arabian Sea),12.8615,74.843,2.0,July 2024 High Spring Tide Monsoon,2024-07-29T21:00,11.0,1003.9,5.7,18.4,0.403,0.396,0.349
mangalore_netravati,Mangalore,Karnataka,West Coast (Arabian Sea),12.8615,74.843,2.0,July 2024 High Spring Tide Monsoon,2024-07-29T22:00,6.1,1003.9,4.5,17.6,0.394,0.39,0.358
mangalore_netravati,Mangalore,Karnataka,West Coast (Arabian Sea),12.8615,74.843,2.0,July 2024 High Spring Tide Monsoon,2024-07-29T23:00,3.6,1003.8,9.9,24.8,0.375,0.386,0.364
mangalore_netravati,Mangalore,Karnataka,West Coast (Arabian Sea),12.8615,74.843,2.0,July 2024 High Spring Tide Monsoon,2024-07-30T00:00,8.4,1004.4,2.9,21.6,0.386,0.393,0.37
mangalore_netravati,Mangalore,Karnataka,West Coast (Arabian Sea),12.8615,74.843,2.0,July 2024 High Spring Tide Monsoon,2024-07-30T01:00,1.2,1004.2,11.2,23.4,0.364,0.375,0.353
mangalore_netravati,Mangalore,Karnataka,West Coast (Arabian Sea),12.8615,74.843,2.0,July 2024 High Spring Tide Monsoon,2024-07-30T02:00,2.1,1005.3,12.4,27.4,0.368,0.371,0.354
mangalore_netravati,Mangalore,Karnataka,West Coast (Arabian Sea),12.8615,74.843,2.0,July 2024 High Spring Tide Monsoon,2024-07-30T03:00,3.1,1006.3,5.6,22.0,0.38,0.371,0.355
mangalore_netravati,Mangalore,Karnataka,West Coast (Arabian Sea),12.8615,74.843,2.0,July 2024 High Spring Tide Monsoon,2024-07-30T04:00,3.9,1007.1,2.5,16.6,0.378,0.377,0.357
mangalore_netravati,Mangalore,Karnataka,West Coast (Arabian Sea),12.8615,74.843,2.0,July 2024 High Spring Tide Monsoon,2024-07-30T05:00,0.8,1007.4,9.7,20.2,0.36,0.373,0.359
mangalore_netravati,Mangalore,Karnataka,West Coast (Arabian Sea),12.8615,74.843,2.0,July 2024 High Spring Tide Monsoon,2024-07-30T06:00,0.7,1007.4,8.8,19.8,0.351,0.369,0.36
mangalore_netravati,Mangalore,Karnataka,West Coast (Arabian Sea),12.8615,74.843,2.0,July 2024 High Spring Tide Monsoon,2024-07-30T07:00,0.7,1007.2,10.7,27.7,0.345,0.364,0.36
mangalore_netravati,Mangalore,Karnataka,West Coast (Arabian Sea),12.8615,74.843,2.0,July 2024 High Spring Tide Monsoon,2024-07-30T08:00,1.3,1006.5,9.0,29.5,0.349,0.361,0.36
mangalore_netravati,Mangalore,Karnataka,West Coast (Arabian Sea),12.8615,74.843,2.0,July 2024 High Spring Tide Monsoon,2024-07-30T09:00,1.9,1005.6,7.6,17.6,0.357,0.36,0.36
mangalore_netravati,Mangalore,Karnataka,West Coast (Arabian Sea),12.8615,74.843,2.0,July 2024 High Spring Tide Monsoon,2024-07-30T10:00,0.6,1005.1,7.5,16.6,0.348,0.359,0.36
mangalore_netravati,Mangalore,Karnataka,West Coast (Arabian Sea),12.8615,74.843,2.0,July 2024 High Spring Tide Monsoon,2024-07-30T11:00,0.8,1005.2,11.6,28.8,0.344,0.357,0.36
mangalore_netravati,Mangalore,Karnataka,West Coast (Arabian Sea),12.8615,74.843,2.0,July 2024 High Spring Tide Monsoon,2024-07-30T12:00,2.3,1005.3,12.3,28.4,0.359,0.356,0.36
mangalore_netravati,Mangalore,Karnataka,West Coast (Arabian Sea),12.8615,74.843,2.0,July 2024 High Spring Tide Monsoon,2024-07-30T13:00,3.0,1006.1,10.6,27.7,0.375,0.372,0.372
mangalore_netravati,Mangalore,Karnataka,West Coast (Arabian Sea),12.8615,74.843,2.0,July 2024 High Spring Tide Monsoon,2024-07-30T14:00,4.9,1006.6,7.3,26.3,0.384,0.38,0.373
mangalore_netravati,Mangalore,Karnataka,West Coast (Arabian Sea),12.8615,74.843,2.0,July 2024 High Spring Tide Monsoon,2024-07-30T15:00,3.1,1007.2,11.9,29.5,0.381,0.38,0.374
mangalore_netravati,Mangalore,Karnataka,West Coast (Arabian Sea),12.8615,74.843,2.0,July 2024 High Spring Tide Monsoon,2024-07-30T16:00,2.9,1007.8,8.2,30.6,0.379,0.38,0.375
mangalore_netravati,Mangalore,Karnataka,West Coast (Arabian Sea),12.8615,74.843,2.0,July 2024 High Spring Tide Monsoon,2024-07-30T17:00,2.7,1008.4,7.0,20.2,0.377,0.379,0.376
mangalore_netravati,Mangalore,Karnataka,West Coast (Arabian Sea),12.8615,74.843,2.0,July 2024 High Spring Tide Monsoon,2024-07-30T18:00,3.4,1007.9,7.1,20.9,0.382,0.38,0.376
mangalore_netravati,Mangalore,Karnataka,West Coast (Arabian Sea),12.8615,74.843,2.0,July 2024 High Spring Tide Monsoon,2024-07-30T19:00,4.8,1007.4,4.5,19.4,0.383,0.385,0.377
mangalore_netravati,Mangalore,Karnataka,West Coast (Arabian Sea),12.8615,74.843,2.0,July 2024 High Spring Tide Monsoon,2024-07-30T20:00,6.8,1007.1,10.2,25.9,0.398,0.391,0.379
mangalore_netravati,Mangalore,Karnataka,West Coast (Arabian Sea),12.8615,74.843,2.0,July 2024 High Spring Tide Monsoon,2024-07-30T21:00,6.0,1006.7,5.4,26.3,0.393,0.392,0.383
mangalore_netravati,Mangalore,Karnataka,West Coast (Arabian Sea),12.8615,74.843,2.0,July 2024 High Spring Tide Monsoon,2024-07-30T22:00,5.9,1006.4,7.2,20.5,0.392,0.394,0.386
mangalore_netravati,Mangalore,Karnataka,West Coast (Arabian Sea),12.8615,74.843,2.0,July 2024 High Spring Tide Monsoon,2024-07-30T23:00,4.3,1006.4,8.7,21.2,0.386,0.39,0.387
mangalore_netravati,Mangalore,Karnataka,West Coast (Arabian Sea),12.8615,74.843,2.0,July 2024 High Spring Tide Monsoon,2024-07-31T00:00,4.0,1006.6,7.6,22.7,0.385,0.388,0.388
mangalore_netravati,Mangalore,Karnataka,West Coast (Arabian Sea),12.8615,74.843,2.0,July 2024 High Spring Tide Monsoon,2024-07-31T01:00,1.0,1006.3,3.1,5.8,0.362,0.376,0.38
mangalore_netravati,Mangalore,Karnataka,West Coast (Arabian Sea),12.8615,74.843,2.0,July 2024 High Spring Tide Monsoon,2024-07-31T02:00,0.8,1007.1,3.1,6.1,0.354,0.369,0.38
mangalore_netravati,Mangalore,Karnataka,West Coast (Arabian Sea),12.8615,74.843,2.0,July 2024 High Spring Tide Monsoon,2024-07-31T03:00,0.6,1007.6,10.2,24.5,0.347,0.362,0.38
mangalore_netravati,Mangalore,Karnataka,West Coast (Arabian Sea),12.8615,74.843,2.0,July 2024 High Spring Tide Monsoon,2024-07-31T04:00,1.9,1008.0,14.6,33.1,0.354,0.356,0.379
mangalore_netravati,Mangalore,Karnataka,West Coast (Arabian Sea),12.8615,74.843,2.0,July 2024 High Spring Tide Monsoon,2024-07-31T05:00,1.1,1008.4,14.4,35.3,0.35,0.351,0.378
mangalore_netravati,Mangalore,Karnataka,West Coast (Arabian Sea),12.8615,74.843,2.0,July 2024 High Spring Tide Monsoon,2024-07-31T06:00,0.8,1008.4,12.3,30.2,0.345,0.345,0.377
mangalore_netravati,Mangalore,Karnataka,West Coast (Arabian Sea),12.8615,74.843,2.0,July 2024 High Spring Tide Monsoon,2024-07-31T07:00,1.1,1007.9,13.0,32.0,0.346,0.34,0.376
mangalore_netravati,Mangalore,Karnataka,West Coast (Arabian Sea),12.8615,74.843,2.0,July 2024 High Spring Tide Monsoon,2024-07-31T08:00,1.1,1007.2,12.3,29.9,0.344,0.337,0.375
mangalore_netravati,Mangalore,Karnataka,West Coast (Arabian Sea),12.8615,74.843,2.0,July 2024 High Spring Tide Monsoon,2024-07-31T09:00,0.9,1006.5,10.0,28.8,0.341,0.333,0.374
mangalore_netravati,Mangalore,Karnataka,West Coast (Arabian Sea),12.8615,74.843,2.0,July 2024 High Spring Tide Monsoon,2024-07-31T10:00,0.7,1005.9,7.1,25.9,0.337,0.33,0.373
mangalore_netravati,Mangalore,Karnataka,West Coast (Arabian Sea),12.8615,74.843,2.0,July 2024 High Spring Tide Monsoon,2024-07-31T11:00,1.4,1005.5,12.0,26.3,0.344,0.327,0.372
mangalore_netravati,Mangalore,Karnataka,West Coast (Arabian Sea),12.8615,74.843,2.0,July 2024 High Spring Tide Monsoon,2024-07-31T12:00,2.3,1005.9,9.1,28.1,0.351,0.328,0.371
mangalore_netravati,Mangalore,Karnataka,West Coast (Arabian Sea),12.8615,74.843,2.0,July 2024 High Spring Tide Monsoon,2024-07-31T13:00,0.9,1006.1,9.0,22.0,0.34,0.33,0.375
mangalore_netravati,Mangalore,Karnataka,West Coast (Arabian Sea),12.8615,74.843,2.0,July 2024 High Spring Tide Monsoon,2024-07-31T14:00,2.7,1006.8,3.4,22.0,0.358,0.329,0.374
mangalore_netravati,Mangalore,Karnataka,West Coast (Arabian Sea),12.8615,74.843,2.0,July 2024 High Spring Tide Monsoon,2024-07-31T15:00,3.5,1007.5,1.4,11.9,0.368,0.335,0.373
mangalore_netravati,Mangalore,Karnataka,West Coast (Arabian Sea),12.8615,74.843,2.0,July 2024 High Spring Tide Monsoon,2024-07-31T16:00,4.9,1008.1,1.5,9.7,0.373,0.349,0.372
mangalore_netravati,Mangalore,Karnataka,West Coast (Arabian Sea),12.8615,74.843,2.0,July 2024 High Spring Tide Monsoon,2024-07-31T17:00,4.2,1008.1,3.9,9.7,0.379,0.358,0.371
mangalore_netravati,Mangalore,Karnataka,West Coast (Arabian Sea),12.8615,74.843,2.0,July 2024 High Spring Tide Monsoon,2024-07-31T18:00,4.1,1007.9,4.5,12.6,0.377,0.368,0.371
mangalore_netravati,Mangalore,Karnataka,West Coast (Arabian Sea),12.8615,74.843,2.0,July 2024 High Spring Tide Monsoon,2024-07-31T19:00,3.1,1007.6,3.1,7.2,0.377,0.373,0.37
mangalore_netravati,Mangalore,Karnataka,West Coast (Arabian Sea),12.8615,74.843,2.0,July 2024 High Spring Tide Monsoon,2024-07-31T20:00,2.2,1006.5,4.2,8.6,0.373,0.374,0.37
mangalore_netravati,Mangalore,Karnataka,West Coast (Arabian Sea),12.8615,74.843,2.0,July 2024 High Spring Tide Monsoon,2024-07-31T21:00,2.6,1005.8,9.6,22.7,0.378,0.374,0.37
mangalore_netravati,Mangalore,Karnataka,West Coast (Arabian Sea),12.8615,74.843,2.0,July 2024 High Spring Tide Monsoon,2024-07-31T22:00,4.1,1005.8,16.6,27.4,0.384,0.379,0.371
mangalore_netravati,Mangalore,Karnataka,West Coast (Arabian Sea),12.8615,74.843,2.0,July 2024 High Spring Tide Monsoon,2024-07-31T23:00,2.7,1005.4,11.5,35.3,0.374,0.38,0.372
mumbai_mithi,Mumbai,Maharashtra,West Coast (Arabian Sea),19.076,72.8777,3.0,2005 Historic 944mm Mithi Deluge,2005-07-20T00:00,0.7,1005.4,6.9,19.1,0.36,0.352,0.266
mumbai_mithi,Mumbai,Maharashtra,West Coast (Arabian Sea),19.076,72.8777,3.0,2005 Historic 944mm Mithi Deluge,2005-07-20T01:00,0.7,1005.1,5.4,18.7,0.36,0.351,0.267
mumbai_mithi,Mumbai,Maharashtra,West Coast (Arabian Sea),19.076,72.8777,3.0,2005 Historic 944mm Mithi Deluge,2005-07-20T02:00,0.5,1006.1,4.1,17.3,0.36,0.351,0.267
mumbai_mithi,Mumbai,Maharashtra,West Coast (Arabian Sea),19.076,72.8777,3.0,2005 Historic 944mm Mithi Deluge,2005-07-20T03:00,0.8,1007.0,5.6,18.7,0.363,0.351,0.267
mumbai_mithi,Mumbai,Maharashtra,West Coast (Arabian Sea),19.076,72.8777,3.0,2005 Historic 944mm Mithi Deluge,2005-07-20T04:00,0.6,1007.3,7.6,20.2,0.373,0.352,0.268
mumbai_mithi,Mumbai,Maharashtra,West Coast (Arabian Sea),19.076,72.8777,3.0,2005 Historic 944mm Mithi Deluge,2005-07-20T05:00,0.6,1007.7,10.8,21.2,0.361,0.357,0.268
mumbai_mithi,Mumbai,Maharashtra,West Coast (Arabian Sea),19.076,72.8777,3.0,2005 Historic 944mm Mithi Deluge,2005-07-20T06:00,0.4,1007.5,11.7,23.4,0.358,0.355,0.269
mumbai_mithi,Mumbai,Maharashtra,West Coast (Arabian Sea),19.076,72.8777,3.0,2005 Historic 944mm Mithi Deluge,2005-07-20T07:00,0.4,1007.3,12.1,24.1,0.356,0.354,0.269
mumbai_mithi,Mumbai,Maharashtra,West Coast (Arabian Sea),19.076,72.8777,3.0,2005 Historic 944mm Mithi Deluge,2005-07-20T08:00,3.6,1006.5,15.0,27.7,0.376,0.354,0.269
mumbai_mithi,Mumbai,Maharashtra,West Coast (Arabian Sea),19.076,72.8777,3.0,2005 Historic 944mm Mithi Deluge,2005-07-20T09:00,0.9,1005.6,15.3,28.8,0.373,0.355,0.27
mumbai_mithi,Mumbai,Maharashtra,West Coast (Arabian Sea),19.076,72.8777,3.0,2005 Historic 944mm Mithi Deluge,2005-07-20T10:00,1.7,1005.0,14.3,28.4,0.37,0.356,0.27
mumbai_mithi,Mumbai,Maharashtra,West Coast (Arabian Sea),19.076,72.8777,3.0,2005 Historic 944mm Mithi Deluge,2005-07-20T11:00,0.5,1004.3,13.3,25.9,0.367,0.356,0.271
mumbai_mithi,Mumbai,Maharashtra,West Coast (Arabian Sea),19.076,72.8777,3.0,2005 Historic 944mm Mithi Deluge,2005-07-20T12:00,1.9,1004.1,13.4,24.8,0.379,0.357,0.271
mumbai_mithi,Mumbai,Maharashtra,West Coast (Arabian Sea),19.076,72.8777,3.0,2005 Historic 944mm Mithi Deluge,2005-07-20T13:00,1.2,1004.2,10.8,25.6,0.371,0.363,0.271
mumbai_mithi,Mumbai,Maharashtra,West Coast (Arabian Sea),19.076,72.8777,3.0,2005 Historic 944mm Mithi Deluge,2005-07-20T14:00,0.0,1004.7,8.2,18.7,0.364,0.362,0.272
mumbai_mithi,Mumbai,Maharashtra,West Coast (Arabian Sea),19.076,72.8777,3.0,2005 Historic 944mm Mithi Deluge,2005-07-20T15:00,0.0,1005.3,6.8,13.0,0.36,0.361,0.273
mumbai_mithi,Mumbai,Maharashtra,West Coast (Arabian Sea),19.076,72.8777,3.0,2005 Historic 944mm Mithi Deluge,2005-07-20T16:00,0.1,1005.7,7.7,13.7,0.357,0.359,0.273
mumbai_mithi,Mumbai,Maharashtra,West Coast (Arabian Sea),19.076,72.8777,3.0,2005 Historic 944mm Mithi Deluge,2005-07-20T17:00,0.0,1006.5,10.3,14.8,0.355,0.358,0.274
mumbai_mithi,Mumbai,Maharashtra,West Coast (Arabian Sea),19.076,72.8777,3.0,2005 Historic 944mm Mithi Deluge,2005-07-20T18:00,0.1,1006.6,11.6,15.5,0.355,0.357,0.274
mumbai_mithi,Mumbai,Maharashtra,West Coast (Arabian Sea),19.076,72.8777,3.0,2005 Historic 944mm Mithi Deluge,2005-07-20T19:00,1.6,1006.5,10.2,20.9,0.371,0.357,0.275
mumbai_mithi,Mumbai,Maharashtra,West Coast (Arabian Sea),19.076,72.8777,3.0,2005 Historic 944mm Mithi Deluge,2005-07-20T20:00,0.9,1005.9,10.4,19.8,0.373,0.358,0.275
mumbai_mithi,Mumbai,Maharashtra,West Coast (Arabian Sea),19.076,72.8777,3.0,2005 Historic 944mm Mithi Deluge,2005-07-20T21:00,1.9,1005.6,12.0,22.3,0.382,0.361,0.275
mumbai_mithi,Mumbai,Maharashtra,West Coast (Arabian Sea),19.076,72.8777,3.0,2005 Historic 944mm Mithi Deluge,2005-07-20T22:00,2.3,1005.5,14.2,23.8,0.392,0.367,0.276
mumbai_mithi,Mumbai,Maharashtra,West Coast (Arabian Sea),19.076,72.8777,3.0,2005 Historic 944mm Mithi Deluge,2005-07-20T23:00,2.1,1005.5,15.6,24.8,0.399,0.371,0.28
mumbai_mithi,Mumbai,Maharashtra,West Coast (Arabian Sea),19.076,72.8777,3.0,2005 Historic 944mm Mithi Deluge,2005-07-21T00:00,3.1,1005.7,15.5,26.3,0.4,0.379,0.281
mumbai_mithi,Mumbai,Maharashtra,West Coast (Arabian Sea),19.076,72.8777,3.0,2005 Historic 944mm Mithi Deluge,2005-07-21T01:00,5.0,1006.1,14.1,25.9,0.391,0.381,0.285
mumbai_mithi,Mumbai,Maharashtra,West Coast (Arabian Sea),19.076,72.8777,3.0,2005 Historic 944mm Mithi Deluge,2005-07-21T02:00,2.4,1006.5,13.2,25.2,0.39,0.382,0.286
mumbai_mithi,Mumbai,Maharashtra,West Coast (Arabian Sea),19.076,72.8777,3.0,2005 Historic 944mm Mithi Deluge,2005-07-21T03:00,0.9,1007.1,13.8,26.3,0.386,0.382,0.287
mumbai_mithi,Mumbai,Maharashtra,West Coast (Arabian Sea),19.076,72.8777,3.0,2005 Historic 944mm Mithi Deluge,2005-07-21T04:00,0.8,1007.6,13.5,27.7,0.382,0.38,0.289
mumbai_mithi,Mumbai,Maharashtra,West Coast (Arabian Sea),19.076,72.8777,3.0,2005 Historic 944mm Mithi Deluge,2005-07-21T05:00,0.9,1007.7,13.6,28.1,0.385,0.379,0.29
mumbai_mithi,Mumbai,Maharashtra,West Coast (Arabian Sea),19.076,72.8777,3.0,2005 Historic 944mm Mithi Deluge,2005-07-21T06:00,1.0,1007.5,14.3,29.5,0.372,0.38,0.291
mumbai_mithi,Mumbai,Maharashtra,West Coast (Arabian Sea),19.076,72.8777,3.0,2005 Historic 944mm Mithi Deluge,2005-07-21T07:00,2.4,1007.1,16.4,33.1,0.379,0.375,0.295
mumbai_mithi,Mumbai,Maharashtra,West Coast (Arabian Sea),19.076,72.8777,3.0,2005 Historic 944mm Mithi Deluge,2005-07-21T08:00,1.7,1006.5,15.6,33.8,0.387,0.376,0.296
mumbai_mithi,Mumbai,Maharashtra,West Coast (Arabian Sea),19.076,72.8777,3.0,2005 Historic 944mm Mithi Deluge,2005-07-21T09:00,0.9,1005.9,14.4,33.1,0.382,0.376,0.297
mumbai_mithi,Mumbai,Maharashtra,West Coast (Arabian Sea),19.076,72.8777,3.0,2005 Historic 944mm Mithi Deluge,2005-07-21T10:00,1.3,1004.7,12.4,31.7,0.387,0.376,0.298
mumbai_mithi,Mumbai,Maharashtra,West Coast (Arabian Sea),19.076,72.8777,3.0,2005 Historic 944mm Mithi Deluge,2005-07-21T11:00,0.6,1004.3,12.6,32.0,0.371,0.379,0.298
mumbai_mithi,Mumbai,Maharashtra,West Coast (Arabian Sea),19.076,72.8777,3.0,2005 Historic 944mm Mithi Deluge,2005-07-21T12:00,0.2,1004.6,13.1,32.4,0.367,0.375,0.3
mumbai_mithi,Mumbai,Maharashtra,West Coast (Arabian Sea),19.076,72.8777,3.0,2005 Historic 944mm Mithi Deluge,2005-07-21T13:00,0.3,1004.7,12.6,31.7,0.366,0.373,0.301
mumbai_mithi,Mumbai,Maharashtra,West Coast (Arabian Sea),19.076,72.8777,3.0,2005 Historic 944mm Mithi Deluge,2005-07-21T14:00,0.4,1005.2,12.8,29.5,0.366,0.371,0.302
mumbai_mithi,Mumbai,Maharashtra,West Coast (Arabian Sea),19.076,72.8777,3.0,2005 Historic 944mm Mithi Deluge,2005-07-21T15:00,0.2,1006.1,12.6,29.2,0.364,0.369,0.302
mumbai_mithi,Mumbai,Maharashtra,West Coast (Arabian Sea),19.076,72.8777,3.0,2005 Historic 944mm Mithi Deluge,2005-07-21T16:00,0.4,1006.5,13.7,29.9,0.363,0.368,0.303
mumbai_mithi,Mumbai,Maharashtra,West Coast (Arabian Sea),19.076,72.8777,3.0,2005 Historic 944mm Mithi Deluge,2005-07-21T17:00,0.3,1006.8,13.4,29.2,0.361,0.366,0.303
mumbai_mithi,Mumbai,Maharashtra,West Coast (Arabian Sea),19.076,72.8777,3.0,2005 Historic 944mm Mithi Deluge,2005-07-21T18:00,0.4,1006.7,12.2,27.7,0.364,0.365,0.304
mumbai_mithi,Mumbai,Maharashtra,West Coast (Arabian Sea),19.076,72.8777,3.0,2005 Historic 944mm Mithi Deluge,2005-07-21T19:00,0.3,1006.4,12.5,26.3,0.365,0.364,0.304
mumbai_mithi,Mumbai,Maharashtra,West Coast (Arabian Sea),19.076,72.8777,3.0,2005 Historic 944mm Mithi Deluge,2005-07-21T20:00,0.4,1005.8,13.2,25.9,0.365,0.363,0.305
mumbai_mithi,Mumbai,Maharashtra,West Coast (Arabian Sea),19.076,72.8777,3.0,2005 Historic 944mm Mithi Deluge,2005-07-21T21:00,0.5,1005.3,14.9,28.4,0.366,0.363,0.305
mumbai_mithi,Mumbai,Maharashtra,West Coast (Arabian Sea),19.076,72.8777,3.0,2005 Historic 944mm Mithi Deluge,2005-07-21T22:00,0.5,1004.2,12.1,28.4,0.366,0.362,0.305
mumbai_mithi,Mumbai,Maharashtra,West Coast (Arabian Sea),19.076,72.8777,3.0,2005 Historic 944mm Mithi Deluge,2005-07-21T23:00,0.3,1004.5,10.6,27.0,0.364,0.362,0.306
mumbai_mithi,Mumbai,Maharashtra,West Coast (Arabian Sea),19.076,72.8777,3.0,2005 Historic 944mm Mithi Deluge,2005-07-22T00:00,0.3,1004.6,9.8,25.6,0.363,0.361,0.306
mumbai_mithi,Mumbai,Maharashtra,West Coast (Arabian Sea),19.076,72.8777,3.0,2005 Historic 944mm Mithi Deluge,2005-07-22T01:00,0.2,1004.8,10.3,22.7,0.361,0.361,0.306
mumbai_mithi,Mumbai,Maharashtra,West Coast (Arabian Sea),19.076,72.8777,3.0,2005 Historic 944mm Mithi Deluge,2005-07-22T02:00,0.2,1005.0,11.3,23.4,0.36,0.36,0.307
mumbai_mithi,Mumbai,Maharashtra,West Coast (Arabian Sea),19.076,72.8777,3.0,2005 Historic 944mm Mithi Deluge,2005-07-22T03:00,0.2,1005.4,11.8,28.8,0.36,0.359,0.307
mumbai_mithi,Mumbai,Maharashtra,West Coast (Arabian Sea),19.076,72.8777,3.0,2005 Historic 944mm Mithi Deluge,2005-07-22T04:00,0.2,1006.1,12.3,29.9,0.359,0.359,0.307
mumbai_mithi,Mumbai,Maharashtra,West Coast (Arabian Sea),19.076,72.8777,3.0,2005 Historic 944mm Mithi Deluge,2005-07-22T05:00,0.3,1006.3,14.7,29.9,0.359,0.358,0.308
mumbai_mithi,Mumbai,Maharashtra,West Coast (Arabian Sea),19.076,72.8777,3.0,2005 Historic 944mm Mithi Deluge,2005-07-22T06:00,0.3,1006.4,14.0,31.3,0.358,0.357,0.308
mumbai_mithi,Mumbai,Maharashtra,West Coast (Arabian Sea),19.076,72.8777,3.0,2005 Historic 944mm Mithi Deluge,2005-07-22T07:00,0.2,1006.0,14.4,30.2,0.358,0.357,0.308
mumbai_mithi,Mumbai,Maharashtra,West Coast (Arabian Sea),19.076,72.8777,3.0,2005 Historic 944mm Mithi Deluge,2005-07-22T08:00,0.4,1005.3,14.4,31.3,0.356,0.356,0.308
mumbai_mithi,Mumbai,Maharashtra,West Coast (Arabian Sea),19.076,72.8777,3.0,2005 Historic 944mm Mithi Deluge,2005-07-22T09:00,0.3,1004.9,16.1,30.2,0.353,0.355,0.308
mumbai_mithi,Mumbai,Maharashtra,West Coast (Arabian Sea),19.076,72.8777,3.0,2005 Historic 944mm Mithi Deluge,2005-07-22T10:00,0.3,1003.7,15.7,33.1,0.352,0.354,0.308
mumbai_mithi,Mumbai,Maharashtra,West Coast (Arabian Sea),19.076,72.8777,3.0,2005 Historic 944mm Mithi Deluge,2005-07-22T11:00,0.4,1003.3,15.8,31.0,0.355,0.353,0.308
mumbai_mithi,Mumbai,Maharashtra,West Coast (Arabian Sea),19.076,72.8777,3.0,2005 Historic 944mm Mithi Deluge,2005-07-22T12:00,0.6,1003.2,14.7,30.6,0.356,0.353,0.309
mumbai_mithi,Mumbai,Maharashtra,West Coast (Arabian Sea),19.076,72.8777,3.0,2005 Historic 944mm Mithi Deluge,2005-07-22T13:00,0.3,1003.5,14.0,30.2,0.356,0.353,0.309
mumbai_mithi,Mumbai,Maharashtra,West Coast (Arabian Sea),19.076,72.8777,3.0,2005 Historic 944mm Mithi Deluge,2005-07-22T14:00,0.3,1004.1,13.7,31.0,0.355,0.353,0.309
mumbai_mithi,Mumbai,Maharashtra,West Coast (Arabian Sea),19.076,72.8777,3.0,2005 Historic 944mm Mithi Deluge,2005-07-22T15:00,0.3,1004.5,13.9,28.8,0.354,0.352,0.309
mumbai_mithi,Mumbai,Maharashtra,West Coast (Arabian Sea),19.076,72.8777,3.0,2005 Historic 944mm Mithi Deluge,2005-07-22T16:00,0.3,1005.1,13.7,26.6,0.355,0.352,0.309
mumbai_mithi,Mumbai,Maharashtra,West Coast (Arabian Sea),19.076,72.8777,3.0,2005 Historic 944mm Mithi Deluge,2005-07-22T17:00,0.2,1005.5,11.3,25.6,0.354,0.352,0.309
mumbai_mithi,Mumbai,Maharashtra,West Coast (Arabian Sea),19.076,72.8777,3.0,2005 Historic 944mm Mithi Deluge,2005-07-22T18:00,0.2,1005.5,13.8,26.3,0.353,0.351,0.309
mumbai_mithi,Mumbai,Maharashtra,West Coast (Arabian Sea),19.076,72.8777,3.0,2005 Historic 944mm Mithi Deluge,2005-07-22T19:00,0.5,1004.9,14.6,26.6,0.354,0.351,0.31
mumbai_mithi,Mumbai,Maharashtra,West Coast (Arabian Sea),19.076,72.8777,3.0,2005 Historic 944mm Mithi Deluge,2005-07-22T20:00,0.3,1004.3,14.3,28.1,0.353,0.351,0.31
mumbai_mithi,Mumbai,Maharashtra,West Coast (Arabian Sea),19.076,72.8777,3.0,2005 Historic 944mm Mithi Deluge,2005-07-22T21:00,0.3,1003.8,15.0,28.1,0.353,0.351,0.31
mumbai_mithi,Mumbai,Maharashtra,West Coast (Arabian Sea),19.076,72.8777,3.0,2005 Historic 944mm Mithi Deluge,2005-07-22T22:00,0.5,1003.5,13.5,30.6,0.354,0.35,0.31
mumbai_mithi,Mumbai,Maharashtra,West Coast (Arabian Sea),19.076,72.8777,3.0,2005 Historic 944mm Mithi Deluge,2005-07-22T23:00,0.3,1003.3,14.9,29.2,0.354,0.35,0.31
mumbai_mithi,Mumbai,Maharashtra,West Coast (Arabian Sea),19.076,72.8777,3.0,2005 Historic 944mm Mithi Deluge,2005-07-23T00:00,0.3,1003.2,14.4,30.6,0.354,0.35,0.31
mumbai_mithi,Mumbai,Maharashtra,West Coast (Arabian Sea),19.076,72.8777,3.0,2005 Historic 944mm Mithi Deluge,2005-07-23T01:00,0.7,1003.4,13.4,31.0,0.358,0.35,0.31
mumbai_mithi,Mumbai,Maharashtra,West Coast (Arabian Sea),19.076,72.8777,3.0,2005 Historic 944mm Mithi Deluge,2005-07-23T02:00,0.5,1004.0,12.8,30.6,0.358,0.35,0.31
mumbai_mithi,Mumbai,Maharashtra,West Coast (Arabian Sea),19.076,72.8777,3.0,2005 Historic 944mm Mithi Deluge,2005-07-23T03:00,0.3,1004.6,14.7,28.4,0.357,0.35,0.31
mumbai_mithi,Mumbai,Maharashtra,West Coast (Arabian Sea),19.076,72.8777,3.0,2005 Historic 944mm Mithi Deluge,2005-07-23T04:00,0.3,1005.2,16.4,34.2,0.357,0.351,0.31
mumbai_mithi,Mumbai,Maharashtra,West Coast (Arabian Sea),19.076,72.8777,3.0,2005 Historic 944mm Mithi Deluge,2005-07-23T05:00,0.2,1005.2,16.9,36.0,0.354,0.35,0.311
mumbai_mithi,Mumbai,Maharashtra,West Coast (Arabian Sea),19.076,72.8777,3.0,2005 Historic 944mm Mithi Deluge,2005-07-23T06:00,0.0,1005.5,15.8,36.4,0.351,0.35,0.311
mumbai_mithi,Mumbai,Maharashtra,West Coast (Arabian Sea),19.076,72.8777,3.0,2005 Historic 944mm Mithi Deluge,2005-07-23T07:00,0.1,1004.6,15.3,32.0,0.351,0.349,0.311
mumbai_mithi,Mumbai,Maharashtra,West Coast (Arabian Sea),19.076,72.8777,3.0,2005 Historic 944mm Mithi Deluge,2005-07-23T08:00,0.5,1004.2,15.8,34.6,0.352,0.349,0.311
mumbai_mithi,Mumbai,Maharashtra,West Coast (Arabian Sea),19.076,72.8777,3.0,2005 Historic 944mm Mithi Deluge,2005-07-23T09:00,0.4,1003.9,16.9,35.6,0.352,0.348,0.311
mumbai_mithi,Mumbai,Maharashtra,West Coast (Arabian Sea),19.076,72.8777,3.0,2005 Historic 944mm Mithi Deluge,2005-07-23T10:00,0.3,1003.2,13.4,35.6,0.35,0.348,0.311
mumbai_mithi,Mumbai,Maharashtra,West Coast (Arabian Sea),19.076,72.8777,3.0,2005 Historic 944mm Mithi Deluge,2005-07-23T11:00,0.7,1003.0,15.8,34.6,0.359,0.348,0.311
mumbai_mithi,Mumbai,Maharashtra,West Coast (Arabian Sea),19.076,72.8777,3.0,2005 Historic 944mm Mithi Deluge,2005-07-23T12:00,0.6,1003.1,16.6,34.9,0.359,0.349,0.311
mumbai_mithi,Mumbai,Maharashtra,West Coast (Arabian Sea),19.076,72.8777,3.0,2005 Historic 944mm Mithi Deluge,2005-07-23T13:00,0.5,1003.3,16.8,33.8,0.358,0.349,0.311
mumbai_mithi,Mumbai,Maharashtra,West Coast (Arabian Sea),19.076,72.8777,3.0,2005 Historic 944mm Mithi Deluge,2005-07-23T14:00,0.6,1003.8,16.6,32.4,0.362,0.35,0.311
mumbai_mithi,Mumbai,Maharashtra,West Coast (Arabian Sea),19.076,72.8777,3.0,2005 Historic 944mm Mithi Deluge,2005-07-23T15:00,0.4,1004.4,16.0,31.7,0.361,0.351,0.311
mumbai_mithi,Mumbai,Maharashtra,West Coast (Arabian Sea),19.076,72.8777,3.0,2005 Historic 944mm Mithi Deluge,2005-07-23T16:00,0.3,1004.9,15.6,32.0,0.36,0.351,0.311
mumbai_mithi,Mumbai,Maharashtra,West Coast (Arabian Sea),19.076,72.8777,3.0,2005 Historic 944mm Mithi Deluge,2005-07-23T17:00,0.5,1005.4,16.2,31.7,0.361,0.352,0.311
mumbai_mithi,Mumbai,Maharashtra,West Coast (Arabian Sea),19.076,72.8777,3.0,2005 Historic 944mm Mithi Deluge,2005-07-23T18:00,0.5,1005.2,16.6,29.9,0.361,0.352,0.312
mumbai_mithi,Mumbai,Maharashtra,West Coast (Arabian Sea),19.076,72.8777,3.0,2005 Historic 944mm Mithi Deluge,2005-07-23T19:00,0.3,1004.8,18.9,34.6,0.361,0.352,0.312
mumbai_mithi,Mumbai,Maharashtra,West Coast (Arabian Sea),19.076,72.8777,3.0,2005 Historic 944mm Mithi Deluge,2005-07-23T20:00,0.5,1004.3,17.6,35.6,0.364,0.353,0.312
mumbai_mithi,Mumbai,Maharashtra,West Coast (Arabian Sea),19.076,72.8777,3.0,2005 Historic 944mm Mithi Deluge,2005-07-23T21:00,0.5,1004.2,17.1,34.9,0.363,0.354,0.312
mumbai_mithi,Mumbai,Maharashtra,West Coast (Arabian Sea),19.076,72.8777,3.0,2005 Historic 944mm Mithi Deluge,2005-07-23T22:00,0.5,1003.5,14.7,32.4,0.363,0.354,0.312
mumbai_mithi,Mumbai,Maharashtra,West Coast (Arabian Sea),19.076,72.8777,3.0,2005 Historic 944mm Mithi Deluge,2005-07-23T23:00,0.3,1003.4,14.7,31.3,0.361,0.354,0.312
mumbai_mithi,Mumbai,Maharashtra,West Coast (Arabian Sea),19.076,72.8777,3.0,2005 Historic 944mm Mithi Deluge,2005-07-24T00:00,0.4,1003.7,13.7,27.0,0.362,0.354,0.313
mumbai_mithi,Mumbai,Maharashtra,West Coast (Arabian Sea),19.076,72.8777,3.0,2005 Historic 944mm Mithi Deluge,2005-07-24T01:00,0.3,1003.7,13.7,28.8,0.36,0.354,0.313
mumbai_mithi,Mumbai,Maharashtra,West Coast (Arabian Sea),19.076,72.8777,3.0,2005 Historic 944mm Mithi Deluge,2005-07-24T02:00,0.3,1004.0,14.3,29.9,0.358,0.354,0.313
mumbai_mithi,Mumbai,Maharashtra,West Coast (Arabian Sea),19.076,72.8777,3.0,2005 Historic 944mm Mithi Deluge,2005-07-24T03:00,0.3,1004.7,15.8,32.0,0.358,0.354,0.313
mumbai_mithi,Mumbai,Maharashtra,West Coast (Arabian Sea),19.076,72.8777,3.0,2005 Historic 944mm Mithi Deluge,2005-07-24T04:00,0.4,1005.4,16.8,31.3,0.359,0.354,0.314
mumbai_mithi,Mumbai,Maharashtra,West Coast (Arabian Sea),19.076,72.8777,3.0,2005 Historic 944mm Mithi Deluge,2005-07-24T05:00,0.3,1005.6,15.5,32.8,0.357,0.354,0.314
mumbai_mithi,Mumbai,Maharashtra,West Coast (Arabian Sea),19.076,72.8777,3.0,2005 Historic 944mm Mithi Deluge,2005-07-24T06:00,0.3,1005.5,15.0,33.8,0.357,0.353,0.314
mumbai_mithi,Mumbai,Maharashtra,West Coast (Arabian Sea),19.076,72.8777,3.0,2005 Historic 944mm Mithi Deluge,2005-07-24T07:00,0.4,1005.3,15.0,34.6,0.361,0.353,0.314
mumbai_mithi,Mumbai,Maharashtra,West Coast (Arabian Sea),19.076,72.8777,3.0,2005 Historic 944mm Mithi Deluge,2005-07-24T08:00,0.8,1004.8,15.3,36.7,0.361,0.354,0.314
mumbai_mithi,Mumbai,Maharashtra,West Coast (Arabian Sea),19.076,72.8777,3.0,2005 Historic 944mm Mithi Deluge,2005-07-24T09:00,0.7,1004.3,17.0,35.6,0.362,0.354,0.314
mumbai_mithi,Mumbai,Maharashtra,West Coast (Arabian Sea),19.076,72.8777,3.0,2005 Historic 944mm Mithi Deluge,2005-07-24T10:00,0.6,1003.0,18.1,37.8,0.362,0.354,0.315
mumbai_mithi,Mumbai,Maharashtra,West Coast (Arabian Sea),19.076,72.8777,3.0,2005 Historic 944mm Mithi Deluge,2005-07-24T11:00,0.4,1002.4,17.7,37.4,0.361,0.354,0.315
mumbai_mithi,Mumbai,Maharashtra,West Coast (Arabian Sea),19.076,72.8777,3.0,2005 Historic 944mm Mithi Deluge,2005-07-24T12:00,0.9,1002.5,17.5,37.1,0.364,0.355,0.315
mumbai_mithi,Mumbai,Maharashtra,West Coast (Arabian Sea),19.076,72.8777,3.0,2005 Historic 944mm Mithi Deluge,2005-07-24T13:00,0.6,1002.4,18.1,36.7,0.368,0.355,0.315
mumbai_mithi,Mumbai,Maharashtra,West Coast (Arabian Sea),19.076,72.8777,3.0,2005 Historic 944mm Mithi Deluge,2005-07-24T14:00,0.6,1002.8,15.8,36.4,0.366,0.357,0.315
mumbai_mithi,Mumbai,Maharashtra,West Coast (Arabian Sea),19.076,72.8777,3.0,2005 Historic 944mm Mithi Deluge,2005-07-24T15:00,0.5,1003.6,14.2,33.8,0.365,0.357,0.316
mumbai_mithi,Mumbai,Maharashtra,West Coast (Arabian Sea),19.076,72.8777,3.0,2005 Historic 944mm Mithi Deluge,2005-07-24T16:00,0.7,1004.0,17.1,32.0,0.365,0.357,0.316
mumbai_mithi,Mumbai,Maharashtra,West Coast (Arabian Sea),19.076,72.8777,3.0,2005 Historic 944mm Mithi Deluge,2005-07-24T17:00,0.6,1004.7,17.9,32.4,0.366,0.357,0.316
mumbai_mithi,Mumbai,Maharashtra,West Coast (Arabian Sea),19.076,72.8777,3.0,2005 Historic 944mm Mithi Deluge,2005-07-24T18:00,0.6,1004.5,17.8,31.3,0.367,0.358,0.317
mumbai_mithi,Mumbai,Maharashtra,West Coast (Arabian Sea),19.076,72.8777,3.0,2005 Historic 944mm Mithi Deluge,2005-07-24T19:00,0.5,1004.3,18.5,33.8,0.368,0.359,0.317
mumbai_mithi,Mumbai,Maharashtra,West Coast (Arabian Sea),19.076,72.8777,3.0,2005 Historic 944mm Mithi Deluge,2005-07-24T20:00,0.9,1003.9,19.2,36.0,0.371,0.359,0.317
mumbai_mithi,Mumbai,Maharashtra,West Coast (Arabian Sea),19.076,72.8777,3.0,2005 Historic 944mm Mithi Deluge,2005-07-24T21:00,1.0,1003.5,19.5,36.4,0.365,0.362,0.318
mumbai_mithi,Mumbai,Maharashtra,West Coast (Arabian Sea),19.076,72.8777,3.0,2005 Historic 944mm Mithi Deluge,2005-07-24T22:00,0.8,1002.9,17.0,35.6,0.359,0.358,0.32
mumbai_mithi,Mumbai,Maharashtra,West Coast (Arabian Sea),19.076,72.8777,3.0,2005 Historic 944mm Mithi Deluge,2005-07-24T23:00,1.0,1002.8,17.5,39.6,0.369,0.359,0.32
mumbai_mithi,Mumbai,Maharashtra,West Coast (Arabian Sea),19.076,72.8777,3.0,2005 Historic 944mm Mithi Deluge,2005-07-25T00:00,1.0,1002.8,15.8,37.4,0.374,0.36,0.321
mumbai_mithi,Mumbai,Maharashtra,West Coast (Arabian Sea),19.076,72.8777,3.0,2005 Historic 944mm Mithi Deluge,2005-07-25T01:00,1.3,1003.2,15.2,38.5,0.378,0.362,0.321
mumbai_mithi,Mumbai,Maharashtra,West Coast (Arabian Sea),19.076,72.8777,3.0,2005 Historic 944mm Mithi Deluge,2005-07-25T02:00,1.3,1003.5,14.7,36.0,0.37,0.367,0.321
mumbai_mithi,Mumbai,Maharashtra,West Coast (Arabian Sea),19.076,72.8777,3.0,2005 Historic 944mm Mithi Deluge,2005-07-25T03:00,1.1,1003.9,17.3,39.6,0.364,0.364,0.324
mumbai_mithi,Mumbai,Maharashtra,West Coast (Arabian Sea),19.076,72.8777,3.0,2005 Historic 944mm Mithi Deluge,2005-07-25T04:00,1.0,1004.0,17.9,38.9,0.373,0.365,0.324
mumbai_mithi,Mumbai,Maharashtra,West Coast (Arabian Sea),19.076,72.8777,3.0,2005 Historic 944mm Mithi Deluge,2005-07-25T05:00,1.0,1004.0,18.7,39.2,0.376,0.366,0.324
mumbai_mithi,Mumbai,Maharashtra,West Coast (Arabian Sea),19.076,72.8777,3.0,2005 Historic 944mm Mithi Deluge,2005-07-25T06:00,0.7,1003.9,20.6,38.9,0.376,0.366,0.325
mumbai_mithi,Mumbai,Maharashtra,West Coast (Arabian Sea),19.076,72.8777,3.0,2005 Historic 944mm Mithi Deluge,2005-07-25T07:00,0.8,1003.6,17.7,38.5,0.374,0.367,0.325
mumbai_mithi,Mumbai,Maharashtra,West Coast (Arabian Sea),19.076,72.8777,3.0,2005 Historic 944mm Mithi Deluge,2005-07-25T08:00,1.2,1003.5,17.7,34.2,0.379,0.368,0.325
mumbai_mithi,Mumbai,Maharashtra,West Coast (Arabian Sea),19.076,72.8777,3.0,2005 Historic 944mm Mithi Deluge,2005-07-25T09:00,1.1,1002.8,17.7,37.1,0.372,0.371,0.326
mumbai_mithi,Mumbai,Maharashtra,West Coast (Arabian Sea),19.076,72.8777,3.0,2005 Historic 944mm Mithi Deluge,2005-07-25T10:00,1.3,1002.4,17.6,37.4,0.366,0.368,0.328
mumbai_mithi,Mumbai,Maharashtra,West Coast (Arabian Sea),19.076,72.8777,3.0,2005 Historic 944mm Mithi Deluge,2005-07-25T11:00,1.3,1002.0,17.0,38.2,0.369,0.368,0.329
mumbai_mithi,Mumbai,Maharashtra,West Coast (Arabian Sea),19.076,72.8777,3.0,2005 Historic 944mm Mithi Deluge,2005-07-25T12:00,1.2,1001.7,19.1,37.8,0.374,0.368,0.329
mumbai_mithi,Mumbai,Maharashtra,West Coast (Arabian Sea),19.076,72.8777,3.0,2005 Historic 944mm Mithi Deluge,2005-07-25T13:00,1.3,1001.5,23.0,39.6,0.378,0.368,0.329
mumbai_mithi,Mumbai,Maharashtra,West Coast (Arabian Sea),19.076,72.8777,3.0,2005 Historic 944mm Mithi Deluge,2005-07-25T14:00,1.3,1001.8,21.0,40.3,0.381,0.369,0.329
mumbai_mithi,Mumbai,Maharashtra,West Coast (Arabian Sea),19.076,72.8777,3.0,2005 Historic 944mm Mithi Deluge,2005-07-25T15:00,1.2,1002.5,21.7,39.2,0.383,0.371,0.33
mumbai_mithi,Mumbai,Maharashtra,West Coast (Arabian Sea),19.076,72.8777,3.0,2005 Historic 944mm Mithi Deluge,2005-07-25T16:00,1.4,1002.8,21.2,38.5,0.382,0.373,0.33
mumbai_mithi,Mumbai,Maharashtra,West Coast (Arabian Sea),19.076,72.8777,3.0,2005 Historic 944mm Mithi Deluge,2005-07-25T17:00,1.7,1003.2,20.5,40.3,0.386,0.375,0.331
mumbai_mithi,Mumbai,Maharashtra,West Coast (Arabian Sea),19.076,72.8777,3.0,2005 Historic 944mm Mithi Deluge,2005-07-25T18:00,1.3,1003.1,20.2,40.3,0.378,0.377,0.331
mumbai_mithi,Mumbai,Maharashtra,West Coast (Arabian Sea),19.076,72.8777,3.0,2005 Historic 944mm Mithi Deluge,2005-07-25T19:00,1.0,1002.5,20.5,38.9,0.369,0.374,0.334
mumbai_mithi,Mumbai,Maharashtra,West Coast (Arabian Sea),19.076,72.8777,3.0,2005 Historic 944mm Mithi Deluge,2005-07-25T20:00,0.8,1002.3,18.0,41.0,0.37,0.367,0.334
mumbai_mithi,Mumbai,Maharashtra,West Coast (Arabian Sea),19.076,72.8777,3.0,2005 Historic 944mm Mithi Deluge,2005-07-25T21:00,0.8,1001.6,18.8,41.0,0.375,0.366,0.334
mumbai_mithi,Mumbai,Maharashtra,West Coast (Arabian Sea),19.076,72.8777,3.0,2005 Historic 944mm Mithi Deluge,2005-07-25T22:00,1.2,1001.3,19.3,40.7,0.38,0.366,0.334
mumbai_mithi,Mumbai,Maharashtra,West Coast (Arabian Sea),19.076,72.8777,3.0,2005 Historic 944mm Mithi Deluge,2005-07-25T23:00,1.6,1001.1,17.1,38.5,0.384,0.367,0.334
mumbai_mithi,Mumbai,Maharashtra,West Coast (Arabian Sea),19.076,72.8777,3.0,2005 Historic 944mm Mithi Deluge,2005-07-26T00:00,1.8,1001.3,17.4,39.2,0.376,0.373,0.335
mumbai_mithi,Mumbai,Maharashtra,West Coast (Arabian Sea),19.076,72.8777,3.0,2005 Historic 944mm Mithi Deluge,2005-07-26T01:00,2.4,1001.7,18.7,40.7,0.388,0.374,0.335
mumbai_mithi,Mumbai,Maharashtra,West Coast (Arabian Sea),19.076,72.8777,3.0,2005 Historic 944mm Mithi Deluge,2005-07-26T02:00,2.4,1001.8,17.8,40.3,0.392,0.376,0.336
mumbai_mithi,Mumbai,Maharashtra,West Coast (Arabian Sea),19.076,72.8777,3.0,2005 Historic 944mm Mithi Deluge,2005-07-26T03:00,2.4,1002.2,16.6,39.2,0.386,0.383,0.337
mumbai_mithi,Mumbai,Maharashtra,West Coast (Arabian Sea),19.076,72.8777,3.0,2005 Historic 944mm Mithi Deluge,2005-07-26T04:00,2.3,1002.8,16.6,39.2,0.381,0.381,0.339
mumbai_mithi,Mumbai,Maharashtra,West Coast (Arabian Sea),19.076,72.8777,3.0,2005 Historic 944mm Mithi Deluge,2005-07-26T05:00,2.5,1002.9,18.4,37.1,0.395,0.377,0.339
mumbai_mithi,Mumbai,Maharashtra,West Coast (Arabian Sea),19.076,72.8777,3.0,2005 Historic 944mm Mithi Deluge,2005-07-26T06:00,3.2,1002.6,19.7,38.9,0.402,0.382,0.34
mumbai_mithi,Mumbai,Maharashtra,West Coast (Arabian Sea),19.076,72.8777,3.0,2005 Historic 944mm Mithi Deluge,2005-07-26T07:00,2.8,1002.4,20.8,41.0,0.391,0.39,0.341
mumbai_mithi,Mumbai,Maharashtra,West Coast (Arabian Sea),19.076,72.8777,3.0,2005 Historic 944mm Mithi Deluge,2005-07-26T08:00,2.8,1001.6,23.0,42.1,0.401,0.391,0.342
mumbai_mithi,Mumbai,Maharashtra,West Coast (Arabian Sea),19.076,72.8777,3.0,2005 Historic 944mm Mithi Deluge,2005-07-26T09:00,4.4,1001.2,26.4,45.4,0.393,0.394,0.344
mumbai_mithi,Mumbai,Maharashtra,West Coast (Arabian Sea),19.076,72.8777,3.0,2005 Historic 944mm Mithi Deluge,2005-07-26T10:00,5.0,1000.9,27.8,47.2,0.391,0.393,0.346
mumbai_mithi,Mumbai,Maharashtra,West Coast (Arabian Sea),19.076,72.8777,3.0,2005 Historic 944mm Mithi Deluge,2005-07-26T11:00,5.0,1000.2,27.8,47.5,0.398,0.388,0.347
mumbai_mithi,Mumbai,Maharashtra,West Coast (Arabian Sea),19.076,72.8777,3.0,2005 Historic 944mm Mithi Deluge,2005-07-26T12:00,4.1,1000.6,26.8,45.4,0.403,0.388,0.349
mumbai_mithi,Mumbai,Maharashtra,West Coast (Arabian Sea),19.076,72.8777,3.0,2005 Historic 944mm Mithi Deluge,2005-07-26T13:00,4.5,1000.9,27.2,45.0,0.397,0.395,0.351
mumbai_mithi,Mumbai,Maharashtra,West Coast (Arabian Sea),19.076,72.8777,3.0,2005 Historic 944mm Mithi Deluge,2005-07-26T14:00,4.3,1000.9,25.9,46.4,0.404,0.395,0.353
mumbai_mithi,Mumbai,Maharashtra,West Coast (Arabian Sea),19.076,72.8777,3.0,2005 Historic 944mm Mithi Deluge,2005-07-26T15:00,3.9,1001.6,23.9,46.8,0.398,0.399,0.355
mumbai_mithi,Mumbai,Maharashtra,West Coast (Arabian Sea),19.076,72.8777,3.0,2005 Historic 944mm Mithi Deluge,2005-07-26T16:00,4.1,1002.0,22.4,45.7,0.391,0.396,0.358
mumbai_mithi,Mumbai,Maharashtra,West Coast (Arabian Sea),19.076,72.8777,3.0,2005 Historic 944mm Mithi Deluge,2005-07-26T17:00,3.5,1002.3,22.7,42.5,0.398,0.39,0.36
mumbai_mithi,Mumbai,Maharashtra,West Coast (Arabian Sea),19.076,72.8777,3.0,2005 Historic 944mm Mithi Deluge,2005-07-26T18:00,2.8,1002.0,23.8,42.5,0.399,0.389,0.361
mumbai_mithi,Mumbai,Maharashtra,West Coast (Arabian Sea),19.076,72.8777,3.0,2005 Historic 944mm Mithi Deluge,2005-07-26T19:00,1.0,1001.4,22.1,44.3,0.381,0.391,0.363
mumbai_mithi,Mumbai,Maharashtra,West Coast (Arabian Sea),19.076,72.8777,3.0,2005 Historic 944mm Mithi Deluge,2005-07-26T20:00,1.5,1000.9,23.1,43.6,0.384,0.388,0.364
mumbai_mithi,Mumbai,Maharashtra,West Coast (Arabian Sea),19.076,72.8777,3.0,2005 Historic 944mm Mithi Deluge,2005-07-26T21:00,1.5,999.8,24.1,44.6,0.388,0.386,0.365
mumbai_mithi,Mumbai,Maharashtra,West Coast (Arabian Sea),19.076,72.8777,3.0,2005 Historic 944mm Mithi Deluge,2005-07-26T22:00,1.5,1000.1,23.4,46.4,0.389,0.385,0.366
mumbai_mithi,Mumbai,Maharashtra,West Coast (Arabian Sea),19.076,72.8777,3.0,2005 Historic 944mm Mithi Deluge,2005-07-26T23:00,2.1,999.7,21.6,44.6,0.391,0.386,0.367
mumbai_mithi,Mumbai,Maharashtra,West Coast (Arabian Sea),19.076,72.8777,3.0,2005 Historic 944mm Mithi Deluge,2005-07-27T00:00,3.8,1000.1,20.6,44.3,0.391,0.39,0.368
mumbai_mithi,Mumbai,Maharashtra,West Coast (Arabian Sea),19.076,72.8777,3.0,2005 Historic 944mm Mithi Deluge,2005-07-27T01:00,3.7,1000.4,19.0,43.2,0.386,0.389,0.37
mumbai_mithi,Mumbai,Maharashtra,West Coast (Arabian Sea),19.076,72.8777,3.0,2005 Historic 944mm Mithi Deluge,2005-07-27T02:00,1.9,1000.7,18.9,41.8,0.397,0.385,0.37
mumbai_mithi,Mumbai,Maharashtra,West Coast (Arabian Sea),19.076,72.8777,3.0,2005 Historic 944mm Mithi Deluge,2005-07-27T03:00,2.2,1001.4,16.6,39.2,0.397,0.387,0.369
mumbai_mithi,Mumbai,Maharashtra,West Coast (Arabian Sea),19.076,72.8777,3.0,2005 Historic 944mm Mithi Deluge,2005-07-27T04:00,2.8,1001.6,15.9,39.2,0.395,0.393,0.368
mumbai_mithi,Mumbai,Maharashtra,West Coast (Arabian Sea),19.076,72.8777,3.0,2005 Historic 944mm Mithi Deluge,2005-07-27T05:00,2.6,1002.0,17.0,41.4,0.396,0.394,0.367
mumbai_mithi,Mumbai,Maharashtra,West Coast (Arabian Sea),19.076,72.8777,3.0,2005 Historic 944mm Mithi Deluge,2005-07-27T06:00,1.5,1001.6,20.2,42.5,0.394,0.394,0.367
mumbai_mithi,Mumbai,Maharashtra,West Coast (Arabian Sea),19.076,72.8777,3.0,2005 Historic 944mm Mithi Deluge,2005-07-27T07:00,2.7,1001.3,22.0,41.0,0.393,0.394,0.368
mumbai_mithi,Mumbai,Maharashtra,West Coast (Arabian Sea),19.076,72.8777,3.0,2005 Historic 944mm Mithi Deluge,2005-07-27T08:00,2.9,1000.8,24.2,43.9,0.387,0.392,0.371
mumbai_mithi,Mumbai,Maharashtra,West Coast (Arabian Sea),19.076,72.8777,3.0,2005 Historic 944mm Mithi Deluge,2005-07-27T09:00,3.3,1000.8,24.8,44.6,0.395,0.392,0.371
mumbai_mithi,Mumbai,Maharashtra,West Coast (Arabian Sea),19.076,72.8777,3.0,2005 Historic 944mm Mithi Deluge,2005-07-27T10:00,3.4,1000.8,22.0,44.6,0.4,0.394,0.372
mumbai_mithi,Mumbai,Maharashtra,West Coast (Arabian Sea),19.076,72.8777,3.0,2005 Historic 944mm Mithi Deluge,2005-07-27T11:00,2.7,1000.7,22.0,42.5,0.395,0.398,0.373
mumbai_mithi,Mumbai,Maharashtra,West Coast (Arabian Sea),19.076,72.8777,3.0,2005 Historic 944mm Mithi Deluge,2005-07-27T12:00,2.7,1001.1,23.5,41.8,0.393,0.396,0.376
mumbai_mithi,Mumbai,Maharashtra,West Coast (Arabian Sea),19.076,72.8777,3.0,2005 Historic 944mm Mithi Deluge,2005-07-27T13:00,2.9,1001.5,22.2,41.4,0.402,0.397,0.377
mumbai_mithi,Mumbai,Maharashtra,West Coast (Arabian Sea),19.076,72.8777,3.0,2005 Historic 944mm Mithi Deluge,2005-07-27T14:00,2.8,1001.7,21.1,41.4,0.398,0.4,0.378
mumbai_mithi,Mumbai,Maharashtra,West Coast (Arabian Sea),19.076,72.8777,3.0,2005 Historic 944mm Mithi Deluge,2005-07-27T15:00,2.4,1002.3,20.3,41.0,0.39,0.397,0.381
mumbai_mithi,Mumbai,Maharashtra,West Coast (Arabian Sea),19.076,72.8777,3.0,2005 Historic 944mm Mithi Deluge,2005-07-27T16:00,2.1,1003.0,19.3,42.8,0.398,0.396,0.382
mumbai_mithi,Mumbai,Maharashtra,West Coast (Arabian Sea),19.076,72.8777,3.0,2005 Historic 944mm Mithi Deluge,2005-07-27T17:00,2.4,1003.3,19.6,43.2,0.402,0.398,0.382
mumbai_mithi,Mumbai,Maharashtra,West Coast (Arabian Sea),19.076,72.8777,3.0,2005 Historic 944mm Mithi Deluge,2005-07-27T18:00,3.0,1003.4,20.2,44.3,0.4,0.4,0.383
mumbai_mithi,Mumbai,Maharashtra,West Coast (Arabian Sea),19.076,72.8777,3.0,2005 Historic 944mm Mithi Deluge,2005-07-27T19:00,2.1,1002.7,21.3,40.3,0.39,0.398,0.386
mumbai_mithi,Mumbai,Maharashtra,West Coast (Arabian Sea),19.076,72.8777,3.0,2005 Historic 944mm Mithi Deluge,2005-07-27T20:00,2.6,1002.2,23.9,41.4,0.4,0.398,0.387
mumbai_mithi,Mumbai,Maharashtra,West Coast (Arabian Sea),19.076,72.8777,3.0,2005 Historic 944mm Mithi Deluge,2005-07-27T21:00,3.1,1001.7,24.9,45.0,0.399,0.4,0.387
mumbai_mithi,Mumbai,Maharashtra,West Coast (Arabian Sea),19.076,72.8777,3.0,2005 Historic 944mm Mithi Deluge,2005-07-27T22:00,4.2,1002.0,24.1,46.1,0.396,0.399,0.39
mumbai_mithi,Mumbai,Maharashtra,West Coast (Arabian Sea),19.076,72.8777,3.0,2005 Historic 944mm Mithi Deluge,2005-07-27T23:00,4.6,1002.0,24.9,47.5,0.405,0.401,0.391
mumbai_mithi,Mumbai,Maharashtra,West Coast (Arabian Sea),19.076,72.8777,3.0,2005 Historic 944mm Mithi Deluge,2005-07-28T00:00,4.6,1002.3,25.1,47.5,0.399,0.404,0.392
mumbai_mithi,Mumbai,Maharashtra,West Coast (Arabian Sea),19.076,72.8777,3.0,2005 Historic 944mm Mithi Deluge,2005-07-28T01:00,4.8,1002.7,24.8,46.8,0.393,0.401,0.394
mumbai_mithi,Mumbai,Maharashtra,West Coast (Arabian Sea),19.076,72.8777,3.0,2005 Historic 944mm Mithi Deluge,2005-07-28T02:00,4.4,1003.2,22.1,50.8,0.402,0.395,0.395
mumbai_mithi,Mumbai,Maharashtra,West Coast (Arabian Sea),19.076,72.8777,3.0,2005 Historic 944mm Mithi Deluge,2005-07-28T03:00,2.1,1004.0,22.5,51.8,0.397,0.393,0.394
mumbai_mithi,Mumbai,Maharashtra,West Coast (Arabian Sea),19.076,72.8777,3.0,2005 Historic 944mm Mithi Deluge,2005-07-28T04:00,1.2,1004.2,23.3,49.3,0.379,0.395,0.392
mumbai_mithi,Mumbai,Maharashtra,West Coast (Arabian Sea),19.076,72.8777,3.0,2005 Historic 944mm Mithi Deluge,2005-07-28T05:00,0.9,1004.2,22.8,49.0,0.376,0.392,0.39
mumbai_mithi,Mumbai,Maharashtra,West Coast (Arabian Sea),19.076,72.8777,3.0,2005 Historic 944mm Mithi Deluge,2005-07-28T06:00,0.6,1004.0,21.9,50.4,0.374,0.39,0.388
mumbai_mithi,Mumbai,Maharashtra,West Coast (Arabian Sea),19.076,72.8777,3.0,2005 Historic 944mm Mithi Deluge,2005-07-28T07:00,0.7,1003.6,21.7,45.4,0.374,0.387,0.385
mumbai_mithi,Mumbai,Maharashtra,West Coast (Arabian Sea),19.076,72.8777,3.0,2005 Historic 944mm Mithi Deluge,2005-07-28T08:00,1.1,1003.1,22.4,46.1,0.38,0.385,0.383
mumbai_mithi,Mumbai,Maharashtra,West Coast (Arabian Sea),19.076,72.8777,3.0,2005 Historic 944mm Mithi Deluge,2005-07-28T09:00,1.0,1002.5,22.6,45.0,0.379,0.384,0.382
mumbai_mithi,Mumbai,Maharashtra,West Coast (Arabian Sea),19.076,72.8777,3.0,2005 Historic 944mm Mithi Deluge,2005-07-28T10:00,0.8,1002.3,23.0,45.0,0.38,0.382,0.381
mumbai_mithi,Mumbai,Maharashtra,West Coast (Arabian Sea),19.076,72.8777,3.0,2005 Historic 944mm Mithi Deluge,2005-07-28T11:00,0.7,1001.9,24.1,43.2,0.377,0.381,0.381
mumbai_mithi,Mumbai,Maharashtra,West Coast (Arabian Sea),19.076,72.8777,3.0,2005 Historic 944mm Mithi Deluge,2005-07-28T12:00,0.6,1002.4,25.4,45.7,0.376,0.38,0.38
mumbai_mithi,Mumbai,Maharashtra,West Coast (Arabian Sea),19.076,72.8777,3.0,2005 Historic 944mm Mithi Deluge,2005-07-28T13:00,0.7,1002.6,24.1,47.2,0.375,0.378,0.38
mumbai_mithi,Mumbai,Maharashtra,West Coast (Arabian Sea),19.076,72.8777,3.0,2005 Historic 944mm Mithi Deluge,2005-07-28T14:00,0.6,1003.0,24.1,44.6,0.377,0.377,0.379
mumbai_mithi,Mumbai,Maharashtra,West Coast (Arabian Sea),19.076,72.8777,3.0,2005 Historic 944mm Mithi Deluge,2005-07-28T15:00,0.9,1003.4,24.5,47.2,0.378,0.376,0.379
mumbai_mithi,Mumbai,Maharashtra,West Coast (Arabian Sea),19.076,72.8777,3.0,2005 Historic 944mm Mithi Deluge,2005-07-28T16:00,0.9,1003.9,22.2,45.0,0.38,0.376,0.378
mumbai_mithi,Mumbai,Maharashtra,West Coast (Arabian Sea),19.076,72.8777,3.0,2005 Historic 944mm Mithi Deluge,2005-07-28T17:00,0.8,1004.2,21.1,42.8,0.378,0.375,0.378
mumbai_mithi,Mumbai,Maharashtra,West Coast (Arabian Sea),19.076,72.8777,3.0,2005 Historic 944mm Mithi Deluge,2005-07-28T18:00,1.0,1004.2,23.4,45.0,0.378,0.374,0.378
mumbai_mithi,Mumbai,Maharashtra,West Coast (Arabian Sea),19.076,72.8777,3.0,2005 Historic 944mm Mithi Deluge,2005-07-28T19:00,1.6,1003.8,23.3,41.4,0.383,0.374,0.378
mumbai_mithi,Mumbai,Maharashtra,West Coast (Arabian Sea),19.076,72.8777,3.0,2005 Historic 944mm Mithi Deluge,2005-07-28T20:00,1.3,1003.1,23.8,43.2,0.375,0.376,0.377
mumbai_mithi,Mumbai,Maharashtra,West Coast (Arabian Sea),19.076,72.8777,3.0,2005 Historic 944mm Mithi Deluge,2005-07-28T21:00,1.2,1002.4,25.0,43.2,0.367,0.371,0.379
mumbai_mithi,Mumbai,Maharashtra,West Coast (Arabian Sea),19.076,72.8777,3.0,2005 Historic 944mm Mithi Deluge,2005-07-28T22:00,1.4,1002.0,25.8,45.0,0.378,0.371,0.379
mumbai_mithi,Mumbai,Maharashtra,West Coast (Arabian Sea),19.076,72.8777,3.0,2005 Historic 944mm Mithi Deluge,2005-07-28T23:00,1.5,1001.6,26.9,47.9,0.387,0.372,0.379
mumbai_mithi,Mumbai,Maharashtra,West Coast (Arabian Sea),19.076,72.8777,3.0,2005 Historic 944mm Mithi Deluge,2005-07-29T00:00,1.6,1002.3,25.6,48.6,0.377,0.377,0.378
mumbai_mithi,Mumbai,Maharashtra,West Coast (Arabian Sea),19.076,72.8777,3.0,2005 Historic 944mm Mithi Deluge,2005-07-29T01:00,1.5,1002.6,23.7,47.2,0.37,0.373,0.38
mumbai_mithi,Mumbai,Maharashtra,West Coast (Arabian Sea),19.076,72.8777,3.0,2005 Historic 944mm Mithi Deluge,2005-07-29T02:00,1.6,1003.1,23.7,46.1,0.379,0.374,0.38
mumbai_mithi,Mumbai,Maharashtra,West Coast (Arabian Sea),19.076,72.8777,3.0,2005 Historic 944mm Mithi Deluge,2005-07-29T03:00,1.5,1003.6,23.8,46.1,0.385,0.374,0.379
mumbai_mithi,Mumbai,Maharashtra,West Coast (Arabian Sea),19.076,72.8777,3.0,2005 Historic 944mm Mithi Deluge,2005-07-29T04:00,1.6,1004.0,22.3,47.9,0.387,0.376,0.379
mumbai_mithi,Mumbai,Maharashtra,West Coast (Arabian Sea),19.076,72.8777,3.0,2005 Historic 944mm Mithi Deluge,2005-07-29T05:00,1.3,1004.1,22.6,45.0,0.377,0.38,0.379
mumbai_mithi,Mumbai,Maharashtra,West Coast (Arabian Sea),19.076,72.8777,3.0,2005 Historic 944mm Mithi Deluge,2005-07-29T06:00,1.6,1003.8,23.1,46.1,0.372,0.376,0.381
mumbai_mithi,Mumbai,Maharashtra,West Coast (Arabian Sea),19.076,72.8777,3.0,2005 Historic 944mm Mithi Deluge,2005-07-29T07:00,1.2,1003.3,24.7,41.0,0.376,0.376,0.381
mumbai_mithi,Mumbai,Maharashtra,West Coast (Arabian Sea),19.076,72.8777,3.0,2005 Historic 944mm Mithi Deluge,2005-07-29T08:00,1.0,1003.1,23.6,42.1,0.378,0.376,0.38
mumbai_mithi,Mumbai,Maharashtra,West Coast (Arabian Sea),19.076,72.8777,3.0,2005 Historic 944mm Mithi Deluge,2005-07-29T09:00,1.1,1002.4,25.7,40.3,0.381,0.376,0.38
mumbai_mithi,Mumbai,Maharashtra,West Coast (Arabian Sea),19.076,72.8777,3.0,2005 Historic 944mm Mithi Deluge,2005-07-29T10:00,1.3,1001.8,23.7,40.0,0.385,0.377,0.38
mumbai_mithi,Mumbai,Maharashtra,West Coast (Arabian Sea),19.076,72.8777,3.0,2005 Historic 944mm Mithi Deluge,2005-07-29T11:00,1.3,1000.7,21.6,43.2,0.378,0.381,0.379
mumbai_mithi,Mumbai,Maharashtra,West Coast (Arabian Sea),19.076,72.8777,3.0,2005 Historic 944mm Mithi Deluge,2005-07-29T12:00,1.3,1000.9,22.3,41.4,0.371,0.377,0.382
mumbai_mithi,Mumbai,Maharashtra,West Coast (Arabian Sea),19.076,72.8777,3.0,2005 Historic 944mm Mithi Deluge,2005-07-29T13:00,1.2,1000.7,24.0,38.9,0.375,0.377,0.381
mumbai_mithi,Mumbai,Maharashtra,West Coast (Arabian Sea),19.076,72.8777,3.0,2005 Historic 944mm Mithi Deluge,2005-07-29T14:00,1.1,1000.7,24.6,38.5,0.377,0.377,0.381
mumbai_mithi,Mumbai,Maharashtra,West Coast (Arabian Sea),19.076,72.8777,3.0,2005 Historic 944mm Mithi Deluge,2005-07-29T15:00,1.0,1001.6,24.7,39.6,0.383,0.377,0.381
mumbai_mithi,Mumbai,Maharashtra,West Coast (Arabian Sea),19.076,72.8777,3.0,2005 Historic 944mm Mithi Deluge,2005-07-29T16:00,1.4,1001.9,25.0,41.0,0.385,0.378,0.38
mumbai_mithi,Mumbai,Maharashtra,West Coast (Arabian Sea),19.076,72.8777,3.0,2005 Historic 944mm Mithi Deluge,2005-07-29T17:00,1.6,1002.4,22.6,41.4,0.382,0.382,0.38
mumbai_mithi,Mumbai,Maharashtra,West Coast (Arabian Sea),19.076,72.8777,3.0,2005 Historic 944mm Mithi Deluge,2005-07-29T18:00,1.5,1002.4,24.0,40.3,0.373,0.379,0.382
mumbai_mithi,Mumbai,Maharashtra,West Coast (Arabian Sea),19.076,72.8777,3.0,2005 Historic 944mm Mithi Deluge,2005-07-29T19:00,1.7,1001.8,25.7,41.0,0.381,0.379,0.382
mumbai_mithi,Mumbai,Maharashtra,West Coast (Arabian Sea),19.076,72.8777,3.0,2005 Historic 944mm Mithi Deluge,2005-07-29T20:00,1.4,1001.3,24.9,41.4,0.385,0.38,0.382
mumbai_mithi,Mumbai,Maharashtra,West Coast (Arabian Sea),19.076,72.8777,3.0,2005 Historic 944mm Mithi Deluge,2005-07-29T21:00,1.8,1001.0,24.1,40.0,0.391,0.382,0.382
mumbai_mithi,Mumbai,Maharashtra,West Coast (Arabian Sea),19.076,72.8777,3.0,2005 Historic 944mm Mithi Deluge,2005-07-29T22:00,2.2,1000.2,21.7,40.7,0.4,0.387,0.381
mumbai_mithi,Mumbai,Maharashtra,West Coast (Arabian Sea),19.076,72.8777,3.0,2005 Historic 944mm Mithi Deluge,2005-07-29T23:00,2.3,1000.4,22.7,39.6,0.404,0.392,0.384
mumbai_mithi,Mumbai,Maharashtra,West Coast (Arabian Sea),19.076,72.8777,3.0,2005 Historic 944mm Mithi Deluge,2005-07-30T00:00,2.5,1000.5,22.7,43.2,0.41,0.401,0.384
mumbai_mithi,Mumbai,Maharashtra,West Coast (Arabian Sea),19.076,72.8777,3.0,2005 Historic 944mm Mithi Deluge,2005-07-30T01:00,1.6,1001.0,20.3,42.8,0.396,0.403,0.388
mumbai_mithi,Mumbai,Maharashtra,West Coast (Arabian Sea),19.076,72.8777,3.0,2005 Historic 944mm Mithi Deluge,2005-07-30T02:00,0.7,1001.4,18.7,38.5,0.388,0.399,0.389
mumbai_mithi,Mumbai,Maharashtra,West Coast (Arabian Sea),19.076,72.8777,3.0,2005 Historic 944mm Mithi Deluge,2005-07-30T03:00,0.7,1002.0,18.2,35.6,0.389,0.396,0.39
mumbai_mithi,Mumbai,Maharashtra,West Coast (Arabian Sea),19.076,72.8777,3.0,2005 Historic 944mm Mithi Deluge,2005-07-30T04:00,0.9,1002.0,20.8,38.5,0.396,0.397,0.39
mumbai_mithi,Mumbai,Maharashtra,West Coast (Arabian Sea),19.076,72.8777,3.0,2005 Historic 944mm Mithi Deluge,2005-07-30T05:00,1.6,1002.7,20.8,42.1,0.39,0.397,0.391
mumbai_mithi,Mumbai,Maharashtra,West Coast (Arabian Sea),19.076,72.8777,3.0,2005 Historic 944mm Mithi Deluge,2005-07-30T06:00,1.5,1002.1,22.1,44.6,0.382,0.394,0.393
mumbai_mithi,Mumbai,Maharashtra,West Coast (Arabian Sea),19.076,72.8777,3.0,2005 Historic 944mm Mithi Deluge,2005-07-30T07:00,4.7,1001.5,24.5,41.4,0.403,0.394,0.393
mumbai_mithi,Mumbai,Maharashtra,West Coast (Arabian Sea),19.076,72.8777,3.0,2005 Historic 944mm Mithi Deluge,2005-07-30T08:00,5.5,1000.7,28.1,44.6,0.4,0.401,0.394
mumbai_mithi,Mumbai,Maharashtra,West Coast (Arabian Sea),19.076,72.8777,3.0,2005 Historic 944mm Mithi Deluge,2005-07-30T09:00,2.4,1001.4,22.4,46.1,0.381,0.398,0.395
mumbai_mithi,Mumbai,Maharashtra,West Coast (Arabian Sea),19.076,72.8777,3.0,2005 Historic 944mm Mithi Deluge,2005-07-30T10:00,0.7,1000.7,21.7,42.1,0.374,0.388,0.395
mumbai_mithi,Mumbai,Maharashtra,West Coast (Arabian Sea),19.076,72.8777,3.0,2005 Historic 944mm Mithi Deluge,2005-07-30T11:00,0.9,1000.0,20.9,41.8,0.376,0.385,0.393
mumbai_mithi,Mumbai,Maharashtra,West Coast (Arabian Sea),19.076,72.8777,3.0,2005 Historic 944mm Mithi Deluge,2005-07-30T12:00,0.9,1000.5,20.6,40.0,0.379,0.383,0.391
mumbai_mithi,Mumbai,Maharashtra,West Coast (Arabian Sea),19.076,72.8777,3.0,2005 Historic 944mm Mithi Deluge,2005-07-30T13:00,1.2,1000.4,22.1,39.6,0.382,0.381,0.388
mumbai_mithi,Mumbai,Maharashtra,West Coast (Arabian Sea),19.076,72.8777,3.0,2005 Historic 944mm Mithi Deluge,2005-07-30T14:00,1.1,1000.9,23.1,38.2,0.383,0.381,0.388
mumbai_mithi,Mumbai,Maharashtra,West Coast (Arabian Sea),19.076,72.8777,3.0,2005 Historic 944mm Mithi Deluge,2005-07-30T15:00,1.6,1001.2,21.0,38.5,0.39,0.382,0.387
mumbai_mithi,Mumbai,Maharashtra,West Coast (Arabian Sea),19.076,72.8777,3.0,2005 Historic 944mm Mithi Deluge,2005-07-30T16:00,1.6,1001.7,20.1,37.8,0.385,0.388,0.387
mumbai_mithi,Mumbai,Maharashtra,West Coast (Arabian Sea),19.076,72.8777,3.0,2005 Historic 944mm Mithi Deluge,2005-07-30T17:00,1.3,1001.7,22.4,37.8,0.388,0.388,0.386
mumbai_mithi,Mumbai,Maharashtra,West Coast (Arabian Sea),19.076,72.8777,3.0,2005 Historic 944mm Mithi Deluge,2005-07-30T18:00,1.4,1001.6,24.4,40.0,0.392,0.388,0.386
mumbai_mithi,Mumbai,Maharashtra,West Coast (Arabian Sea),19.076,72.8777,3.0,2005 Historic 944mm Mithi Deluge,2005-07-30T19:00,0.8,1001.1,23.5,39.6,0.378,0.39,0.386
mumbai_mithi,Mumbai,Maharashtra,West Coast (Arabian Sea),19.076,72.8777,3.0,2005 Historic 944mm Mithi Deluge,2005-07-30T20:00,0.8,1000.7,22.4,38.2,0.369,0.384,0.387
mumbai_mithi,Mumbai,Maharashtra,West Coast (Arabian Sea),19.076,72.8777,3.0,2005 Historic 944mm Mithi Deluge,2005-07-30T21:00,1.2,1000.6,19.7,36.4,0.382,0.383,0.387
mumbai_mithi,Mumbai,Maharashtra,West Coast (Arabian Sea),19.076,72.8777,3.0,2005 Historic 944mm Mithi Deluge,2005-07-30T22:00,1.5,1000.5,18.8,36.0,0.4,0.385,0.387
mumbai_mithi,Mumbai,Maharashtra,West Coast (Arabian Sea),19.076,72.8777,3.0,2005 Historic 944mm Mithi Deluge,2005-07-30T23:00,1.7,1000.3,15.9,36.4,0.4,0.393,0.386
mumbai_mithi,Mumbai,Maharashtra,West Coast (Arabian Sea),19.076,72.8777,3.0,2005 Historic 944mm Mithi Deluge,2005-07-31T00:00,1.4,1000.4,13.3,38.5,0.382,0.391,0.388
mumbai_mithi,Mumbai,Maharashtra,West Coast (Arabian Sea),19.076,72.8777,3.0,2005 Historic 944mm Mithi Deluge,2005-07-31T01:00,1.4,1000.8,12.1,39.2,0.387,0.391,0.388
mumbai_mithi,Mumbai,Maharashtra,West Coast (Arabian Sea),19.076,72.8777,3.0,2005 Historic 944mm Mithi Deluge,2005-07-31T02:00,0.8,1001.2,12.9,37.8,0.39,0.39,0.388
mumbai_mithi,Mumbai,Maharashtra,West Coast (Arabian Sea),19.076,72.8777,3.0,2005 Historic 944mm Mithi Deluge,2005-07-31T03:00,0.7,1002.2,15.9,35.3,0.385,0.39,0.387
mumbai_mithi,Mumbai,Maharashtra,West Coast (Arabian Sea),19.076,72.8777,3.0,2005 Historic 944mm Mithi Deluge,2005-07-31T04:00,0.9,1002.4,17.3,35.6,0.385,0.389,0.387
mumbai_mithi,Mumbai,Maharashtra,West Coast (Arabian Sea),19.076,72.8777,3.0,2005 Historic 944mm Mithi Deluge,2005-07-31T05:00,1.6,1002.4,21.7,38.2,0.39,0.391,0.387
mumbai_mithi,Mumbai,Maharashtra,West Coast (Arabian Sea),19.076,72.8777,3.0,2005 Historic 944mm Mithi Deluge,2005-07-31T06:00,4.5,1002.2,22.9,41.8,0.4,0.392,0.387
mumbai_mithi,Mumbai,Maharashtra,West Coast (Arabian Sea),19.076,72.8777,3.0,2005 Historic 944mm Mithi Deluge,2005-07-31T07:00,3.6,1002.0,25.2,41.0,0.39,0.393,0.389
mumbai_mithi,Mumbai,Maharashtra,West Coast (Arabian Sea),19.076,72.8777,3.0,2005 Historic 944mm Mithi Deluge,2005-07-31T08:00,4.1,1001.9,23.8,43.2,0.402,0.395,0.389
mumbai_mithi,Mumbai,Maharashtra,West Coast (Arabian Sea),19.076,72.8777,3.0,2005 Historic 944mm Mithi Deluge,2005-07-31T09:00,3.5,1001.8,22.3,41.8,0.4,0.4,0.39
mumbai_mithi,Mumbai,Maharashtra,West Coast (Arabian Sea),19.076,72.8777,3.0,2005 Historic 944mm Mithi Deluge,2005-07-31T10:00,2.8,1000.8,19.6,39.2,0.395,0.399,0.392
mumbai_mithi,Mumbai,Maharashtra,West Coast (Arabian Sea),19.076,72.8777,3.0,2005 Historic 944mm Mithi Deluge,2005-07-31T11:00,2.6,1000.9,18.3,40.0,0.402,0.4,0.393
mumbai_mithi,Mumbai,Maharashtra,West Coast (Arabian Sea),19.076,72.8777,3.0,2005 Historic 944mm Mithi Deluge,2005-07-31T12:00,2.0,1000.4,22.0,39.6,0.397,0.401,0.393
mumbai_mithi,Mumbai,Maharashtra,West Coast (Arabian Sea),19.076,72.8777,3.0,2005 Historic 944mm Mithi Deluge,2005-07-31T13:00,2.8,1000.3,20.5,43.6,0.396,0.399,0.396
mumbai_mithi,Mumbai,Maharashtra,West Coast (Arabian Sea),19.076,72.8777,3.0,2005 Historic 944mm Mithi Deluge,2005-07-31T14:00,3.0,1000.9,23.0,41.8,0.404,0.401,0.396
mumbai_mithi,Mumbai,Maharashtra,West Coast (Arabian Sea),19.076,72.8777,3.0,2005 Historic 944mm Mithi Deluge,2005-07-31T15:00,3.4,1001.5,22.6,43.2,0.399,0.404,0.397
mumbai_mithi,Mumbai,Maharashtra,West Coast (Arabian Sea),19.076,72.8777,3.0,2005 Historic 944mm Mithi Deluge,2005-07-31T16:00,3.4,1002.2,23.5,44.6,0.393,0.401,0.399
mumbai_mithi,Mumbai,Maharashtra,West Coast (Arabian Sea),19.076,72.8777,3.0,2005 Historic 944mm Mithi Deluge,2005-07-31T17:00,2.8,1002.2,24.4,44.3,0.4,0.395,0.399
mumbai_mithi,Mumbai,Maharashtra,West Coast (Arabian Sea),19.076,72.8777,3.0,2005 Historic 944mm Mithi Deluge,2005-07-31T18:00,2.5,1001.8,24.7,43.6,0.401,0.394,0.398
mumbai_mithi,Mumbai,Maharashtra,West Coast (Arabian Sea),19.076,72.8777,3.0,2005 Historic 944mm Mithi Deluge,2005-07-31T19:00,3.5,1001.6,24.4,41.8,0.403,0.402,0.396
mumbai_mithi,Mumbai,Maharashtra,West Coast (Arabian Sea),19.076,72.8777,3.0,2005 Historic 944mm Mithi Deluge,2005-07-31T20:00,3.7,1000.8,25.1,41.4,0.409,0.405,0.394
mumbai_mithi,Mumbai,Maharashtra,West Coast (Arabian Sea),19.076,72.8777,3.0,2005 Historic 944mm Mithi Deluge,2005-07-31T21:00,4.4,1000.1,24.6,45.0,0.41,0.408,0.394
mumbai_mithi,Mumbai,Maharashtra,West Coast (Arabian Sea),19.076,72.8777,3.0,2005 Historic 944mm Mithi Deluge,2005-07-31T22:00,4.3,999.0,22.2,46.4,0.411,0.409,0.395
mumbai_mithi,Mumbai,Maharashtra,West Coast (Arabian Sea),19.076,72.8777,3.0,2005 Historic 944mm Mithi Deluge,2005-07-31T23:00,4.1,999.0,23.0,47.2,0.41,0.41,0.395
mumbai_mithi,Mumbai,Maharashtra,West Coast (Arabian Sea),19.076,72.8777,3.0,2005 Historic 944mm Mithi Deluge,2005-08-01T00:00,4.1,999.3,23.5,48.2,0.41,0.409,0.396
mumbai_mithi,Mumbai,Maharashtra,West Coast (Arabian Sea),19.076,72.8777,3.0,2005 Historic 944mm Mithi Deluge,2005-08-01T01:00,3.4,999.7,23.5,52.2,0.409,0.41,0.397
mumbai_mithi,Mumbai,Maharashtra,West Coast (Arabian Sea),19.076,72.8777,3.0,2005 Historic 944mm Mithi Deluge,2005-08-01T02:00,3.2,1000.2,25.2,52.9,0.407,0.408,0.4
mumbai_mithi,Mumbai,Maharashtra,West Coast (Arabian Sea),19.076,72.8777,3.0,2005 Historic 944mm Mithi Deluge,2005-08-01T03:00,3.6,1000.5,26.7,53.3,0.413,0.41,0.401
mumbai_mithi,Mumbai,Maharashtra,West Coast (Arabian Sea),19.076,72.8777,3.0,2005 Historic 944mm Mithi Deluge,2005-08-01T04:00,4.1,1000.9,26.5,56.5,0.41,0.412,0.403
mumbai_mithi,Mumbai,Maharashtra,West Coast (Arabian Sea),19.076,72.8777,3.0,2005 Historic 944mm Mithi Deluge,2005-08-01T05:00,4.5,1001.1,25.3,59.4,0.409,0.411,0.405
mumbai_mithi,Mumbai,Maharashtra,West Coast (Arabian Sea),19.076,72.8777,3.0,2005 Historic 944mm Mithi Deluge,2005-08-01T06:00,6.0,1000.9,28.8,61.2,0.408,0.41,0.407
mumbai_mithi,Mumbai,Maharashtra,West Coast (Arabian Sea),19.076,72.8777,3.0,2005 Historic 944mm Mithi Deluge,2005-08-01T07:00,7.5,1000.3,30.9,50.0,0.415,0.414,0.407
mumbai_mithi,Mumbai,Maharashtra,West Coast (Arabian Sea),19.076,72.8777,3.0,2005 Historic 944mm Mithi Deluge,2005-08-01T08:00,7.1,1000.3,31.2,49.3,0.404,0.412,0.409
mumbai_mithi,Mumbai,Maharashtra,West Coast (Arabian Sea),19.076,72.8777,3.0,2005 Historic 944mm Mithi Deluge,2005-08-01T09:00,7.3,999.6,33.5,53.3,0.406,0.41,0.411
mumbai_mithi,Mumbai,Maharashtra,West Coast (Arabian Sea),19.076,72.8777,3.0,2005 Historic 944mm Mithi Deluge,2005-08-01T10:00,6.4,998.2,35.1,55.1,0.411,0.411,0.41
mumbai_mithi,Mumbai,Maharashtra,West Coast (Arabian Sea),19.076,72.8777,3.0,2005 Historic 944mm Mithi Deluge,2005-08-01T11:00,5.4,999.0,33.4,56.2,0.405,0.412,0.41
mumbai_mithi,Mumbai,Maharashtra,West Coast (Arabian Sea),19.076,72.8777,3.0,2005 Historic 944mm Mithi Deluge,2005-08-01T12:00,4.8,998.6,35.9,54.4,0.399,0.409,0.412
mumbai_mithi,Mumbai,Maharashtra,West Coast (Arabian Sea),19.076,72.8777,3.0,2005 Historic 944mm Mithi Deluge,2005-08-01T13:00,5.6,999.2,34.4,54.7,0.413,0.403,0.412
mumbai_mithi,Mumbai,Maharashtra,West Coast (Arabian Sea),19.076,72.8777,3.0,2005 Historic 944mm Mithi Deluge,2005-08-01T14:00,5.2,999.4,35.4,55.4,0.412,0.411,0.41
mumbai_mithi,Mumbai,Maharashtra,West Coast (Arabian Sea),19.076,72.8777,3.0,2005 Historic 944mm Mithi Deluge,2005-08-01T15:00,5.4,1000.0,32.8,58.0,0.412,0.412,0.408
mumbai_mithi,Mumbai,Maharashtra,West Coast (Arabian Sea),19.076,72.8777,3.0,2005 Historic 944mm Mithi Deluge,2005-08-01T16:00,5.1,1000.7,34.5,58.3,0.406,0.412,0.406
mumbai_mithi,Mumbai,Maharashtra,West Coast (Arabian Sea),19.076,72.8777,3.0,2005 Historic 944mm Mithi Deluge,2005-08-01T17:00,5.2,1000.7,34.4,59.4,0.405,0.409,0.406
mumbai_mithi,Mumbai,Maharashtra,West Coast (Arabian Sea),19.076,72.8777,3.0,2005 Historic 944mm Mithi Deluge,2005-08-01T18:00,5.5,1000.8,34.3,62.3,0.411,0.41,0.404
mumbai_mithi,Mumbai,Maharashtra,West Coast (Arabian Sea),19.076,72.8777,3.0,2005 Historic 944mm Mithi Deluge,2005-08-01T19:00,8.8,1000.3,34.8,57.2,0.416,0.411,0.404
mumbai_mithi,Mumbai,Maharashtra,West Coast (Arabian Sea),19.076,72.8777,3.0,2005 Historic 944mm Mithi Deluge,2005-08-01T20:00,8.2,999.6,36.1,59.4,0.409,0.414,0.403
mumbai_mithi,Mumbai,Maharashtra,West Coast (Arabian Sea),19.076,72.8777,3.0,2005 Historic 944mm Mithi Deluge,2005-08-01T21:00,6.3,999.0,37.5,60.5,0.407,0.411,0.404
mumbai_mithi,Mumbai,Maharashtra,West Coast (Arabian Sea),19.076,72.8777,3.0,2005 Historic 944mm Mithi Deluge,2005-08-01T22:00,4.0,999.9,30.6,59.8,0.405,0.408,0.404
mumbai_mithi,Mumbai,Maharashtra,West Coast (Arabian Sea),19.076,72.8777,3.0,2005 Historic 944mm Mithi Deluge,2005-08-01T23:00,3.8,999.4,30.5,58.3,0.394,0.401,0.405
mumbai_mithi,Mumbai,Maharashtra,West Coast (Arabian Sea),19.076,72.8777,3.0,2005 Historic 944mm Mithi Deluge,2005-08-02T00:00,3.7,1000.0,30.0,60.1,0.407,0.4,0.405
mumbai_mithi,Mumbai,Maharashtra,West Coast (Arabian Sea),19.076,72.8777,3.0,2005 Historic 944mm Mithi Deluge,2005-08-02T01:00,3.4,1000.0,28.9,55.4,0.399,0.399,0.404
mumbai_mithi,Mumbai,Maharashtra,West Coast (Arabian Sea),19.076,72.8777,3.0,2005 Historic 944mm Mithi Deluge,2005-08-02T02:00,3.1,1000.5,29.8,52.2,0.393,0.394,0.405
mumbai_mithi,Mumbai,Maharashtra,West Coast (Arabian Sea),19.076,72.8777,3.0,2005 Historic 944mm Mithi Deluge,2005-08-02T03:00,3.3,1001.6,28.0,53.3,0.395,0.391,0.404
mumbai_mithi,Mumbai,Maharashtra,West Coast (Arabian Sea),19.076,72.8777,3.0,2005 Historic 944mm Mithi Deluge,2005-08-02T04:00,1.0,1002.1,26.8,52.2,0.388,0.388,0.403
mumbai_mithi,Mumbai,Maharashtra,West Coast (Arabian Sea),19.076,72.8777,3.0,2005 Historic 944mm Mithi Deluge,2005-08-02T05:00,1.2,1002.3,29.8,54.4,0.388,0.384,0.401
mumbai_mithi,Mumbai,Maharashtra,West Coast (Arabian Sea),19.076,72.8777,3.0,2005 Historic 944mm Mithi Deluge,2005-08-02T06:00,1.3,1002.4,28.8,58.0,0.376,0.382,0.4
mumbai_mithi,Mumbai,Maharashtra,West Coast (Arabian Sea),19.076,72.8777,3.0,2005 Historic 944mm Mithi Deluge,2005-08-02T07:00,2.1,1002.1,28.6,50.0,0.375,0.376,0.4
mumbai_mithi,Mumbai,Maharashtra,West Coast (Arabian Sea),19.076,72.8777,3.0,2005 Historic 944mm Mithi Deluge,2005-08-02T08:00,1.6,1001.4,29.0,48.6,0.376,0.375,0.398
mumbai_mithi,Mumbai,Maharashtra,West Coast (Arabian Sea),19.076,72.8777,3.0,2005 Historic 944mm Mithi Deluge,2005-08-02T09:00,1.4,1000.8,27.0,49.3,0.376,0.373,0.396
mumbai_mithi,Mumbai,Maharashtra,West Coast (Arabian Sea),19.076,72.8777,3.0,2005 Historic 944mm Mithi Deluge,2005-08-02T10:00,0.9,1000.2,26.1,49.3,0.374,0.371,0.394
mumbai_mithi,Mumbai,Maharashtra,West Coast (Arabian Sea),19.076,72.8777,3.0,2005 Historic 944mm Mithi Deluge,2005-08-02T11:00,0.9,1000.6,26.1,51.5,0.376,0.37,0.391
mumbai_mithi,Mumbai,Maharashtra,West Coast (Arabian Sea),19.076,72.8777,3.0,2005 Historic 944mm Mithi Deluge,2005-08-02T12:00,0.8,1000.0,24.4,49.7,0.374,0.369,0.389
mumbai_mithi,Mumbai,Maharashtra,West Coast (Arabian Sea),19.076,72.8777,3.0,2005 Historic 944mm Mithi Deluge,2005-08-02T13:00,0.6,1000.5,26.6,50.4,0.374,0.368,0.386
mumbai_mithi,Mumbai,Maharashtra,West Coast (Arabian Sea),19.076,72.8777,3.0,2005 Historic 944mm Mithi Deluge,2005-08-02T14:00,0.7,1000.8,25.3,49.7,0.374,0.368,0.384
mumbai_mithi,Mumbai,Maharashtra,West Coast (Arabian Sea),19.076,72.8777,3.0,2005 Historic 944mm Mithi Deluge,2005-08-02T15:00,0.4,1001.6,25.9,48.2,0.37,0.368,0.381
mumbai_mithi,Mumbai,Maharashtra,West Coast (Arabian Sea),19.076,72.8777,3.0,2005 Historic 944mm Mithi Deluge,2005-08-02T16:00,0.5,1002.5,26.6,47.5,0.373,0.367,0.379
mumbai_mithi,Mumbai,Maharashtra,West Coast (Arabian Sea),19.076,72.8777,3.0,2005 Historic 944mm Mithi Deluge,2005-08-02T17:00,0.6,1002.8,27.3,47.2,0.372,0.367,0.376
mumbai_mithi,Mumbai,Maharashtra,West Coast (Arabian Sea),19.076,72.8777,3.0,2005 Historic 944mm Mithi Deluge,2005-08-02T18:00,0.6,1002.9,26.0,46.8,0.373,0.367,0.374
mumbai_mithi,Mumbai,Maharashtra,West Coast (Arabian Sea),19.076,72.8777,3.0,2005 Historic 944mm Mithi Deluge,2005-08-02T19:00,1.1,1002.4,28.4,48.6,0.377,0.368,0.372
mumbai_mithi,Mumbai,Maharashtra,West Coast (Arabian Sea),19.076,72.8777,3.0,2005 Historic 944mm Mithi Deluge,2005-08-02T20:00,1.1,1001.8,27.2,49.3,0.377,0.369,0.369
mumbai_mithi,Mumbai,Maharashtra,West Coast (Arabian Sea),19.076,72.8777,3.0,2005 Historic 944mm Mithi Deluge,2005-08-02T21:00,1.1,1001.5,27.1,48.6,0.379,0.37,0.367
mumbai_mithi,Mumbai,Maharashtra,West Coast (Arabian Sea),19.076,72.8777,3.0,2005 Historic 944mm Mithi Deluge,2005-08-02T22:00,1.2,1001.1,26.3,48.2,0.372,0.373,0.365
mumbai_mithi,Mumbai,Maharashtra,West Coast (Arabian Sea),19.076,72.8777,3.0,2005 Historic 944mm Mithi Deluge,2005-08-02T23:00,0.9,1001.1,27.9,46.4,0.364,0.369,0.365
mumbai_mithi,Mumbai,Maharashtra,West Coast (Arabian Sea),19.076,72.8777,3.0,2005 Historic 944mm Mithi Deluge,2005-08-03T00:00,0.9,1001.5,26.3,47.5,0.369,0.37,0.363
mumbai_mithi,Mumbai,Maharashtra,West Coast (Arabian Sea),19.076,72.8777,3.0,2005 Historic 944mm Mithi Deluge,2005-08-03T01:00,0.9,1002.0,26.1,49.0,0.373,0.37,0.361
mumbai_mithi,Mumbai,Maharashtra,West Coast (Arabian Sea),19.076,72.8777,3.0,2005 Historic 944mm Mithi Deluge,2005-08-03T02:00,1.0,1002.6,27.7,48.6,0.383,0.371,0.359
mumbai_mithi,Mumbai,Maharashtra,West Coast (Arabian Sea),19.076,72.8777,3.0,2005 Historic 944mm Mithi Deluge,2005-08-03T03:00,0.9,1003.1,27.3,50.4,0.38,0.374,0.357
mumbai_mithi,Mumbai,Maharashtra,West Coast (Arabian Sea),19.076,72.8777,3.0,2005 Historic 944mm Mithi Deluge,2005-08-03T04:00,0.7,1003.8,25.5,49.3,0.378,0.374,0.355
mumbai_mithi,Mumbai,Maharashtra,West Coast (Arabian Sea),19.076,72.8777,3.0,2005 Historic 944mm Mithi Deluge,2005-08-03T05:00,1.5,1004.0,26.7,49.0,0.383,0.375,0.354
mumbai_mithi,Mumbai,Maharashtra,West Coast (Arabian Sea),19.076,72.8777,3.0,2005 Historic 944mm Mithi Deluge,2005-08-03T06:00,1.0,1003.9,25.4,51.1,0.374,0.378,0.352
mumbai_mithi,Mumbai,Maharashtra,West Coast (Arabian Sea),19.076,72.8777,3.0,2005 Historic 944mm Mithi Deluge,2005-08-03T07:00,0.9,1003.9,24.2,44.3,0.365,0.374,0.353
mumbai_mithi,Mumbai,Maharashtra,West Coast (Arabian Sea),19.076,72.8777,3.0,2005 Historic 944mm Mithi Deluge,2005-08-03T08:00,0.7,1003.4,22.7,43.2,0.366,0.373,0.351
mumbai_mithi,Mumbai,Maharashtra,West Coast (Arabian Sea),19.076,72.8777,3.0,2005 Historic 944mm Mithi Deluge,2005-08-03T09:00,0.6,1003.0,22.4,42.8,0.366,0.373,0.35
mumbai_mithi,Mumbai,Maharashtra,West Coast (Arabian Sea),19.076,72.8777,3.0,2005 Historic 944mm Mithi Deluge,2005-08-03T10:00,0.4,1002.3,21.4,43.6,0.366,0.372,0.348
mumbai_mithi,Mumbai,Maharashtra,West Coast (Arabian Sea),19.076,72.8777,3.0,2005 Historic 944mm Mithi Deluge,2005-08-03T11:00,0.4,1002.2,22.2,43.6,0.365,0.371,0.347
mumbai_mithi,Mumbai,Maharashtra,West Coast (Arabian Sea),19.076,72.8777,3.0,2005 Historic 944mm Mithi Deluge,2005-08-03T12:00,0.4,1001.7,23.2,43.2,0.364,0.37,0.345
mumbai_mithi,Mumbai,Maharashtra,West Coast (Arabian Sea),19.076,72.8777,3.0,2005 Historic 944mm Mithi Deluge,2005-08-03T13:00,0.4,1002.2,23.8,45.4,0.364,0.369,0.344
mumbai_mithi,Mumbai,Maharashtra,West Coast (Arabian Sea),19.076,72.8777,3.0,2005 Historic 944mm Mithi Deluge,2005-08-03T14:00,0.5,1003.1,22.9,42.5,0.363,0.368,0.342
mumbai_mithi,Mumbai,Maharashtra,West Coast (Arabian Sea),19.076,72.8777,3.0,2005 Historic 944mm Mithi Deluge,2005-08-03T15:00,0.7,1003.8,25.1,42.1,0.365,0.368,0.341
mumbai_mithi,Mumbai,Maharashtra,West Coast (Arabian Sea),19.076,72.8777,3.0,2005 Historic 944mm Mithi Deluge,2005-08-03T16:00,0.6,1004.4,24.7,41.0,0.366,0.367,0.34
mumbai_mithi,Mumbai,Maharashtra,West Coast (Arabian Sea),19.076,72.8777,3.0,2005 Historic 944mm Mithi Deluge,2005-08-03T17:00,0.7,1005.3,23.5,41.4,0.368,0.367,0.338
mumbai_mithi,Mumbai,Maharashtra,West Coast (Arabian Sea),19.076,72.8777,3.0,2005 Historic 944mm Mithi Deluge,2005-08-03T18:00,1.0,1005.2,24.7,42.8,0.371,0.366,0.337
mumbai_mithi,Mumbai,Maharashtra,West Coast (Arabian Sea),19.076,72.8777,3.0,2005 Historic 944mm Mithi Deluge,2005-08-03T19:00,0.9,1004.9,24.7,42.5,0.371,0.367,0.336
mumbai_mithi,Mumbai,Maharashtra,West Coast (Arabian Sea),19.076,72.8777,3.0,2005 Historic 944mm Mithi Deluge,2005-08-03T20:00,0.7,1003.9,24.6,41.0,0.37,0.367,0.335
mumbai_mithi,Mumbai,Maharashtra,West Coast (Arabian Sea),19.076,72.8777,3.0,2005 Historic 944mm Mithi Deluge,2005-08-03T21:00,0.5,1003.2,24.7,41.4,0.368,0.367,0.334
mumbai_mithi,Mumbai,Maharashtra,West Coast (Arabian Sea),19.076,72.8777,3.0,2005 Historic 944mm Mithi Deluge,2005-08-03T22:00,0.8,1002.6,20.0,41.8,0.37,0.366,0.332
mumbai_mithi,Mumbai,Maharashtra,West Coast (Arabian Sea),19.076,72.8777,3.0,2005 Historic 944mm Mithi Deluge,2005-08-03T23:00,1.3,1002.9,21.3,42.1,0.372,0.366,0.331
mumbai_mithi,Mumbai,Maharashtra,West Coast (Arabian Sea),19.076,72.8777,3.0,2005 Historic 944mm Mithi Deluge,2005-08-04T00:00,1.2,1002.9,23.5,43.6,0.372,0.367,0.33
mumbai_mithi,Mumbai,Maharashtra,West Coast (Arabian Sea),19.076,72.8777,3.0,2005 Historic 944mm Mithi Deluge,2005-08-04T01:00,0.9,1003.6,23.8,44.3,0.373,0.367,0.329
mumbai_mithi,Mumbai,Maharashtra,West Coast (Arabian Sea),19.076,72.8777,3.0,2005 Historic 944mm Mithi Deluge,2005-08-04T02:00,0.6,1004.0,24.6,42.8,0.371,0.367,0.328
mumbai_mithi,Mumbai,Maharashtra,West Coast (Arabian Sea),19.076,72.8777,3.0,2005 Historic 944mm Mithi Deluge,2005-08-04T03:00,0.4,1004.5,22.7,40.7,0.369,0.367,0.327
mumbai_mithi,Mumbai,Maharashtra,West Coast (Arabian Sea),19.076,72.8777,3.0,2005 Historic 944mm Mithi Deluge,2005-08-04T04:00,0.5,1004.7,24.6,42.8,0.367,0.366,0.326
mumbai_mithi,Mumbai,Maharashtra,West Coast (Arabian Sea),19.076,72.8777,3.0,2005 Historic 944mm Mithi Deluge,2005-08-04T05:00,0.6,1004.7,27.2,47.2,0.365,0.365,0.325
mumbai_mithi,Mumbai,Maharashtra,West Coast (Arabian Sea),19.076,72.8777,3.0,2005 Historic 944mm Mithi Deluge,2005-08-04T06:00,1.2,1005.0,26.1,49.3,0.366,0.365,0.325
mumbai_mithi,Mumbai,Maharashtra,West Coast (Arabian Sea),19.076,72.8777,3.0,2005 Historic 944mm Mithi Deluge,2005-08-04T07:00,0.7,1004.3,27.4,46.4,0.369,0.364,0.324
mumbai_mithi,Mumbai,Maharashtra,West Coast (Arabian Sea),19.076,72.8777,3.0,2005 Historic 944mm Mithi Deluge,2005-08-04T08:00,0.4,1004.4,24.2,45.7,0.367,0.364,0.323
mumbai_mithi,Mumbai,Maharashtra,West Coast (Arabian Sea),19.076,72.8777,3.0,2005 Historic 944mm Mithi Deluge,2005-08-04T09:00,0.7,1003.7,24.1,45.4,0.369,0.364,0.322
mumbai_mithi,Mumbai,Maharashtra,West Coast (Arabian Sea),19.076,72.8777,3.0,2005 Historic 944mm Mithi Deluge,2005-08-04T10:00,0.3,1003.0,20.0,43.6,0.366,0.364,0.321
mumbai_mithi,Mumbai,Maharashtra,West Coast (Arabian Sea),19.076,72.8777,3.0,2005 Historic 944mm Mithi Deluge,2005-08-04T11:00,0.4,1003.4,19.5,43.2,0.366,0.363,0.32
mumbai_mithi,Mumbai,Maharashtra,West Coast (Arabian Sea),19.076,72.8777,3.0,2005 Historic 944mm Mithi Deluge,2005-08-04T12:00,0.5,1003.6,19.7,38.5,0.367,0.363,0.319
mumbai_mithi,Mumbai,Maharashtra,West Coast (Arabian Sea),19.076,72.8777,3.0,2005 Historic 944mm Mithi Deluge,2005-08-04T13:00,1.1,1003.4,22.8,41.0,0.368,0.363,0.319
mumbai_mithi,Mumbai,Maharashtra,West Coast (Arabian Sea),19.076,72.8777,3.0,2005 Historic 944mm Mithi Deluge,2005-08-04T14:00,0.8,1004.0,24.7,42.8,0.371,0.363,0.318
mumbai_mithi,Mumbai,Maharashtra,West Coast (Arabian Sea),19.076,72.8777,3.0,2005 Historic 944mm Mithi Deluge,2005-08-04T15:00,1.0,1004.6,25.4,42.1,0.372,0.364,0.317
mumbai_mithi,Mumbai,Maharashtra,West Coast (Arabian Sea),19.076,72.8777,3.0,2005 Historic 944mm Mithi Deluge,2005-08-04T16:00,0.7,1005.6,21.8,40.3,0.372,0.364,0.316
mumbai_mithi,Mumbai,Maharashtra,West Coast (Arabian Sea),19.076,72.8777,3.0,2005 Historic 944mm Mithi Deluge,2005-08-04T17:00,0.9,1006.1,20.5,37.4,0.373,0.364,0.316
mumbai_mithi,Mumbai,Maharashtra,West Coast (Arabian Sea),19.076,72.8777,3.0,2005 Historic 944mm Mithi Deluge,2005-08-04T18:00,0.6,1005.5,21.8,36.7,0.37,0.365,0.315
mumbai_mithi,Mumbai,Maharashtra,West Coast (Arabian Sea),19.076,72.8777,3.0,2005 Historic 944mm Mithi Deluge,2005-08-04T19:00,1.3,1005.0,20.2,37.1,0.371,0.365,0.315
mumbai_mithi,Mumbai,Maharashtra,West Coast (Arabian Sea),19.076,72.8777,3.0,2005 Historic 944mm Mithi Deluge,2005-08-04T20:00,0.6,1004.3,19.7,33.8,0.37,0.364,0.314
mumbai_mithi,Mumbai,Maharashtra,West Coast (Arabian Sea),19.076,72.8777,3.0,2005 Historic 944mm Mithi Deluge,2005-08-04T21:00,0.8,1003.9,18.2,31.0,0.369,0.364,0.314
mumbai_mithi,Mumbai,Maharashtra,West Coast (Arabian Sea),19.076,72.8777,3.0,2005 Historic 944mm Mithi Deluge,2005-08-04T22:00,0.6,1003.5,15.0,30.2,0.367,0.364,0.313
mumbai_mithi,Mumbai,Maharashtra,West Coast (Arabian Sea),19.076,72.8777,3.0,2005 Historic 944mm Mithi Deluge,2005-08-04T23:00,0.9,1003.4,15.0,25.9,0.371,0.364,0.313
mumbai_mithi,Mumbai,Maharashtra,West Coast (Arabian Sea),19.076,72.8777,3.0,2005 Historic 944mm Mithi Deluge,2005-08-05T00:00,1.4,1004.0,16.3,24.1,0.375,0.364,0.312
mumbai_mithi,Mumbai,Maharashtra,West Coast (Arabian Sea),19.076,72.8777,3.0,2005 Historic 944mm Mithi Deluge,2005-08-05T01:00,1.5,1004.7,17.0,25.9,0.377,0.366,0.312
mumbai_mithi,Mumbai,Maharashtra,West Coast (Arabian Sea),19.076,72.8777,3.0,2005 Historic 944mm Mithi Deluge,2005-08-05T02:00,0.4,1004.8,15.2,28.1,0.373,0.366,0.311
mumbai_mithi,Mumbai,Maharashtra,West Coast (Arabian Sea),19.076,72.8777,3.0,2005 Historic 944mm Mithi Deluge,2005-08-05T03:00,0.8,1005.6,17.4,36.7,0.376,0.367,0.311
mumbai_mithi,Mumbai,Maharashtra,West Coast (Arabian Sea),19.076,72.8777,3.0,2005 Historic 944mm Mithi Deluge,2005-08-05T04:00,1.2,1006.1,19.0,39.6,0.378,0.368,0.311
mumbai_mithi,Mumbai,Maharashtra,West Coast (Arabian Sea),19.076,72.8777,3.0,2005 Historic 944mm Mithi Deluge,2005-08-05T05:00,1.7,1006.1,25.4,40.7,0.381,0.369,0.311
mumbai_mithi,Mumbai,Maharashtra,West Coast (Arabian Sea),19.076,72.8777,3.0,2005 Historic 944mm Mithi Deluge,2005-08-05T06:00,1.5,1006.2,24.1,41.4,0.378,0.371,0.311
mumbai_mithi,Mumbai,Maharashtra,West Coast (Arabian Sea),19.076,72.8777,3.0,2005 Historic 944mm Mithi Deluge,2005-08-05T07:00,1.6,1005.7,24.2,47.2,0.366,0.368,0.313
mumbai_mithi,Mumbai,Maharashtra,West Coast (Arabian Sea),19.076,72.8777,3.0,2005 Historic 944mm Mithi Deluge,2005-08-05T08:00,1.2,1005.1,23.3,43.6,0.381,0.369,0.313
mumbai_mithi,Mumbai,Maharashtra,West Coast (Arabian Sea),19.076,72.8777,3.0,2005 Historic 944mm Mithi Deluge,2005-08-05T09:00,2.4,1004.7,23.2,46.8,0.393,0.371,0.312
mumbai_mithi,Mumbai,Maharashtra,West Coast (Arabian Sea),19.076,72.8777,3.0,2005 Historic 944mm Mithi Deluge,2005-08-05T10:00,2.2,1004.2,24.8,45.4,0.379,0.378,0.312
mumbai_mithi,Mumbai,Maharashtra,West Coast (Arabian Sea),19.076,72.8777,3.0,2005 Historic 944mm Mithi Deluge,2005-08-05T11:00,2.0,1004.5,22.1,44.6,0.373,0.375,0.314
mumbai_mithi,Mumbai,Maharashtra,West Coast (Arabian Sea),19.076,72.8777,3.0,2005 Historic 944mm Mithi Deluge,2005-08-05T12:00,2.0,1004.4,25.4,44.6,0.379,0.375,0.314
mumbai_mithi,Mumbai,Maharashtra,West Coast (Arabian Sea),19.076,72.8777,3.0,2005 Historic 944mm Mithi Deluge,2005-08-05T13:00,1.7,1004.7,24.8,42.5,0.383,0.375,0.314
mumbai_mithi,Mumbai,Maharashtra,West Coast (Arabian Sea),19.076,72.8777,3.0,2005 Historic 944mm Mithi Deluge,2005-08-05T14:00,1.5,1005.1,20.8,43.6,0.387,0.376,0.314
mumbai_mithi,Mumbai,Maharashtra,West Coast (Arabian Sea),19.076,72.8777,3.0,2005 Historic 944mm Mithi Deluge,2005-08-05T15:00,1.0,1005.7,21.2,41.8,0.375,0.38,0.314
mumbai_mithi,Mumbai,Maharashtra,West Coast (Arabian Sea),19.076,72.8777,3.0,2005 Historic 944mm Mithi Deluge,2005-08-05T16:00,0.9,1006.1,20.5,40.3,0.366,0.375,0.317
mumbai_mithi,Mumbai,Maharashtra,West Coast (Arabian Sea),19.076,72.8777,3.0,2005 Historic 944mm Mithi Deluge,2005-08-05T17:00,0.7,1006.0,21.3,41.0,0.367,0.373,0.317
mumbai_mithi,Mumbai,Maharashtra,West Coast (Arabian Sea),19.076,72.8777,3.0,2005 Historic 944mm Mithi Deluge,2005-08-05T18:00,0.4,1006.3,22.7,40.3,0.366,0.372,0.317
mumbai_mithi,Mumbai,Maharashtra,West Coast (Arabian Sea),19.076,72.8777,3.0,2005 Historic 944mm Mithi Deluge,2005-08-05T19:00,1.7,1005.6,23.9,41.4,0.374,0.371,0.317
mumbai_mithi,Mumbai,Maharashtra,West Coast (Arabian Sea),19.076,72.8777,3.0,2005 Historic 944mm Mithi Deluge,2005-08-05T20:00,1.6,1005.1,24.5,43.2,0.384,0.371,0.316
mumbai_mithi,Mumbai,Maharashtra,West Coast (Arabian Sea),19.076,72.8777,3.0,2005 Historic 944mm Mithi Deluge,2005-08-05T21:00,0.6,1005.0,22.6,42.8,0.378,0.372,0.316
mumbai_mithi,Mumbai,Maharashtra,West Coast (Arabian Sea),19.076,72.8777,3.0,2005 Historic 944mm Mithi Deluge,2005-08-05T22:00,1.3,1004.1,21.9,43.2,0.379,0.372,0.316
mumbai_mithi,Mumbai,Maharashtra,West Coast (Arabian Sea),19.076,72.8777,3.0,2005 Historic 944mm Mithi Deluge,2005-08-05T23:00,1.4,1004.4,22.5,45.4,0.378,0.372,0.316
mumbai_mithi,Mumbai,Maharashtra,West Coast (Arabian Sea),19.076,72.8777,3.0,2005 Historic 944mm Mithi Deluge,2005-08-06T00:00,0.6,1004.1,24.3,46.8,0.376,0.372,0.316
mumbai_mithi,Mumbai,Maharashtra,West Coast (Arabian Sea),19.076,72.8777,3.0,2005 Historic 944mm Mithi Deluge,2005-08-06T01:00,1.0,1004.6,22.9,47.9,0.376,0.372,0.316
mumbai_mithi,Mumbai,Maharashtra,West Coast (Arabian Sea),19.076,72.8777,3.0,2005 Historic 944mm Mithi Deluge,2005-08-06T02:00,0.9,1004.9,22.5,47.5,0.375,0.371,0.316
mumbai_mithi,Mumbai,Maharashtra,West Coast (Arabian Sea),19.076,72.8777,3.0,2005 Historic 944mm Mithi Deluge,2005-08-06T03:00,0.9,1005.7,21.0,49.3,0.374,0.371,0.316
mumbai_mithi,Mumbai,Maharashtra,West Coast (Arabian Sea),19.076,72.8777,3.0,2005 Historic 944mm Mithi Deluge,2005-08-06T04:00,0.5,1005.7,21.3,48.6,0.372,0.37,0.316
mumbai_mithi,Mumbai,Maharashtra,West Coast (Arabian Sea),19.076,72.8777,3.0,2005 Historic 944mm Mithi Deluge,2005-08-06T05:00,0.5,1006.3,22.0,49.3,0.372,0.37,0.316
mumbai_mithi,Mumbai,Maharashtra,West Coast (Arabian Sea),19.076,72.8777,3.0,2005 Historic 944mm Mithi Deluge,2005-08-06T06:00,0.6,1006.0,23.5,50.0,0.37,0.369,0.316
mumbai_mithi,Mumbai,Maharashtra,West Coast (Arabian Sea),19.076,72.8777,3.0,2005 Historic 944mm Mithi Deluge,2005-08-06T07:00,0.7,1005.7,25.9,48.6,0.37,0.368,0.315
mumbai_mithi,Mumbai,Maharashtra,West Coast (Arabian Sea),19.076,72.8777,3.0,2005 Historic 944mm Mithi Deluge,2005-08-06T08:00,0.3,1005.0,25.6,48.6,0.367,0.367,0.315
mumbai_mithi,Mumbai,Maharashtra,West Coast (Arabian Sea),19.076,72.8777,3.0,2005 Historic 944mm Mithi Deluge,2005-08-06T09:00,0.2,1004.4,27.1,47.9,0.364,0.366,0.315
mumbai_mithi,Mumbai,Maharashtra,West Coast (Arabian Sea),19.076,72.8777,3.0,2005 Historic 944mm Mithi Deluge,2005-08-06T10:00,0.2,1003.5,25.1,46.8,0.361,0.365,0.315
mumbai_mithi,Mumbai,Maharashtra,West Coast (Arabian Sea),19.076,72.8777,3.0,2005 Historic 944mm Mithi Deluge,2005-08-06T11:00,0.3,1003.7,23.3,46.8,0.359,0.363,0.314
mumbai_mithi,Mumbai,Maharashtra,West Coast (Arabian Sea),19.076,72.8777,3.0,2005 Historic 944mm Mithi Deluge,2005-08-06T12:00,0.2,1003.7,23.7,45.7,0.358,0.362,0.314
mumbai_mithi,Mumbai,Maharashtra,West Coast (Arabian Sea),19.076,72.8777,3.0,2005 Historic 944mm Mithi Deluge,2005-08-06T13:00,0.3,1003.7,24.3,45.0,0.357,0.361,0.314
mumbai_mithi,Mumbai,Maharashtra,West Coast (Arabian Sea),19.076,72.8777,3.0,2005 Historic 944mm Mithi Deluge,2005-08-06T14:00,0.5,1004.3,22.0,44.3,0.358,0.361,0.314
mumbai_mithi,Mumbai,Maharashtra,West Coast (Arabian Sea),19.076,72.8777,3.0,2005 Historic 944mm Mithi Deluge,2005-08-06T15:00,1.1,1004.5,23.7,44.3,0.36,0.36,0.313
mumbai_mithi,Mumbai,Maharashtra,West Coast (Arabian Sea),19.076,72.8777,3.0,2005 Historic 944mm Mithi Deluge,2005-08-06T16:00,0.9,1004.8,23.8,44.3,0.361,0.359,0.313
mumbai_mithi,Mumbai,Maharashtra,West Coast (Arabian Sea),19.076,72.8777,3.0,2005 Historic 944mm Mithi Deluge,2005-08-06T17:00,0.8,1004.9,22.3,42.1,0.363,0.359,0.313
mumbai_mithi,Mumbai,Maharashtra,West Coast (Arabian Sea),19.076,72.8777,3.0,2005 Historic 944mm Mithi Deluge,2005-08-06T18:00,0.7,1005.0,23.8,42.5,0.367,0.359,0.312
mumbai_mithi,Mumbai,Maharashtra,West Coast (Arabian Sea),19.076,72.8777,3.0,2005 Historic 944mm Mithi Deluge,2005-08-06T19:00,1.6,1004.3,23.9,40.7,0.376,0.36,0.312
mumbai_mithi,Mumbai,Maharashtra,West Coast (Arabian Sea),19.076,72.8777,3.0,2005 Historic 944mm Mithi Deluge,2005-08-06T20:00,1.4,1003.8,23.2,40.7,0.368,0.365,0.312
mumbai_mithi,Mumbai,Maharashtra,West Coast (Arabian Sea),19.076,72.8777,3.0,2005 Historic 944mm Mithi Deluge,2005-08-06T21:00,1.2,1003.2,22.9,39.2,0.361,0.362,0.314
mumbai_mithi,Mumbai,Maharashtra,West Coast (Arabian Sea),19.076,72.8777,3.0,2005 Historic 944mm Mithi Deluge,2005-08-06T22:00,1.2,1002.9,20.3,39.2,0.366,0.362,0.313
mumbai_mithi,Mumbai,Maharashtra,West Coast (Arabian Sea),19.076,72.8777,3.0,2005 Historic 944mm Mithi Deluge,2005-08-06T23:00,1.0,1002.3,21.1,38.9,0.368,0.362,0.313
mumbai_mithi,Mumbai,Maharashtra,West Coast (Arabian Sea),19.076,72.8777,3.0,2005 Historic 944mm Mithi Deluge,2005-08-07T00:00,0.8,1002.5,20.5,37.4,0.37,0.363,0.313
mumbai_mithi,Mumbai,Maharashtra,West Coast (Arabian Sea),19.076,72.8777,3.0,2005 Historic 944mm Mithi Deluge,2005-08-07T01:00,1.0,1002.7,20.6,35.6,0.375,0.363,0.313
mumbai_mithi,Mumbai,Maharashtra,West Coast (Arabian Sea),19.076,72.8777,3.0,2005 Historic 944mm Mithi Deluge,2005-08-07T02:00,1.2,1002.8,22.4,36.4,0.379,0.365,0.312
mumbai_mithi,Mumbai,Maharashtra,West Coast (Arabian Sea),19.076,72.8777,3.0,2005 Historic 944mm Mithi Deluge,2005-08-07T03:00,1.1,1004.0,24.0,37.4,0.371,0.369,0.312
mumbai_mithi,Mumbai,Maharashtra,West Coast (Arabian Sea),19.076,72.8777,3.0,2005 Historic 944mm Mithi Deluge,2005-08-07T04:00,1.4,1004.1,23.8,40.3,0.369,0.366,0.315
mumbai_mithi,Mumbai,Maharashtra,West Coast (Arabian Sea),19.076,72.8777,3.0,2005 Historic 944mm Mithi Deluge,2005-08-07T05:00,1.7,1005.3,23.6,45.0,0.375,0.367,0.314
mumbai_mithi,Mumbai,Maharashtra,West Coast (Arabian Sea),19.076,72.8777,3.0,2005 Historic 944mm Mithi Deluge,2005-08-07T06:00,0.7,1005.0,21.9,43.2,0.371,0.367,0.314
mumbai_mithi,Mumbai,Maharashtra,West Coast (Arabian Sea),19.076,72.8777,3.0,2005 Historic 944mm Mithi Deluge,2005-08-07T07:00,0.3,1004.8,25.0,43.9,0.367,0.367,0.314
mumbai_mithi,Mumbai,Maharashtra,West Coast (Arabian Sea),19.076,72.8777,3.0,2005 Historic 944mm Mithi Deluge,2005-08-07T08:00,0.2,1004.7,23.9,44.3,0.364,0.366,0.314
mumbai_mithi,Mumbai,Maharashtra,West Coast (Arabian Sea),19.076,72.8777,3.0,2005 Historic 944mm Mithi Deluge,2005-08-07T09:00,0.4,1004.1,23.7,45.0,0.363,0.365,0.314
mumbai_mithi,Mumbai,Maharashtra,West Coast (Arabian Sea),19.076,72.8777,3.0,2005 Historic 944mm Mithi Deluge,2005-08-07T10:00,0.3,1003.7,23.7,42.5,0.362,0.364,0.314
mumbai_mithi,Mumbai,Maharashtra,West Coast (Arabian Sea),19.076,72.8777,3.0,2005 Historic 944mm Mithi Deluge,2005-08-07T11:00,0.5,1003.4,22.7,43.9,0.362,0.363,0.314
mumbai_mithi,Mumbai,Maharashtra,West Coast (Arabian Sea),19.076,72.8777,3.0,2005 Historic 944mm Mithi Deluge,2005-08-07T12:00,0.4,1003.2,24.5,42.5,0.361,0.362,0.313
mumbai_mithi,Mumbai,Maharashtra,West Coast (Arabian Sea),19.076,72.8777,3.0,2005 Historic 944mm Mithi Deluge,2005-08-07T13:00,0.3,1003.6,23.4,42.8,0.359,0.361,0.313
mumbai_mithi,Mumbai,Maharashtra,West Coast (Arabian Sea),19.076,72.8777,3.0,2005 Historic 944mm Mithi Deluge,2005-08-07T14:00,0.3,1004.0,24.0,44.6,0.358,0.36,0.313
mumbai_mithi,Mumbai,Maharashtra,West Coast (Arabian Sea),19.076,72.8777,3.0,2005 Historic 944mm Mithi Deluge,2005-08-07T15:00,0.3,1004.7,23.1,43.2,0.358,0.36,0.313
mumbai_mithi,Mumbai,Maharashtra,West Coast (Arabian Sea),19.076,72.8777,3.0,2005 Historic 944mm Mithi Deluge,2005-08-07T16:00,0.3,1005.5,22.8,42.5,0.357,0.359,0.313
mumbai_mithi,Mumbai,Maharashtra,West Coast (Arabian Sea),19.076,72.8777,3.0,2005 Historic 944mm Mithi Deluge,2005-08-07T17:00,0.5,1005.7,23.4,43.6,0.358,0.358,0.312
mumbai_mithi,Mumbai,Maharashtra,West Coast (Arabian Sea),19.076,72.8777,3.0,2005 Historic 944mm Mithi Deluge,2005-08-07T18:00,0.4,1005.7,23.3,41.0,0.36,0.358,0.312
mumbai_mithi,Mumbai,Maharashtra,West Coast (Arabian Sea),19.076,72.8777,3.0,2005 Historic 944mm Mithi Deluge,2005-08-07T19:00,0.5,1005.4,24.0,38.5,0.361,0.357,0.312
mumbai_mithi,Mumbai,Maharashtra,West Coast (Arabian Sea),19.076,72.8777,3.0,2005 Historic 944mm Mithi Deluge,2005-08-07T20:00,0.6,1005.1,23.5,38.2,0.362,0.357,0.311
mumbai_mithi,Mumbai,Maharashtra,West Coast (Arabian Sea),19.076,72.8777,3.0,2005 Historic 944mm Mithi Deluge,2005-08-07T21:00,0.8,1004.7,23.4,40.3,0.364,0.357,0.311
mumbai_mithi,Mumbai,Maharashtra,West Coast (Arabian Sea),19.076,72.8777,3.0,2005 Historic 944mm Mithi Deluge,2005-08-07T22:00,0.7,1004.0,20.1,40.7,0.364,0.357,0.311
mumbai_mithi,Mumbai,Maharashtra,West Coast (Arabian Sea),19.076,72.8777,3.0,2005 Historic 944mm Mithi Deluge,2005-08-07T23:00,0.7,1003.9,20.9,41.8,0.364,0.357,0.311
mumbai_mithi,Mumbai,Maharashtra,West Coast (Arabian Sea),19.076,72.8777,3.0,2005 Historic 944mm Mithi Deluge,2005-08-08T00:00,0.5,1004.2,20.1,41.4,0.363,0.358,0.31
mumbai_mithi,Mumbai,Maharashtra,West Coast (Arabian Sea),19.076,72.8777,3.0,2005 Historic 944mm Mithi Deluge,2005-08-08T01:00,0.7,1004.5,21.9,40.0,0.365,0.358,0.31
mumbai_mithi,Mumbai,Maharashtra,West Coast (Arabian Sea),19.076,72.8777,3.0,2005 Historic 944mm Mithi Deluge,2005-08-08T02:00,0.9,1005.0,22.0,41.0,0.367,0.358,0.31
mumbai_mithi,Mumbai,Maharashtra,West Coast (Arabian Sea),19.076,72.8777,3.0,2005 Historic 944mm Mithi Deluge,2005-08-08T03:00,0.4,1006.0,19.3,38.5,0.364,0.358,0.31
mumbai_mithi,Mumbai,Maharashtra,West Coast (Arabian Sea),19.076,72.8777,3.0,2005 Historic 944mm Mithi Deluge,2005-08-08T04:00,0.3,1006.2,20.7,39.6,0.363,0.358,0.31
mumbai_mithi,Mumbai,Maharashtra,West Coast (Arabian Sea),19.076,72.8777,3.0,2005 Historic 944mm Mithi Deluge,2005-08-08T05:00,0.3,1006.6,20.4,41.0,0.36,0.358,0.309
mumbai_mithi,Mumbai,Maharashtra,West Coast (Arabian Sea),19.076,72.8777,3.0,2005 Historic 944mm Mithi Deluge,2005-08-08T06:00,0.3,1006.5,20.7,43.6,0.357,0.357,0.309
mumbai_mithi,Mumbai,Maharashtra,West Coast (Arabian Sea),19.076,72.8777,3.0,2005 Historic 944mm Mithi Deluge,2005-08-08T07:00,0.4,1006.4,21.1,40.3,0.355,0.356,0.309
mumbai_mithi,Mumbai,Maharashtra,West Coast (Arabian Sea),19.076,72.8777,3.0,2005 Historic 944mm Mithi Deluge,2005-08-08T08:00,0.8,1005.8,21.9,42.5,0.355,0.355,0.308
mumbai_mithi,Mumbai,Maharashtra,West Coast (Arabian Sea),19.076,72.8777,3.0,2005 Historic 944mm Mithi Deluge,2005-08-08T09:00,0.3,1005.6,21.9,41.0,0.353,0.354,0.308
mumbai_mithi,Mumbai,Maharashtra,West Coast (Arabian Sea),19.076,72.8777,3.0,2005 Historic 944mm Mithi Deluge,2005-08-08T10:00,0.3,1004.7,21.1,41.8,0.353,0.354,0.308
mumbai_mithi,Mumbai,Maharashtra,West Coast (Arabian Sea),19.076,72.8777,3.0,2005 Historic 944mm Mithi Deluge,2005-08-08T11:00,0.3,1004.7,19.1,41.0,0.352,0.353,0.308
mumbai_mithi,Mumbai,Maharashtra,West Coast (Arabian Sea),19.076,72.8777,3.0,2005 Historic 944mm Mithi Deluge,2005-08-08T12:00,0.4,1004.6,19.5,38.9,0.352,0.352,0.307
mumbai_mithi,Mumbai,Maharashtra,West Coast (Arabian Sea),19.076,72.8777,3.0,2005 Historic 944mm Mithi Deluge,2005-08-08T13:00,0.4,1005.2,18.3,37.8,0.354,0.352,0.307
mumbai_mithi,Mumbai,Maharashtra,West Coast (Arabian Sea),19.076,72.8777,3.0,2005 Historic 944mm Mithi Deluge,2005-08-08T14:00,0.5,1005.9,18.6,35.6,0.355,0.352,0.307
mumbai_mithi,Mumbai,Maharashtra,West Coast (Arabian Sea),19.076,72.8777,3.0,2005 Historic 944mm Mithi Deluge,2005-08-08T15:00,0.6,1006.8,19.1,34.9,0.357,0.352,0.306
mumbai_mithi,Mumbai,Maharashtra,West Coast (Arabian Sea),19.076,72.8777,3.0,2005 Historic 944mm Mithi Deluge,2005-08-08T16:00,0.7,1007.2,18.6,34.9,0.359,0.352,0.306
mumbai_mithi,Mumbai,Maharashtra,West Coast (Arabian Sea),19.076,72.8777,3.0,2005 Historic 944mm Mithi Deluge,2005-08-08T17:00,0.6,1007.5,17.9,33.8,0.36,0.352,0.306
mumbai_mithi,Mumbai,Maharashtra,West Coast (Arabian Sea),19.076,72.8777,3.0,2005 Historic 944mm Mithi Deluge,2005-08-08T18:00,0.7,1007.4,18.4,31.7,0.361,0.352,0.306
mumbai_mithi,Mumbai,Maharashtra,West Coast (Arabian Sea),19.076,72.8777,3.0,2005 Historic 944mm Mithi Deluge,2005-08-08T19:00,0.5,1007.0,18.6,31.3,0.361,0.353,0.305
mumbai_mithi,Mumbai,Maharashtra,West Coast (Arabian Sea),19.076,72.8777,3.0,2005 Historic 944mm Mithi Deluge,2005-08-08T20:00,0.5,1006.3,19.6,31.3,0.361,0.353,0.305
mumbai_mithi,Mumbai,Maharashtra,West Coast (Arabian Sea),19.076,72.8777,3.0,2005 Historic 944mm Mithi Deluge,2005-08-08T21:00,0.4,1006.1,19.1,31.3,0.36,0.353,0.305
mumbai_mithi,Mumbai,Maharashtra,West Coast (Arabian Sea),19.076,72.8777,3.0,2005 Historic 944mm Mithi Deluge,2005-08-08T22:00,0.4,1006.0,17.3,31.3,0.359,0.353,0.305
mumbai_mithi,Mumbai,Maharashtra,West Coast (Arabian Sea),19.076,72.8777,3.0,2005 Historic 944mm Mithi Deluge,2005-08-08T23:00,0.4,1005.5,17.1,30.6,0.358,0.353,0.305
mumbai_mithi,Mumbai,Maharashtra,West Coast (Arabian Sea),19.076,72.8777,3.0,2005 Historic 944mm Mithi Deluge,2005-08-09T00:00,0.4,1005.9,16.3,29.9,0.358,0.353,0.304
mumbai_mithi,Mumbai,Maharashtra,West Coast (Arabian Sea),19.076,72.8777,3.0,2005 Historic 944mm Mithi Deluge,2005-08-09T01:00,0.5,1006.6,16.0,29.2,0.358,0.353,0.304
mumbai_mithi,Mumbai,Maharashtra,West Coast (Arabian Sea),19.076,72.8777,3.0,2005 Historic 944mm Mithi Deluge,2005-08-09T02:00,0.3,1006.9,16.8,29.9,0.356,0.352,0.304
mumbai_mithi,Mumbai,Maharashtra,West Coast (Arabian Sea),19.076,72.8777,3.0,2005 Historic 944mm Mithi Deluge,2005-08-09T03:00,0.3,1007.5,17.1,30.6,0.355,0.352,0.304
mumbai_mithi,Mumbai,Maharashtra,West Coast (Arabian Sea),19.076,72.8777,3.0,2005 Historic 944mm Mithi Deluge,2005-08-09T04:00,0.4,1007.8,16.5,34.2,0.354,0.352,0.303
mumbai_mithi,Mumbai,Maharashtra,West Coast (Arabian Sea),19.076,72.8777,3.0,2005 Historic 944mm Mithi Deluge,2005-08-09T05:00,0.3,1008.4,17.4,36.0,0.353,0.351,0.303
mumbai_mithi,Mumbai,Maharashtra,West Coast (Arabian Sea),19.076,72.8777,3.0,2005 Historic 944mm Mithi Deluge,2005-08-09T06:00,0.3,1008.3,18.0,37.8,0.351,0.351,0.303
mumbai_mithi,Mumbai,Maharashtra,West Coast (Arabian Sea),19.076,72.8777,3.0,2005 Historic 944mm Mithi Deluge,2005-08-09T07:00,0.1,1008.1,18.6,35.6,0.348,0.35,0.303
mumbai_mithi,Mumbai,Maharashtra,West Coast (Arabian Sea),19.076,72.8777,3.0,2005 Historic 944mm Mithi Deluge,2005-08-09T08:00,0.1,1007.4,18.5,36.7,0.345,0.349,0.302
mumbai_mithi,Mumbai,Maharashtra,West Coast (Arabian Sea),19.076,72.8777,3.0,2005 Historic 944mm Mithi Deluge,2005-08-09T09:00,0.2,1007.0,18.2,36.4,0.343,0.348,0.302
mumbai_mithi,Mumbai,Maharashtra,West Coast (Arabian Sea),19.076,72.8777,3.0,2005 Historic 944mm Mithi Deluge,2005-08-09T10:00,0.1,1006.6,16.7,35.6,0.341,0.347,0.302
mumbai_mithi,Mumbai,Maharashtra,West Coast (Arabian Sea),19.076,72.8777,3.0,2005 Historic 944mm Mithi Deluge,2005-08-09T11:00,0.2,1006.2,17.5,34.6,0.34,0.346,0.301
mumbai_mithi,Mumbai,Maharashtra,West Coast (Arabian Sea),19.076,72.8777,3.0,2005 Historic 944mm Mithi Deluge,2005-08-09T12:00,0.4,1006.1,17.7,32.8,0.34,0.345,0.301
mumbai_mithi,Mumbai,Maharashtra,West Coast (Arabian Sea),19.076,72.8777,3.0,2005 Historic 944mm Mithi Deluge,2005-08-09T13:00,0.3,1006.1,15.9,31.0,0.341,0.344,0.301
mumbai_mithi,Mumbai,Maharashtra,West Coast (Arabian Sea),19.076,72.8777,3.0,2005 Historic 944mm Mithi Deluge,2005-08-09T14:00,0.3,1006.8,17.1,30.6,0.341,0.344,0.3
mumbai_mithi,Mumbai,Maharashtra,West Coast (Arabian Sea),19.076,72.8777,3.0,2005 Historic 944mm Mithi Deluge,2005-08-09T15:00,0.3,1007.4,17.3,29.9,0.34,0.343,0.3
mumbai_mithi,Mumbai,Maharashtra,West Coast (Arabian Sea),19.076,72.8777,3.0,2005 Historic 944mm Mithi Deluge,2005-08-09T16:00,0.2,1007.9,16.8,29.5,0.34,0.343,0.3
mumbai_mithi,Mumbai,Maharashtra,West Coast (Arabian Sea),19.076,72.8777,3.0,2005 Historic 944mm Mithi Deluge,2005-08-09T17:00,0.2,1008.1,18.1,31.0,0.341,0.343,0.3
mumbai_mithi,Mumbai,Maharashtra,West Coast (Arabian Sea),19.076,72.8777,3.0,2005 Historic 944mm Mithi Deluge,2005-08-09T18:00,0.2,1008.1,18.6,31.7,0.341,0.342,0.299
mumbai_mithi,Mumbai,Maharashtra,West Coast (Arabian Sea),19.076,72.8777,3.0,2005 Historic 944mm Mithi Deluge,2005-08-09T19:00,0.1,1007.4,20.1,33.1,0.341,0.342,0.299
mumbai_mithi,Mumbai,Maharashtra,West Coast (Arabian Sea),19.076,72.8777,3.0,2005 Historic 944mm Mithi Deluge,2005-08-09T20:00,0.2,1006.9,20.7,34.2,0.341,0.342,0.299
mumbai_mithi,Mumbai,Maharashtra,West Coast (Arabian Sea),19.076,72.8777,3.0,2005 Historic 944mm Mithi Deluge,2005-08-09T21:00,0.2,1006.4,20.2,35.3,0.341,0.341,0.298
mumbai_mithi,Mumbai,Maharashtra,West Coast (Arabian Sea),19.076,72.8777,3.0,2005 Historic 944mm Mithi Deluge,2005-08-09T22:00,0.3,1006.9,18.2,33.8,0.342,0.341,0.298
mumbai_mithi,Mumbai,Maharashtra,West Coast (Arabian Sea),19.076,72.8777,3.0,2005 Historic 944mm Mithi Deluge,2005-08-09T23:00,0.3,1006.2,18.7,34.6,0.344,0.341,0.298
mumbai_mithi,Mumbai,Maharashtra,West Coast (Arabian Sea),19.076,72.8777,3.0,2005 Historic 944mm Mithi Deluge,2005-08-10T00:00,0.5,1006.6,19.0,33.5,0.347,0.341,0.297
mumbai_mithi,Mumbai,Maharashtra,West Coast (Arabian Sea),19.076,72.8777,3.0,2005 Historic 944mm Mithi Deluge,2005-08-10T01:00,0.4,1006.7,18.8,31.0,0.347,0.341,0.297
mumbai_mithi,Mumbai,Maharashtra,West Coast (Arabian Sea),19.076,72.8777,3.0,2005 Historic 944mm Mithi Deluge,2005-08-10T02:00,0.4,1007.0,16.1,32.8,0.347,0.341,0.297
mumbai_mithi,Mumbai,Maharashtra,West Coast (Arabian Sea),19.076,72.8777,3.0,2005 Historic 944mm Mithi Deluge,2005-08-10T03:00,0.3,1007.7,15.9,32.8,0.347,0.341,0.297
mumbai_mithi,Mumbai,Maharashtra,West Coast (Arabian Sea),19.076,72.8777,3.0,2005 Historic 944mm Mithi Deluge,2005-08-10T04:00,0.3,1008.1,17.4,35.3,0.347,0.341,0.296
mumbai_mithi,Mumbai,Maharashtra,West Coast (Arabian Sea),19.076,72.8777,3.0,2005 Historic 944mm Mithi Deluge,2005-08-10T05:00,0.3,1008.4,19.3,38.2,0.345,0.341,0.296
mumbai_mithi,Mumbai,Maharashtra,West Coast (Arabian Sea),19.076,72.8777,3.0,2005 Historic 944mm Mithi Deluge,2005-08-10T06:00,0.2,1008.2,20.1,40.7,0.343,0.34,0.296
mumbai_mithi,Mumbai,Maharashtra,West Coast (Arabian Sea),19.076,72.8777,3.0,2005 Historic 944mm Mithi Deluge,2005-08-10T07:00,0.2,1007.7,20.9,40.0,0.341,0.339,0.295
mumbai_mithi,Mumbai,Maharashtra,West Coast (Arabian Sea),19.076,72.8777,3.0,2005 Historic 944mm Mithi Deluge,2005-08-10T08:00,0.5,1007.3,21.0,40.7,0.34,0.339,0.295
mumbai_mithi,Mumbai,Maharashtra,West Coast (Arabian Sea),19.076,72.8777,3.0,2005 Historic 944mm Mithi Deluge,2005-08-10T09:00,0.2,1006.8,20.7,40.3,0.338,0.338,0.295
mumbai_mithi,Mumbai,Maharashtra,West Coast (Arabian Sea),19.076,72.8777,3.0,2005 Historic 944mm Mithi Deluge,2005-08-10T10:00,0.1,1005.7,21.3,38.9,0.336,0.337,0.294
mumbai_mithi,Mumbai,Maharashtra,West Coast (Arabian Sea),19.076,72.8777,3.0,2005 Historic 944mm Mithi Deluge,2005-08-10T11:00,0.1,1005.6,20.9,37.8,0.335,0.337,0.294
mumbai_mithi,Mumbai,Maharashtra,West Coast (Arabian Sea),19.076,72.8777,3.0,2005 Historic 944mm Mithi Deluge,2005-08-10T12:00,0.4,1005.5,20.0,39.2,0.336,0.336,0.294
mumbai_mithi,Mumbai,Maharashtra,West Coast (Arabian Sea),19.076,72.8777,3.0,2005 Historic 944mm Mithi Deluge,2005-08-10T13:00,0.2,1005.4,19.0,37.4,0.336,0.336,0.293
mumbai_mithi,Mumbai,Maharashtra,West Coast (Arabian Sea),19.076,72.8777,3.0,2005 Historic 944mm Mithi Deluge,2005-08-10T14:00,0.4,1006.1,17.6,35.3,0.336,0.336,0.293
mumbai_mithi,Mumbai,Maharashtra,West Coast (Arabian Sea),19.076,72.8777,3.0,2005 Historic 944mm Mithi Deluge,2005-08-10T15:00,0.4,1006.8,17.2,32.8,0.337,0.336,0.293
mumbai_mithi,Mumbai,Maharashtra,West Coast (Arabian Sea),19.076,72.8777,3.0,2005 Historic 944mm Mithi Deluge,2005-08-10T16:00,0.3,1007.1,16.9,31.7,0.339,0.335,0.292
mumbai_mithi,Mumbai,Maharashtra,West Coast (Arabian Sea),19.076,72.8777,3.0,2005 Historic 944mm Mithi Deluge,2005-08-10T17:00,0.3,1007.7,17.8,33.1,0.34,0.335,0.292
mumbai_mithi,Mumbai,Maharashtra,West Coast (Arabian Sea),19.076,72.8777,3.0,2005 Historic 944mm Mithi Deluge,2005-08-10T18:00,0.4,1007.5,19.0,32.4,0.342,0.335,0.292
mumbai_mithi,Mumbai,Maharashtra,West Coast (Arabian Sea),19.076,72.8777,3.0,2005 Historic 944mm Mithi Deluge,2005-08-10T19:00,0.3,1006.9,20.5,33.1,0.342,0.335,0.292
mumbai_mithi,Mumbai,Maharashtra,West Coast (Arabian Sea),19.076,72.8777,3.0,2005 Historic 944mm Mithi Deluge,2005-08-10T20:00,0.2,1006.5,21.2,33.1,0.342,0.335,0.291
mumbai_mithi,Mumbai,Maharashtra,West Coast (Arabian Sea),19.076,72.8777,3.0,2005 Historic 944mm Mithi Deluge,2005-08-10T21:00,0.2,1005.8,22.5,35.3,0.341,0.335,0.291
mumbai_mithi,Mumbai,Maharashtra,West Coast (Arabian Sea),19.076,72.8777,3.0,2005 Historic 944mm Mithi Deluge,2005-08-10T22:00,0.3,1005.7,21.3,37.1,0.341,0.335,0.291
mumbai_mithi,Mumbai,Maharashtra,West Coast (Arabian Sea),19.076,72.8777,3.0,2005 Historic 944mm Mithi Deluge,2005-08-10T23:00,0.3,1005.5,19.5,36.0,0.342,0.335,0.291
mumbai_mithi,Mumbai,Maharashtra,West Coast (Arabian Sea),19.076,72.8777,3.0,July 2023 Pluvial Urban Inundation,2023-07-01T00:00,1.6,1004.4,14.7,31.7,0.438,0.435,0.378
mumbai_mithi,Mumbai,Maharashtra,West Coast (Arabian Sea),19.076,72.8777,3.0,July 2023 Pluvial Urban Inundation,2023-07-01T01:00,2.6,1005.2,15.4,34.9,0.439,0.437,0.38
mumbai_mithi,Mumbai,Maharashtra,West Coast (Arabian Sea),19.076,72.8777,3.0,July 2023 Pluvial Urban Inundation,2023-07-01T02:00,3.6,1005.8,18.0,39.2,0.436,0.438,0.385
mumbai_mithi,Mumbai,Maharashtra,West Coast (Arabian Sea),19.076,72.8777,3.0,July 2023 Pluvial Urban Inundation,2023-07-01T03:00,2.5,1006.6,19.3,38.2,0.439,0.438,0.387
mumbai_mithi,Mumbai,Maharashtra,West Coast (Arabian Sea),19.076,72.8777,3.0,July 2023 Pluvial Urban Inundation,2023-07-01T04:00,2.2,1007.5,19.7,39.6,0.434,0.437,0.391
mumbai_mithi,Mumbai,Maharashtra,West Coast (Arabian Sea),19.076,72.8777,3.0,July 2023 Pluvial Urban Inundation,2023-07-01T05:00,2.3,1007.2,18.9,37.8,0.432,0.437,0.393
mumbai_mithi,Mumbai,Maharashtra,West Coast (Arabian Sea),19.076,72.8777,3.0,July 2023 Pluvial Urban Inundation,2023-07-01T06:00,1.5,1007.6,21.0,39.6,0.432,0.436,0.395
mumbai_mithi,Mumbai,Maharashtra,West Coast (Arabian Sea),19.076,72.8777,3.0,July 2023 Pluvial Urban Inundation,2023-07-01T07:00,0.3,1007.4,21.3,46.1,0.428,0.434,0.396
mumbai_mithi,Mumbai,Maharashtra,West Coast (Arabian Sea),19.076,72.8777,3.0,July 2023 Pluvial Urban Inundation,2023-07-01T08:00,0.2,1006.9,21.4,47.5,0.424,0.432,0.397
mumbai_mithi,Mumbai,Maharashtra,West Coast (Arabian Sea),19.076,72.8777,3.0,July 2023 Pluvial Urban Inundation,2023-07-01T09:00,1.6,1006.4,19.6,48.2,0.433,0.431,0.397
mumbai_mithi,Mumbai,Maharashtra,West Coast (Arabian Sea),19.076,72.8777,3.0,July 2023 Pluvial Urban Inundation,2023-07-01T10:00,0.7,1005.7,23.1,46.4,0.432,0.431,0.398
mumbai_mithi,Mumbai,Maharashtra,West Coast (Arabian Sea),19.076,72.8777,3.0,July 2023 Pluvial Urban Inundation,2023-07-01T11:00,0.1,1005.3,22.4,45.0,0.427,0.43,0.398
mumbai_mithi,Mumbai,Maharashtra,West Coast (Arabian Sea),19.076,72.8777,3.0,July 2023 Pluvial Urban Inundation,2023-07-01T12:00,0.2,1005.2,16.1,44.6,0.43,0.435,0.412
mumbai_mithi,Mumbai,Maharashtra,West Coast (Arabian Sea),19.076,72.8777,3.0,July 2023 Pluvial Urban Inundation,2023-07-01T13:00,0.7,1005.4,14.5,34.2,0.433,0.434,0.412
mumbai_mithi,Mumbai,Maharashtra,West Coast (Arabian Sea),19.076,72.8777,3.0,July 2023 Pluvial Urban Inundation,2023-07-01T14:00,0.7,1005.9,13.4,27.0,0.434,0.433,0.413
mumbai_mithi,Mumbai,Maharashtra,West Coast (Arabian Sea),19.076,72.8777,3.0,July 2023 Pluvial Urban Inundation,2023-07-01T15:00,1.8,1006.9,15.6,31.3,0.439,0.433,0.413
mumbai_mithi,Mumbai,Maharashtra,West Coast (Arabian Sea),19.076,72.8777,3.0,July 2023 Pluvial Urban Inundation,2023-07-01T16:00,0.9,1007.5,15.0,30.2,0.434,0.435,0.414
mumbai_mithi,Mumbai,Maharashtra,West Coast (Arabian Sea),19.076,72.8777,3.0,July 2023 Pluvial Urban Inundation,2023-07-01T17:00,0.5,1007.9,12.9,30.2,0.433,0.434,0.415
mumbai_mithi,Mumbai,Maharashtra,West Coast (Arabian Sea),19.076,72.8777,3.0,July 2023 Pluvial Urban Inundation,2023-07-01T18:00,0.9,1008.0,11.3,25.6,0.437,0.434,0.415
mumbai_mithi,Mumbai,Maharashtra,West Coast (Arabian Sea),19.076,72.8777,3.0,July 2023 Pluvial Urban Inundation,2023-07-01T19:00,0.8,1007.4,16.5,28.1,0.438,0.435,0.416
mumbai_mithi,Mumbai,Maharashtra,West Coast (Arabian Sea),19.076,72.8777,3.0,July 2023 Pluvial Urban Inundation,2023-07-01T20:00,1.3,1006.4,13.0,30.6,0.434,0.436,0.417
mumbai_mithi,Mumbai,Maharashtra,West Coast (Arabian Sea),19.076,72.8777,3.0,July 2023 Pluvial Urban Inundation,2023-07-01T21:00,3.4,1005.9,17.1,28.4,0.439,0.439,0.418
mumbai_mithi,Mumbai,Maharashtra,West Coast (Arabian Sea),19.076,72.8777,3.0,July 2023 Pluvial Urban Inundation,2023-07-01T22:00,1.3,1005.1,18.1,32.4,0.434,0.437,0.421
mumbai_mithi,Mumbai,Maharashtra,West Coast (Arabian Sea),19.076,72.8777,3.0,July 2023 Pluvial Urban Inundation,2023-07-01T23:00,3.4,1004.9,17.8,35.6,0.433,0.439,0.423
mumbai_mithi,Mumbai,Maharashtra,West Coast (Arabian Sea),19.076,72.8777,3.0,July 2023 Pluvial Urban Inundation,2023-07-02T00:00,2.1,1004.9,15.2,34.9,0.428,0.433,0.427
mumbai_mithi,Mumbai,Maharashtra,West Coast (Arabian Sea),19.076,72.8777,3.0,July 2023 Pluvial Urban Inundation,2023-07-02T01:00,0.7,1005.3,15.5,30.6,0.431,0.433,0.427
mumbai_mithi,Mumbai,Maharashtra,West Coast (Arabian Sea),19.076,72.8777,3.0,July 2023 Pluvial Urban Inundation,2023-07-02T02:00,1.1,1006.0,16.3,29.5,0.434,0.434,0.427
mumbai_mithi,Mumbai,Maharashtra,West Coast (Arabian Sea),19.076,72.8777,3.0,July 2023 Pluvial Urban Inundation,2023-07-02T03:00,0.9,1006.2,19.4,36.4,0.436,0.434,0.427
mumbai_mithi,Mumbai,Maharashtra,West Coast (Arabian Sea),19.076,72.8777,3.0,July 2023 Pluvial Urban Inundation,2023-07-02T04:00,0.3,1006.6,18.4,36.7,0.431,0.434,0.427
mumbai_mithi,Mumbai,Maharashtra,West Coast (Arabian Sea),19.076,72.8777,3.0,July 2023 Pluvial Urban Inundation,2023-07-02T05:00,0.3,1006.5,16.9,39.2,0.428,0.433,0.427
mumbai_mithi,Mumbai,Maharashtra,West Coast (Arabian Sea),19.076,72.8777,3.0,July 2023 Pluvial Urban Inundation,2023-07-02T06:00,2.5,1006.1,20.5,38.2,0.434,0.435,0.427
mumbai_mithi,Mumbai,Maharashtra,West Coast (Arabian Sea),19.076,72.8777,3.0,July 2023 Pluvial Urban Inundation,2023-07-02T07:00,0.6,1005.5,20.0,41.8,0.431,0.434,0.427
mumbai_mithi,Mumbai,Maharashtra,West Coast (Arabian Sea),19.076,72.8777,3.0,July 2023 Pluvial Urban Inundation,2023-07-02T08:00,1.0,1005.0,18.0,42.1,0.428,0.435,0.427
mumbai_mithi,Mumbai,Maharashtra,West Coast (Arabian Sea),19.076,72.8777,3.0,July 2023 Pluvial Urban Inundation,2023-07-02T09:00,0.9,1004.3,20.5,41.4,0.431,0.433,0.427
mumbai_mithi,Mumbai,Maharashtra,West Coast (Arabian Sea),19.076,72.8777,3.0,July 2023 Pluvial Urban Inundation,2023-07-02T10:00,4.0,1003.8,16.4,41.4,0.427,0.437,0.429
mumbai_mithi,Mumbai,Maharashtra,West Coast (Arabian Sea),19.076,72.8777,3.0,July 2023 Pluvial Urban Inundation,2023-07-02T11:00,0.5,1003.6,16.8,37.8,0.426,0.435,0.429
mumbai_mithi,Mumbai,Maharashtra,West Coast (Arabian Sea),19.076,72.8777,3.0,July 2023 Pluvial Urban Inundation,2023-07-02T12:00,0.3,1004.0,13.0,37.4,0.428,0.438,0.434
mumbai_mithi,Mumbai,Maharashtra,West Coast (Arabian Sea),19.076,72.8777,3.0,July 2023 Pluvial Urban Inundation,2023-07-02T13:00,2.1,1004.1,14.3,24.5,0.439,0.437,0.434
mumbai_mithi,Mumbai,Maharashtra,West Coast (Arabian Sea),19.076,72.8777,3.0,July 2023 Pluvial Urban Inundation,2023-07-02T14:00,4.4,1004.7,8.4,27.7,0.427,0.438,0.437
mumbai_mithi,Mumbai,Maharashtra,West Coast (Arabian Sea),19.076,72.8777,3.0,July 2023 Pluvial Urban Inundation,2023-07-02T15:00,0.9,1005.1,11.8,22.3,0.432,0.436,0.436
mumbai_mithi,Mumbai,Maharashtra,West Coast (Arabian Sea),19.076,72.8777,3.0,July 2023 Pluvial Urban Inundation,2023-07-02T16:00,1.1,1005.7,12.2,22.7,0.437,0.436,0.435
mumbai_mithi,Mumbai,Maharashtra,West Coast (Arabian Sea),19.076,72.8777,3.0,July 2023 Pluvial Urban Inundation,2023-07-02T17:00,0.5,1006.2,14.9,25.9,0.434,0.436,0.435
mumbai_mithi,Mumbai,Maharashtra,West Coast (Arabian Sea),19.076,72.8777,3.0,July 2023 Pluvial Urban Inundation,2023-07-02T18:00,0.3,1006.0,13.5,25.9,0.43,0.436,0.435
mumbai_mithi,Mumbai,Maharashtra,West Coast (Arabian Sea),19.076,72.8777,3.0,July 2023 Pluvial Urban Inundation,2023-07-02T19:00,0.5,1005.5,13.9,23.8,0.43,0.435,0.434
mumbai_mithi,Mumbai,Maharashtra,West Coast (Arabian Sea),19.076,72.8777,3.0,July 2023 Pluvial Urban Inundation,2023-07-02T20:00,0.3,1005.0,15.2,26.3,0.428,0.434,0.434
mumbai_mithi,Mumbai,Maharashtra,West Coast (Arabian Sea),19.076,72.8777,3.0,July 2023 Pluvial Urban Inundation,2023-07-02T21:00,0.4,1004.3,16.6,28.4,0.428,0.434,0.433
mumbai_mithi,Mumbai,Maharashtra,West Coast (Arabian Sea),19.076,72.8777,3.0,July 2023 Pluvial Urban Inundation,2023-07-02T22:00,0.4,1004.1,15.9,31.3,0.428,0.433,0.433
mumbai_mithi,Mumbai,Maharashtra,West Coast (Arabian Sea),19.076,72.8777,3.0,July 2023 Pluvial Urban Inundation,2023-07-02T23:00,0.2,1003.7,14.0,28.4,0.426,0.433,0.433
mumbai_mithi,Mumbai,Maharashtra,West Coast (Arabian Sea),19.076,72.8777,3.0,July 2023 Pluvial Urban Inundation,2023-07-03T00:00,0.2,1003.6,11.3,23.4,0.434,0.434,0.432
mumbai_mithi,Mumbai,Maharashtra,West Coast (Arabian Sea),19.076,72.8777,3.0,July 2023 Pluvial Urban Inundation,2023-07-03T01:00,0.3,1003.8,12.2,21.2,0.431,0.434,0.432
mumbai_mithi,Mumbai,Maharashtra,West Coast (Arabian Sea),19.076,72.8777,3.0,July 2023 Pluvial Urban Inundation,2023-07-03T02:00,0.2,1003.9,12.6,22.3,0.427,0.434,0.432
mumbai_mithi,Mumbai,Maharashtra,West Coast (Arabian Sea),19.076,72.8777,3.0,July 2023 Pluvial Urban Inundation,2023-07-03T03:00,0.5,1004.3,17.0,31.3,0.427,0.433,0.431
mumbai_mithi,Mumbai,Maharashtra,West Coast (Arabian Sea),19.076,72.8777,3.0,July 2023 Pluvial Urban Inundation,2023-07-03T04:00,0.3,1004.7,15.0,31.3,0.425,0.432,0.431
mumbai_mithi,Mumbai,Maharashtra,West Coast (Arabian Sea),19.076,72.8777,3.0,July 2023 Pluvial Urban Inundation,2023-07-03T05:00,0.1,1004.9,15.0,31.0,0.421,0.431,0.431
mumbai_mithi,Mumbai,Maharashtra,West Coast (Arabian Sea),19.076,72.8777,3.0,July 2023 Pluvial Urban Inundation,2023-07-03T06:00,0.5,1004.5,12.8,30.6,0.421,0.43,0.43
mumbai_mithi,Mumbai,Maharashtra,West Coast (Arabian Sea),19.076,72.8777,3.0,July 2023 Pluvial Urban Inundation,2023-07-03T07:00,0.2,1003.9,17.5,34.2,0.419,0.429,0.43
mumbai_mithi,Mumbai,Maharashtra,West Coast (Arabian Sea),19.076,72.8777,3.0,July 2023 Pluvial Urban Inundation,2023-07-03T08:00,0.1,1003.2,14.8,38.2,0.416,0.428,0.43
mumbai_mithi,Mumbai,Maharashtra,West Coast (Arabian Sea),19.076,72.8777,3.0,July 2023 Pluvial Urban Inundation,2023-07-03T09:00,0.1,1002.4,17.7,35.3,0.413,0.426,0.429
mumbai_mithi,Mumbai,Maharashtra,West Coast (Arabian Sea),19.076,72.8777,3.0,July 2023 Pluvial Urban Inundation,2023-07-03T10:00,0.1,1001.8,16.0,36.4,0.411,0.425,0.429
mumbai_mithi,Mumbai,Maharashtra,West Coast (Arabian Sea),19.076,72.8777,3.0,July 2023 Pluvial Urban Inundation,2023-07-03T11:00,0.0,1001.4,13.7,32.0,0.409,0.423,0.428
mumbai_mithi,Mumbai,Maharashtra,West Coast (Arabian Sea),19.076,72.8777,3.0,July 2023 Pluvial Urban Inundation,2023-07-03T12:00,1.0,1001.6,16.6,28.1,0.436,0.429,0.431
mumbai_mithi,Mumbai,Maharashtra,West Coast (Arabian Sea),19.076,72.8777,3.0,July 2023 Pluvial Urban Inundation,2023-07-03T13:00,1.6,1001.6,12.6,32.4,0.431,0.434,0.431
mumbai_mithi,Mumbai,Maharashtra,West Coast (Arabian Sea),19.076,72.8777,3.0,July 2023 Pluvial Urban Inundation,2023-07-03T14:00,0.1,1002.4,9.7,23.0,0.427,0.434,0.431
mumbai_mithi,Mumbai,Maharashtra,West Coast (Arabian Sea),19.076,72.8777,3.0,July 2023 Pluvial Urban Inundation,2023-07-03T15:00,0.1,1003.0,9.4,16.9,0.424,0.433,0.43
mumbai_mithi,Mumbai,Maharashtra,West Coast (Arabian Sea),19.076,72.8777,3.0,July 2023 Pluvial Urban Inundation,2023-07-03T16:00,0.1,1003.6,5.4,15.8,0.421,0.432,0.43
mumbai_mithi,Mumbai,Maharashtra,West Coast (Arabian Sea),19.076,72.8777,3.0,July 2023 Pluvial Urban Inundation,2023-07-03T17:00,0.2,1004.4,4.2,8.6,0.422,0.431,0.43
mumbai_mithi,Mumbai,Maharashtra,West Coast (Arabian Sea),19.076,72.8777,3.0,July 2023 Pluvial Urban Inundation,2023-07-03T18:00,1.1,1004.1,8.8,15.5,0.431,0.431,0.43
mumbai_mithi,Mumbai,Maharashtra,West Coast (Arabian Sea),19.076,72.8777,3.0,July 2023 Pluvial Urban Inundation,2023-07-03T19:00,0.7,1003.9,9.7,19.1,0.435,0.431,0.43
mumbai_mithi,Mumbai,Maharashtra,West Coast (Arabian Sea),19.076,72.8777,3.0,July 2023 Pluvial Urban Inundation,2023-07-03T20:00,2.4,1003.5,9.5,19.8,0.434,0.437,0.43
mumbai_mithi,Mumbai,Maharashtra,West Coast (Arabian Sea),19.076,72.8777,3.0,July 2023 Pluvial Urban Inundation,2023-07-03T21:00,0.1,1002.7,9.8,16.6,0.428,0.436,0.43
mumbai_mithi,Mumbai,Maharashtra,West Coast (Arabian Sea),19.076,72.8777,3.0,July 2023 Pluvial Urban Inundation,2023-07-03T22:00,0.1,1002.4,8.4,17.6,0.425,0.434,0.43
mumbai_mithi,Mumbai,Maharashtra,West Coast (Arabian Sea),19.076,72.8777,3.0,July 2023 Pluvial Urban Inundation,2023-07-03T23:00,1.0,1002.4,9.4,15.5,0.434,0.434,0.43
mumbai_mithi,Mumbai,Maharashtra,West Coast (Arabian Sea),19.076,72.8777,3.0,July 2023 Pluvial Urban Inundation,2023-07-04T00:00,3.8,1001.5,10.1,20.9,0.434,0.428,0.428
mumbai_mithi,Mumbai,Maharashtra,West Coast (Arabian Sea),19.076,72.8777,3.0,July 2023 Pluvial Urban Inundation,2023-07-04T01:00,0.4,1001.6,12.9,20.2,0.431,0.429,0.428
mumbai_mithi,Mumbai,Maharashtra,West Coast (Arabian Sea),19.076,72.8777,3.0,July 2023 Pluvial Urban Inundation,2023-07-04T02:00,7.2,1002.6,13.4,28.8,0.439,0.439,0.428
mumbai_mithi,Mumbai,Maharashtra,West Coast (Arabian Sea),19.076,72.8777,3.0,July 2023 Pluvial Urban Inundation,2023-07-04T03:00,19.8,1003.2,9.0,23.8,0.439,0.439,0.433
mumbai_mithi,Mumbai,Maharashtra,West Coast (Arabian Sea),19.076,72.8777,3.0,July 2023 Pluvial Urban Inundation,2023-07-04T04:00,1.5,1003.4,10.7,20.9,0.427,0.437,0.435
mumbai_mithi,Mumbai,Maharashtra,West Coast (Arabian Sea),19.076,72.8777,3.0,July 2023 Pluvial Urban Inundation,2023-07-04T05:00,0.2,1003.4,13.7,29.2,0.424,0.435,0.435
mumbai_mithi,Mumbai,Maharashtra,West Coast (Arabian Sea),19.076,72.8777,3.0,July 2023 Pluvial Urban Inundation,2023-07-04T06:00,3.9,1003.4,12.8,29.2,0.439,0.437,0.434
mumbai_mithi,Mumbai,Maharashtra,West Coast (Arabian Sea),19.076,72.8777,3.0,July 2023 Pluvial Urban Inundation,2023-07-04T07:00,1.0,1002.7,11.5,27.7,0.425,0.436,0.435
mumbai_mithi,Mumbai,Maharashtra,West Coast (Arabian Sea),19.076,72.8777,3.0,July 2023 Pluvial Urban Inundation,2023-07-04T08:00,0.2,1002.0,13.9,28.8,0.421,0.434,0.435
mumbai_mithi,Mumbai,Maharashtra,West Coast (Arabian Sea),19.076,72.8777,3.0,July 2023 Pluvial Urban Inundation,2023-07-04T09:00,0.1,1001.0,16.8,34.2,0.418,0.432,0.434
mumbai_mithi,Mumbai,Maharashtra,West Coast (Arabian Sea),19.076,72.8777,3.0,July 2023 Pluvial Urban Inundation,2023-07-04T10:00,0.0,1000.4,14.9,34.9,0.415,0.43,0.434
mumbai_mithi,Mumbai,Maharashtra,West Coast (Arabian Sea),19.076,72.8777,3.0,July 2023 Pluvial Urban Inundation,2023-07-04T11:00,0.1,999.7,15.8,31.7,0.413,0.428,0.433
mumbai_mithi,Mumbai,Maharashtra,West Coast (Arabian Sea),19.076,72.8777,3.0,July 2023 Pluvial Urban Inundation,2023-07-04T12:00,1.1,1000.0,15.5,32.0,0.438,0.438,0.43
mumbai_mithi,Mumbai,Maharashtra,West Coast (Arabian Sea),19.076,72.8777,3.0,July 2023 Pluvial Urban Inundation,2023-07-04T13:00,1.0,1000.4,12.6,29.2,0.427,0.437,0.432
mumbai_mithi,Mumbai,Maharashtra,West Coast (Arabian Sea),19.076,72.8777,3.0,July 2023 Pluvial Urban Inundation,2023-07-04T14:00,0.3,1000.8,9.2,22.0,0.425,0.435,0.432
mumbai_mithi,Mumbai,Maharashtra,West Coast (Arabian Sea),19.076,72.8777,3.0,July 2023 Pluvial Urban Inundation,2023-07-04T15:00,1.1,1001.5,10.1,20.9,0.434,0.434,0.432
mumbai_mithi,Mumbai,Maharashtra,West Coast (Arabian Sea),19.076,72.8777,3.0,July 2023 Pluvial Urban Inundation,2023-07-04T16:00,1.1,1001.9,8.7,20.5,0.437,0.436,0.432
mumbai_mithi,Mumbai,Maharashtra,West Coast (Arabian Sea),19.076,72.8777,3.0,July 2023 Pluvial Urban Inundation,2023-07-04T17:00,0.8,1002.3,9.7,16.6,0.437,0.436,0.432
mumbai_mithi,Mumbai,Maharashtra,West Coast (Arabian Sea),19.076,72.8777,3.0,July 2023 Pluvial Urban Inundation,2023-07-04T18:00,0.4,1002.0,7.7,17.6,0.433,0.436,0.432
mumbai_mithi,Mumbai,Maharashtra,West Coast (Arabian Sea),19.076,72.8777,3.0,July 2023 Pluvial Urban Inundation,2023-07-04T19:00,0.1,1001.8,10.9,18.4,0.428,0.435,0.432
mumbai_mithi,Mumbai,Maharashtra,West Coast (Arabian Sea),19.076,72.8777,3.0,July 2023 Pluvial Urban Inundation,2023-07-04T20:00,0.5,1001.5,9.7,20.5,0.429,0.434,0.432
mumbai_mithi,Mumbai,Maharashtra,West Coast (Arabian Sea),19.076,72.8777,3.0,July 2023 Pluvial Urban Inundation,2023-07-04T21:00,0.6,1000.6,11.5,20.9,0.431,0.434,0.432
mumbai_mithi,Mumbai,Maharashtra,West Coast (Arabian Sea),19.076,72.8777,3.0,July 2023 Pluvial Urban Inundation,2023-07-04T22:00,0.1,1000.4,12.7,21.6,0.427,0.433,0.431
mumbai_mithi,Mumbai,Maharashtra,West Coast (Arabian Sea),19.076,72.8777,3.0,July 2023 Pluvial Urban Inundation,2023-07-04T23:00,0.1,1000.2,10.1,21.6,0.424,0.432,0.431
mumbai_mithi,Mumbai,Maharashtra,West Coast (Arabian Sea),19.076,72.8777,3.0,July 2023 Pluvial Urban Inundation,2023-07-05T00:00,0.3,999.8,9.7,16.9,0.421,0.425,0.433
mumbai_mithi,Mumbai,Maharashtra,West Coast (Arabian Sea),19.076,72.8777,3.0,July 2023 Pluvial Urban Inundation,2023-07-05T01:00,0.1,999.9,9.0,16.2,0.419,0.424,0.433
mumbai_mithi,Mumbai,Maharashtra,West Coast (Arabian Sea),19.076,72.8777,3.0,July 2023 Pluvial Urban Inundation,2023-07-05T02:00,0.1,1000.3,10.2,17.3,0.418,0.423,0.432
mumbai_mithi,Mumbai,Maharashtra,West Coast (Arabian Sea),19.076,72.8777,3.0,July 2023 Pluvial Urban Inundation,2023-07-05T03:00,0.1,1000.8,9.8,20.9,0.417,0.422,0.432
mumbai_mithi,Mumbai,Maharashtra,West Coast (Arabian Sea),19.076,72.8777,3.0,July 2023 Pluvial Urban Inundation,2023-07-05T04:00,0.2,1000.8,10.4,23.8,0.416,0.421,0.431
mumbai_mithi,Mumbai,Maharashtra,West Coast (Arabian Sea),19.076,72.8777,3.0,July 2023 Pluvial Urban Inundation,2023-07-05T05:00,6.4,1001.3,12.7,28.8,0.439,0.429,0.431
mumbai_mithi,Mumbai,Maharashtra,West Coast (Arabian Sea),19.076,72.8777,3.0,July 2023 Pluvial Urban Inundation,2023-07-05T06:00,1.1,1001.0,11.2,27.7,0.43,0.433,0.431
mumbai_mithi,Mumbai,Maharashtra,West Coast (Arabian Sea),19.076,72.8777,3.0,July 2023 Pluvial Urban Inundation,2023-07-05T07:00,0.4,1000.5,12.2,28.4,0.427,0.432,0.431
mumbai_mithi,Mumbai,Maharashtra,West Coast (Arabian Sea),19.076,72.8777,3.0,July 2023 Pluvial Urban Inundation,2023-07-05T08:00,4.3,999.9,14.5,33.5,0.439,0.437,0.43
mumbai_mithi,Mumbai,Maharashtra,West Coast (Arabian Sea),19.076,72.8777,3.0,July 2023 Pluvial Urban Inundation,2023-07-05T09:00,4.7,999.4,13.6,33.1,0.431,0.438,0.433
mumbai_mithi,Mumbai,Maharashtra,West Coast (Arabian Sea),19.076,72.8777,3.0,July 2023 Pluvial Urban Inundation,2023-07-05T10:00,0.2,998.6,12.3,28.1,0.427,0.436,0.433
mumbai_mithi,Mumbai,Maharashtra,West Coast (Arabian Sea),19.076,72.8777,3.0,July 2023 Pluvial Urban Inundation,2023-07-05T11:00,0.1,998.4,11.0,24.5,0.423,0.435,0.433
mumbai_mithi,Mumbai,Maharashtra,West Coast (Arabian Sea),19.076,72.8777,3.0,July 2023 Pluvial Urban Inundation,2023-07-05T12:00,0.2,998.3,9.7,21.6,0.425,0.424,0.428
mumbai_mithi,Mumbai,Maharashtra,West Coast (Arabian Sea),19.076,72.8777,3.0,July 2023 Pluvial Urban Inundation,2023-07-05T13:00,1.4,999.0,9.8,19.4,0.435,0.424,0.428
mumbai_mithi,Mumbai,Maharashtra,West Coast (Arabian Sea),19.076,72.8777,3.0,July 2023 Pluvial Urban Inundation,2023-07-05T14:00,0.9,999.6,6.6,17.3,0.436,0.426,0.428
mumbai_mithi,Mumbai,Maharashtra,West Coast (Arabian Sea),19.076,72.8777,3.0,July 2023 Pluvial Urban Inundation,2023-07-05T15:00,5.3,1000.5,8.6,23.8,0.437,0.437,0.428
mumbai_mithi,Mumbai,Maharashtra,West Coast (Arabian Sea),19.076,72.8777,3.0,July 2023 Pluvial Urban Inundation,2023-07-05T16:00,3.4,1001.2,8.1,15.8,0.439,0.439,0.431
mumbai_mithi,Mumbai,Maharashtra,West Coast (Arabian Sea),19.076,72.8777,3.0,July 2023 Pluvial Urban Inundation,2023-07-05T17:00,4.7,1001.7,7.3,14.4,0.43,0.438,0.436
mumbai_mithi,Mumbai,Maharashtra,West Coast (Arabian Sea),19.076,72.8777,3.0,July 2023 Pluvial Urban Inundation,2023-07-05T18:00,0.6,1001.7,8.1,14.4,0.431,0.437,0.435
mumbai_mithi,Mumbai,Maharashtra,West Coast (Arabian Sea),19.076,72.8777,3.0,July 2023 Pluvial Urban Inundation,2023-07-05T19:00,4.1,1001.5,7.7,14.4,0.434,0.439,0.438
mumbai_mithi,Mumbai,Maharashtra,West Coast (Arabian Sea),19.076,72.8777,3.0,July 2023 Pluvial Urban Inundation,2023-07-05T20:00,1.9,1001.0,6.7,13.7,0.432,0.438,0.438
mumbai_mithi,Mumbai,Maharashtra,West Coast (Arabian Sea),19.076,72.8777,3.0,July 2023 Pluvial Urban Inundation,2023-07-05T21:00,1.8,1000.3,5.8,14.4,0.427,0.435,0.438
mumbai_mithi,Mumbai,Maharashtra,West Coast (Arabian Sea),19.076,72.8777,3.0,July 2023 Pluvial Urban Inundation,2023-07-05T22:00,1.4,1000.2,6.1,13.0,0.439,0.433,0.437
mumbai_mithi,Mumbai,Maharashtra,West Coast (Arabian Sea),19.076,72.8777,3.0,July 2023 Pluvial Urban Inundation,2023-07-05T23:00,13.9,1000.2,5.1,10.4,0.439,0.437,0.439
mumbai_mithi,Mumbai,Maharashtra,West Coast (Arabian Sea),19.076,72.8777,3.0,July 2023 Pluvial Urban Inundation,2023-07-06T00:00,5.5,1000.5,5.1,14.8,0.439,0.439,0.433
mumbai_mithi,Mumbai,Maharashtra,West Coast (Arabian Sea),19.076,72.8777,3.0,July 2023 Pluvial Urban Inundation,2023-07-06T01:00,11.1,1000.8,4.1,11.9,0.438,0.439,0.438
mumbai_mithi,Mumbai,Maharashtra,West Coast (Arabian Sea),19.076,72.8777,3.0,July 2023 Pluvial Urban Inundation,2023-07-06T02:00,7.0,1001.1,7.0,12.2,0.438,0.437,0.439
mumbai_mithi,Mumbai,Maharashtra,West Coast (Arabian Sea),19.076,72.8777,3.0,July 2023 Pluvial Urban Inundation,2023-07-06T03:00,3.1,1001.4,9.4,19.8,0.431,0.438,0.439
mumbai_mithi,Mumbai,Maharashtra,West Coast (Arabian Sea),19.076,72.8777,3.0,July 2023 Pluvial Urban Inundation,2023-07-06T04:00,7.0,1001.9,8.1,23.8,0.434,0.438,0.439
mumbai_mithi,Mumbai,Maharashtra,West Coast (Arabian Sea),19.076,72.8777,3.0,July 2023 Pluvial Urban Inundation,2023-07-06T05:00,12.0,1002.3,7.8,19.8,0.439,0.439,0.438
mumbai_mithi,Mumbai,Maharashtra,West Coast (Arabian Sea),19.076,72.8777,3.0,July 2023 Pluvial Urban Inundation,2023-07-06T06:00,4.2,1002.3,13.8,24.8,0.439,0.437,0.438
mumbai_mithi,Mumbai,Maharashtra,West Coast (Arabian Sea),19.076,72.8777,3.0,July 2023 Pluvial Urban Inundation,2023-07-06T07:00,5.8,1002.1,17.9,30.6,0.434,0.438,0.438
mumbai_mithi,Mumbai,Maharashtra,West Coast (Arabian Sea),19.076,72.8777,3.0,July 2023 Pluvial Urban Inundation,2023-07-06T08:00,4.7,1001.5,19.9,34.2,0.437,0.437,0.438
mumbai_mithi,Mumbai,Maharashtra,West Coast (Arabian Sea),19.076,72.8777,3.0,July 2023 Pluvial Urban Inundation,2023-07-06T09:00,3.1,1001.2,21.2,38.2,0.437,0.435,0.438
mumbai_mithi,Mumbai,Maharashtra,West Coast (Arabian Sea),19.076,72.8777,3.0,July 2023 Pluvial Urban Inundation,2023-07-06T10:00,2.2,1000.7,24.5,43.6,0.434,0.439,0.438
mumbai_mithi,Mumbai,Maharashtra,West Coast (Arabian Sea),19.076,72.8777,3.0,July 2023 Pluvial Urban Inundation,2023-07-06T11:00,2.7,1000.5,22.3,42.8,0.435,0.439,0.438
mumbai_mithi,Mumbai,Maharashtra,West Coast (Arabian Sea),19.076,72.8777,3.0,July 2023 Pluvial Urban Inundation,2023-07-06T12:00,2.1,1000.5,21.7,41.4,0.431,0.429,0.436
mumbai_mithi,Mumbai,Maharashtra,West Coast (Arabian Sea),19.076,72.8777,3.0,July 2023 Pluvial Urban Inundation,2023-07-06T13:00,0.8,1001.1,21.7,42.8,0.432,0.428,0.435
mumbai_mithi,Mumbai,Maharashtra,West Coast (Arabian Sea),19.076,72.8777,3.0,July 2023 Pluvial Urban Inundation,2023-07-06T14:00,0.5,1002.0,21.4,39.6,0.43,0.428,0.435
mumbai_mithi,Mumbai,Maharashtra,West Coast (Arabian Sea),19.076,72.8777,3.0,July 2023 Pluvial Urban Inundation,2023-07-06T15:00,0.7,1002.7,19.2,38.5,0.433,0.428,0.434
mumbai_mithi,Mumbai,Maharashtra,West Coast (Arabian Sea),19.076,72.8777,3.0,July 2023 Pluvial Urban Inundation,2023-07-06T16:00,0.9,1003.4,21.0,38.2,0.435,0.429,0.434
mumbai_mithi,Mumbai,Maharashtra,West Coast (Arabian Sea),19.076,72.8777,3.0,July 2023 Pluvial Urban Inundation,2023-07-06T17:00,0.3,1003.4,18.3,36.7,0.431,0.429,0.433
mumbai_mithi,Mumbai,Maharashtra,West Coast (Arabian Sea),19.076,72.8777,3.0,July 2023 Pluvial Urban Inundation,2023-07-06T18:00,0.7,1003.5,18.9,33.1,0.434,0.429,0.433
mumbai_mithi,Mumbai,Maharashtra,West Coast (Arabian Sea),19.076,72.8777,3.0,July 2023 Pluvial Urban Inundation,2023-07-06T19:00,0.3,1003.1,19.2,33.8,0.431,0.43,0.433
mumbai_mithi,Mumbai,Maharashtra,West Coast (Arabian Sea),19.076,72.8777,3.0,July 2023 Pluvial Urban Inundation,2023-07-06T20:00,0.4,1002.5,16.0,33.5,0.43,0.43,0.432
mumbai_mithi,Mumbai,Maharashtra,West Coast (Arabian Sea),19.076,72.8777,3.0,July 2023 Pluvial Urban Inundation,2023-07-06T21:00,0.8,1001.6,15.2,29.5,0.434,0.43,0.432
mumbai_mithi,Mumbai,Maharashtra,West Coast (Arabian Sea),19.076,72.8777,3.0,July 2023 Pluvial Urban Inundation,2023-07-06T22:00,1.0,1001.6,15.6,28.8,0.437,0.431,0.432
mumbai_mithi,Mumbai,Maharashtra,West Coast (Arabian Sea),19.076,72.8777,3.0,July 2023 Pluvial Urban Inundation,2023-07-06T23:00,1.3,1001.5,18.4,32.0,0.437,0.435,0.432
mumbai_mithi,Mumbai,Maharashtra,West Coast (Arabian Sea),19.076,72.8777,3.0,July 2023 Pluvial Urban Inundation,2023-07-07T00:00,0.6,1001.4,17.1,32.0,0.438,0.439,0.438
mumbai_mithi,Mumbai,Maharashtra,West Coast (Arabian Sea),19.076,72.8777,3.0,July 2023 Pluvial Urban Inundation,2023-07-07T01:00,1.7,1001.6,16.0,31.0,0.428,0.438,0.438
mumbai_mithi,Mumbai,Maharashtra,West Coast (Arabian Sea),19.076,72.8777,3.0,July 2023 Pluvial Urban Inundation,2023-07-07T02:00,3.2,1002.7,20.4,39.2,0.437,0.439,0.438
mumbai_mithi,Mumbai,Maharashtra,West Coast (Arabian Sea),19.076,72.8777,3.0,July 2023 Pluvial Urban Inundation,2023-07-07T03:00,5.3,1003.2,18.6,37.4,0.431,0.438,0.438
mumbai_mithi,Mumbai,Maharashtra,West Coast (Arabian Sea),19.076,72.8777,3.0,July 2023 Pluvial Urban Inundation,2023-07-07T04:00,1.1,1003.5,16.3,35.6,0.435,0.436,0.437
mumbai_mithi,Mumbai,Maharashtra,West Coast (Arabian Sea),19.076,72.8777,3.0,July 2023 Pluvial Urban Inundation,2023-07-07T05:00,1.8,1003.6,20.0,37.4,0.434,0.438,0.437
mumbai_mithi,Mumbai,Maharashtra,West Coast (Arabian Sea),19.076,72.8777,3.0,July 2023 Pluvial Urban Inundation,2023-07-07T06:00,1.1,1003.6,22.4,41.4,0.435,0.437,0.436
mumbai_mithi,Mumbai,Maharashtra,West Coast (Arabian Sea),19.076,72.8777,3.0,July 2023 Pluvial Urban Inundation,2023-07-07T07:00,1.3,1003.1,20.8,42.5,0.427,0.437,0.437
mumbai_mithi,Mumbai,Maharashtra,West Coast (Arabian Sea),19.076,72.8777,3.0,July 2023 Pluvial Urban Inundation,2023-07-07T08:00,3.6,1002.4,26.8,49.7,0.433,0.439,0.436
mumbai_mithi,Mumbai,Maharashtra,West Coast (Arabian Sea),19.076,72.8777,3.0,July 2023 Pluvial Urban Inundation,2023-07-07T09:00,2.3,1001.4,25.5,51.5,0.43,0.437,0.437
mumbai_mithi,Mumbai,Maharashtra,West Coast (Arabian Sea),19.076,72.8777,3.0,July 2023 Pluvial Urban Inundation,2023-07-07T10:00,2.7,1001.2,23.8,46.8,0.427,0.433,0.438
mumbai_mithi,Mumbai,Maharashtra,West Coast (Arabian Sea),19.076,72.8777,3.0,July 2023 Pluvial Urban Inundation,2023-07-07T11:00,2.5,1001.3,24.3,45.4,0.439,0.435,0.437
mumbai_mithi,Mumbai,Maharashtra,West Coast (Arabian Sea),19.076,72.8777,3.0,July 2023 Pluvial Urban Inundation,2023-07-07T12:00,3.3,1001.1,26.3,44.6,0.424,0.435,0.436
mumbai_mithi,Mumbai,Maharashtra,West Coast (Arabian Sea),19.076,72.8777,3.0,July 2023 Pluvial Urban Inundation,2023-07-07T13:00,2.2,1001.6,26.4,49.0,0.439,0.435,0.436
mumbai_mithi,Mumbai,Maharashtra,West Coast (Arabian Sea),19.076,72.8777,3.0,July 2023 Pluvial Urban Inundation,2023-07-07T14:00,3.4,1002.7,23.5,46.8,0.438,0.439,0.437
mumbai_mithi,Mumbai,Maharashtra,West Coast (Arabian Sea),19.076,72.8777,3.0,July 2023 Pluvial Urban Inundation,2023-07-07T15:00,4.3,1003.7,21.5,42.1,0.434,0.439,0.439
mumbai_mithi,Mumbai,Maharashtra,West Coast (Arabian Sea),19.076,72.8777,3.0,July 2023 Pluvial Urban Inundation,2023-07-07T16:00,3.4,1004.2,20.5,39.2,0.439,0.439,0.438
mumbai_mithi,Mumbai,Maharashtra,West Coast (Arabian Sea),19.076,72.8777,3.0,July 2023 Pluvial Urban Inundation,2023-07-07T17:00,1.5,1004.6,21.8,38.5,0.434,0.433,0.438
mumbai_mithi,Mumbai,Maharashtra,West Coast (Arabian Sea),19.076,72.8777,3.0,July 2023 Pluvial Urban Inundation,2023-07-07T18:00,1.6,1004.7,22.0,39.2,0.439,0.433,0.437
mumbai_mithi,Mumbai,Maharashtra,West Coast (Arabian Sea),19.076,72.8777,3.0,July 2023 Pluvial Urban Inundation,2023-07-07T19:00,2.8,1004.2,22.8,39.6,0.437,0.439,0.437
mumbai_mithi,Mumbai,Maharashtra,West Coast (Arabian Sea),19.076,72.8777,3.0,July 2023 Pluvial Urban Inundation,2023-07-07T20:00,2.5,1003.7,22.2,42.8,0.429,0.438,0.438
mumbai_mithi,Mumbai,Maharashtra,West Coast (Arabian Sea),19.076,72.8777,3.0,July 2023 Pluvial Urban Inundation,2023-07-07T21:00,0.6,1003.3,22.6,41.8,0.429,0.436,0.438
mumbai_mithi,Mumbai,Maharashtra,West Coast (Arabian Sea),19.076,72.8777,3.0,July 2023 Pluvial Urban Inundation,2023-07-07T22:00,1.0,1003.1,17.6,39.2,0.435,0.434,0.437
mumbai_mithi,Mumbai,Maharashtra,West Coast (Arabian Sea),19.076,72.8777,3.0,July 2023 Pluvial Urban Inundation,2023-07-07T23:00,0.4,1003.2,19.9,36.0,0.434,0.433,0.436
mumbai_mithi,Mumbai,Maharashtra,West Coast (Arabian Sea),19.076,72.8777,3.0,July 2023 Pluvial Urban Inundation,2023-07-08T00:00,0.9,1003.2,19.2,36.4,0.426,0.433,0.435
mumbai_mithi,Mumbai,Maharashtra,West Coast (Arabian Sea),19.076,72.8777,3.0,July 2023 Pluvial Urban Inundation,2023-07-08T01:00,0.2,1003.4,22.1,37.4,0.424,0.432,0.435
mumbai_mithi,Mumbai,Maharashtra,West Coast (Arabian Sea),19.076,72.8777,3.0,July 2023 Pluvial Urban Inundation,2023-07-08T02:00,0.5,1004.0,22.2,41.0,0.424,0.431,0.434
mumbai_mithi,Mumbai,Maharashtra,West Coast (Arabian Sea),19.076,72.8777,3.0,July 2023 Pluvial Urban Inundation,2023-07-08T03:00,0.5,1004.6,22.0,45.7,0.426,0.43,0.434
mumbai_mithi,Mumbai,Maharashtra,West Coast (Arabian Sea),19.076,72.8777,3.0,July 2023 Pluvial Urban Inundation,2023-07-08T04:00,0.1,1005.1,26.9,53.3,0.422,0.429,0.434
mumbai_mithi,Mumbai,Maharashtra,West Coast (Arabian Sea),19.076,72.8777,3.0,July 2023 Pluvial Urban Inundation,2023-07-08T05:00,0.9,1005.5,25.8,51.8,0.426,0.428,0.433
mumbai_mithi,Mumbai,Maharashtra,West Coast (Arabian Sea),19.076,72.8777,3.0,July 2023 Pluvial Urban Inundation,2023-07-08T06:00,0.5,1005.2,26.0,58.0,0.425,0.427,0.433
mumbai_mithi,Mumbai,Maharashtra,West Coast (Arabian Sea),19.076,72.8777,3.0,July 2023 Pluvial Urban Inundation,2023-07-08T07:00,0.1,1005.0,27.7,55.8,0.421,0.425,0.432
mumbai_mithi,Mumbai,Maharashtra,West Coast (Arabian Sea),19.076,72.8777,3.0,July 2023 Pluvial Urban Inundation,2023-07-08T08:00,0.0,1004.5,27.2,56.9,0.417,0.424,0.432
mumbai_mithi,Mumbai,Maharashtra,West Coast (Arabian Sea),19.076,72.8777,3.0,July 2023 Pluvial Urban Inundation,2023-07-08T09:00,0.0,1003.5,29.3,57.6,0.413,0.422,0.431
mumbai_mithi,Mumbai,Maharashtra,West Coast (Arabian Sea),19.076,72.8777,3.0,July 2023 Pluvial Urban Inundation,2023-07-08T10:00,0.0,1003.3,28.9,59.4,0.409,0.42,0.431
mumbai_mithi,Mumbai,Maharashtra,West Coast (Arabian Sea),19.076,72.8777,3.0,July 2023 Pluvial Urban Inundation,2023-07-08T11:00,0.0,1003.2,28.9,56.2,0.406,0.418,0.431
mumbai_mithi,Mumbai,Maharashtra,West Coast (Arabian Sea),19.076,72.8777,3.0,July 2023 Pluvial Urban Inundation,2023-07-08T12:00,0.2,1003.5,24.7,54.4,0.416,0.426,0.43
mumbai_mithi,Mumbai,Maharashtra,West Coast (Arabian Sea),19.076,72.8777,3.0,July 2023 Pluvial Urban Inundation,2023-07-08T13:00,0.2,1004.2,24.5,46.4,0.415,0.425,0.43
mumbai_mithi,Mumbai,Maharashtra,West Coast (Arabian Sea),19.076,72.8777,3.0,July 2023 Pluvial Urban Inundation,2023-07-08T14:00,0.8,1004.7,21.9,42.5,0.419,0.424,0.43
mumbai_mithi,Mumbai,Maharashtra,West Coast (Arabian Sea),19.076,72.8777,3.0,July 2023 Pluvial Urban Inundation,2023-07-08T15:00,0.3,1005.6,22.4,39.6,0.42,0.423,0.429
mumbai_mithi,Mumbai,Maharashtra,West Coast (Arabian Sea),19.076,72.8777,3.0,July 2023 Pluvial Urban Inundation,2023-07-08T16:00,0.0,1006.0,21.1,40.0,0.418,0.423,0.429
mumbai_mithi,Mumbai,Maharashtra,West Coast (Arabian Sea),19.076,72.8777,3.0,July 2023 Pluvial Urban Inundation,2023-07-08T17:00,0.3,1006.3,21.4,38.9,0.418,0.422,0.429
mumbai_mithi,Mumbai,Maharashtra,West Coast (Arabian Sea),19.076,72.8777,3.0,July 2023 Pluvial Urban Inundation,2023-07-08T18:00,0.2,1005.6,23.2,39.6,0.417,0.422,0.429
mumbai_mithi,Mumbai,Maharashtra,West Coast (Arabian Sea),19.076,72.8777,3.0,July 2023 Pluvial Urban Inundation,2023-07-08T19:00,0.3,1005.1,22.2,41.0,0.417,0.421,0.429
mumbai_mithi,Mumbai,Maharashtra,West Coast (Arabian Sea),19.076,72.8777,3.0,July 2023 Pluvial Urban Inundation,2023-07-08T20:00,0.8,1004.4,21.9,40.0,0.423,0.421,0.428
mumbai_mithi,Mumbai,Maharashtra,West Coast (Arabian Sea),19.076,72.8777,3.0,July 2023 Pluvial Urban Inundation,2023-07-08T21:00,0.6,1003.9,20.4,38.2,0.426,0.42,0.428
mumbai_mithi,Mumbai,Maharashtra,West Coast (Arabian Sea),19.076,72.8777,3.0,July 2023 Pluvial Urban Inundation,2023-07-08T22:00,1.5,1003.9,20.1,34.9,0.43,0.424,0.428
mumbai_mithi,Mumbai,Maharashtra,West Coast (Arabian Sea),19.076,72.8777,3.0,July 2023 Pluvial Urban Inundation,2023-07-08T23:00,0.3,1004.1,20.6,38.2,0.428,0.424,0.428
mumbai_mithi,Mumbai,Maharashtra,West Coast (Arabian Sea),19.076,72.8777,3.0,July 2023 Pluvial Urban Inundation,2023-07-09T00:00,0.9,1003.9,20.3,34.9,0.424,0.419,0.429
mumbai_mithi,Mumbai,Maharashtra,West Coast (Arabian Sea),19.076,72.8777,3.0,July 2023 Pluvial Urban Inundation,2023-07-09T01:00,0.5,1004.8,19.1,38.5,0.424,0.419,0.429
mumbai_mithi,Mumbai,Maharashtra,West Coast (Arabian Sea),19.076,72.8777,3.0,July 2023 Pluvial Urban Inundation,2023-07-09T02:00,0.6,1005.1,19.2,36.4,0.426,0.419,0.428
mumbai_mithi,Mumbai,Maharashtra,West Coast (Arabian Sea),19.076,72.8777,3.0,July 2023 Pluvial Urban Inundation,2023-07-09T03:00,2.8,1005.7,19.5,39.2,0.431,0.424,0.428
mumbai_mithi,Mumbai,Maharashtra,West Coast (Arabian Sea),19.076,72.8777,3.0,July 2023 Pluvial Urban Inundation,2023-07-09T04:00,0.1,1006.1,23.7,44.6,0.426,0.424,0.428
mumbai_mithi,Mumbai,Maharashtra,West Coast (Arabian Sea),19.076,72.8777,3.0,July 2023 Pluvial Urban Inundation,2023-07-09T05:00,0.1,1006.3,23.9,46.1,0.423,0.424,0.428
mumbai_mithi,Mumbai,Maharashtra,West Coast (Arabian Sea),19.076,72.8777,3.0,July 2023 Pluvial Urban Inundation,2023-07-09T06:00,0.0,1006.1,24.4,50.4,0.418,0.423,0.427
mumbai_mithi,Mumbai,Maharashtra,West Coast (Arabian Sea),19.076,72.8777,3.0,July 2023 Pluvial Urban Inundation,2023-07-09T07:00,0.2,1005.8,25.6,53.3,0.415,0.421,0.427
mumbai_mithi,Mumbai,Maharashtra,West Coast (Arabian Sea),19.076,72.8777,3.0,July 2023 Pluvial Urban Inundation,2023-07-09T08:00,0.2,1005.7,24.2,50.4,0.413,0.42,0.427
mumbai_mithi,Mumbai,Maharashtra,West Coast (Arabian Sea),19.076,72.8777,3.0,July 2023 Pluvial Urban Inundation,2023-07-09T09:00,0.4,1005.0,26.2,52.2,0.413,0.419,0.426
mumbai_mithi,Mumbai,Maharashtra,West Coast (Arabian Sea),19.076,72.8777,3.0,July 2023 Pluvial Urban Inundation,2023-07-09T10:00,0.1,1004.6,27.4,51.1,0.41,0.418,0.426
mumbai_mithi,Mumbai,Maharashtra,West Coast (Arabian Sea),19.076,72.8777,3.0,July 2023 Pluvial Urban Inundation,2023-07-09T11:00,0.1,1004.2,24.1,53.6,0.408,0.417,0.426
mumbai_mithi,Mumbai,Maharashtra,West Coast (Arabian Sea),19.076,72.8777,3.0,July 2023 Pluvial Urban Inundation,2023-07-09T12:00,0.2,1004.5,24.9,47.2,0.411,0.425,0.428
mumbai_mithi,Mumbai,Maharashtra,West Coast (Arabian Sea),19.076,72.8777,3.0,July 2023 Pluvial Urban Inundation,2023-07-09T13:00,0.2,1005.4,21.3,46.1,0.411,0.424,0.428
mumbai_mithi,Mumbai,Maharashtra,West Coast (Arabian Sea),19.076,72.8777,3.0,July 2023 Pluvial Urban Inundation,2023-07-09T14:00,0.2,1006.0,19.1,38.9,0.411,0.423,0.428
mumbai_mithi,Mumbai,Maharashtra,West Coast (Arabian Sea),19.076,72.8777,3.0,July 2023 Pluvial Urban Inundation,2023-07-09T15:00,0.7,1006.2,19.5,35.6,0.417,0.423,0.428
mumbai_mithi,Mumbai,Maharashtra,West Coast (Arabian Sea),19.076,72.8777,3.0,July 2023 Pluvial Urban Inundation,2023-07-09T16:00,0.0,1006.6,17.1,35.6,0.415,0.422,0.428
mumbai_mithi,Mumbai,Maharashtra,West Coast (Arabian Sea),19.076,72.8777,3.0,July 2023 Pluvial Urban Inundation,2023-07-09T17:00,0.0,1006.4,18.9,32.4,0.413,0.422,0.427
mumbai_mithi,Mumbai,Maharashtra,West Coast (Arabian Sea),19.076,72.8777,3.0,July 2023 Pluvial Urban Inundation,2023-07-09T18:00,0.0,1006.1,20.1,35.6,0.412,0.421,0.427
mumbai_mithi,Mumbai,Maharashtra,West Coast (Arabian Sea),19.076,72.8777,3.0,July 2023 Pluvial Urban Inundation,2023-07-09T19:00,0.2,1005.9,18.8,34.9,0.412,0.42,0.427
mumbai_mithi,Mumbai,Maharashtra,West Coast (Arabian Sea),19.076,72.8777,3.0,July 2023 Pluvial Urban Inundation,2023-07-09T20:00,0.3,1005.8,17.6,33.5,0.413,0.42,0.427
mumbai_mithi,Mumbai,Maharashtra,West Coast (Arabian Sea),19.076,72.8777,3.0,July 2023 Pluvial Urban Inundation,2023-07-09T21:00,0.4,1005.0,16.7,31.7,0.415,0.419,0.427
mumbai_mithi,Mumbai,Maharashtra,West Coast (Arabian Sea),19.076,72.8777,3.0,July 2023 Pluvial Urban Inundation,2023-07-09T22:00,0.1,1004.8,15.3,31.0,0.414,0.419,0.427
mumbai_mithi,Mumbai,Maharashtra,West Coast (Arabian Sea),19.076,72.8777,3.0,July 2023 Pluvial Urban Inundation,2023-07-09T23:00,0.6,1004.8,16.5,29.2,0.419,0.418,0.426
mumbai_mithi,Mumbai,Maharashtra,West Coast (Arabian Sea),19.076,72.8777,3.0,July 2023 Pluvial Urban Inundation,2023-07-10T00:00,0.1,1005.0,17.6,28.8,0.425,0.426,0.421
mumbai_mithi,Mumbai,Maharashtra,West Coast (Arabian Sea),19.076,72.8777,3.0,July 2023 Pluvial Urban Inundation,2023-07-10T01:00,0.0,1005.4,14.3,31.7,0.422,0.426,0.421
mumbai_mithi,Mumbai,Maharashtra,West Coast (Arabian Sea),19.076,72.8777,3.0,July 2023 Pluvial Urban Inundation,2023-07-10T02:00,0.2,1005.8,16.1,28.8,0.421,0.425,0.421
mumbai_mithi,Mumbai,Maharashtra,West Coast (Arabian Sea),19.076,72.8777,3.0,July 2023 Pluvial Urban Inundation,2023-07-10T03:00,0.1,1006.3,18.1,33.8,0.42,0.425,0.421
mumbai_mithi,Mumbai,Maharashtra,West Coast (Arabian Sea),19.076,72.8777,3.0,July 2023 Pluvial Urban Inundation,2023-07-10T04:00,0.0,1006.6,20.0,38.9,0.417,0.425,0.421
mumbai_mithi,Mumbai,Maharashtra,West Coast (Arabian Sea),19.076,72.8777,3.0,July 2023 Pluvial Urban Inundation,2023-07-10T05:00,0.3,1006.8,18.5,39.2,0.416,0.424,0.42
mumbai_mithi,Mumbai,Maharashtra,West Coast (Arabian Sea),19.076,72.8777,3.0,July 2023 Pluvial Urban Inundation,2023-07-10T06:00,0.1,1006.6,19.4,37.4,0.414,0.423,0.42
mumbai_mithi,Mumbai,Maharashtra,West Coast (Arabian Sea),19.076,72.8777,3.0,July 2023 Pluvial Urban Inundation,2023-07-10T07:00,0.5,1006.6,20.9,41.8,0.415,0.422,0.42
mumbai_mithi,Mumbai,Maharashtra,West Coast (Arabian Sea),19.076,72.8777,3.0,July 2023 Pluvial Urban Inundation,2023-07-10T08:00,0.1,1005.8,20.9,40.0,0.413,0.421,0.42
mumbai_mithi,Mumbai,Maharashtra,West Coast (Arabian Sea),19.076,72.8777,3.0,July 2023 Pluvial Urban Inundation,2023-07-10T09:00,0.1,1005.4,21.4,44.6,0.41,0.42,0.42
mumbai_mithi,Mumbai,Maharashtra,West Coast (Arabian Sea),19.076,72.8777,3.0,July 2023 Pluvial Urban Inundation,2023-07-10T10:00,0.0,1004.9,22.7,42.8,0.408,0.419,0.42
mumbai_mithi,Mumbai,Maharashtra,West Coast (Arabian Sea),19.076,72.8777,3.0,July 2023 Pluvial Urban Inundation,2023-07-10T11:00,0.1,1004.6,22.4,43.2,0.406,0.418,0.42
mumbai_mithi,Mumbai,Maharashtra,West Coast (Arabian Sea),19.076,72.8777,3.0,July 2023 Pluvial Urban Inundation,2023-07-10T12:00,0.1,1004.7,19.6,41.4,0.398,0.413,0.408
mumbai_mithi,Mumbai,Maharashtra,West Coast (Arabian Sea),19.076,72.8777,3.0,July 2023 Pluvial Urban Inundation,2023-07-10T13:00,0.1,1004.9,17.5,36.0,0.398,0.412,0.408
mumbai_mithi,Mumbai,Maharashtra,West Coast (Arabian Sea),19.076,72.8777,3.0,July 2023 Pluvial Urban Inundation,2023-07-10T14:00,0.0,1006.0,15.7,30.2,0.397,0.412,0.408
mumbai_mithi,Mumbai,Maharashtra,West Coast (Arabian Sea),19.076,72.8777,3.0,July 2023 Pluvial Urban Inundation,2023-07-10T15:00,0.0,1006.6,15.0,27.0,0.397,0.411,0.408
mumbai_mithi,Mumbai,Maharashtra,West Coast (Arabian Sea),19.076,72.8777,3.0,July 2023 Pluvial Urban Inundation,2023-07-10T16:00,0.0,1007.1,14.7,26.3,0.396,0.411,0.408
mumbai_mithi,Mumbai,Maharashtra,West Coast (Arabian Sea),19.076,72.8777,3.0,July 2023 Pluvial Urban Inundation,2023-07-10T17:00,0.0,1007.3,15.5,26.3,0.396,0.411,0.408
mumbai_mithi,Mumbai,Maharashtra,West Coast (Arabian Sea),19.076,72.8777,3.0,July 2023 Pluvial Urban Inundation,2023-07-10T18:00,0.1,1007.2,16.0,28.4,0.396,0.41,0.408
mumbai_mithi,Mumbai,Maharashtra,West Coast (Arabian Sea),19.076,72.8777,3.0,July 2023 Pluvial Urban Inundation,2023-07-10T19:00,0.1,1006.8,16.1,28.1,0.396,0.41,0.408
mumbai_mithi,Mumbai,Maharashtra,West Coast (Arabian Sea),19.076,72.8777,3.0,July 2023 Pluvial Urban Inundation,2023-07-10T20:00,0.0,1006.0,17.0,28.8,0.396,0.409,0.408
mumbai_mithi,Mumbai,Maharashtra,West Coast (Arabian Sea),19.076,72.8777,3.0,July 2023 Pluvial Urban Inundation,2023-07-10T21:00,0.1,1005.5,15.8,29.5,0.396,0.409,0.408
mumbai_mithi,Mumbai,Maharashtra,West Coast (Arabian Sea),19.076,72.8777,3.0,July 2023 Pluvial Urban Inundation,2023-07-10T22:00,0.4,1005.4,14.6,27.4,0.399,0.409,0.408
mumbai_mithi,Mumbai,Maharashtra,West Coast (Arabian Sea),19.076,72.8777,3.0,July 2023 Pluvial Urban Inundation,2023-07-10T23:00,0.4,1005.2,14.2,25.9,0.401,0.409,0.408
mumbai_mithi,Mumbai,Maharashtra,West Coast (Arabian Sea),19.076,72.8777,3.0,July 2023 Pluvial Urban Inundation,2023-07-11T00:00,0.0,1005.4,13.4,24.5,0.413,0.411,0.406
mumbai_mithi,Mumbai,Maharashtra,West Coast (Arabian Sea),19.076,72.8777,3.0,July 2023 Pluvial Urban Inundation,2023-07-11T01:00,0.3,1005.8,13.6,23.4,0.414,0.411,0.406
mumbai_mithi,Mumbai,Maharashtra,West Coast (Arabian Sea),19.076,72.8777,3.0,July 2023 Pluvial Urban Inundation,2023-07-11T02:00,0.0,1006.2,14.8,25.6,0.412,0.411,0.406
mumbai_mithi,Mumbai,Maharashtra,West Coast (Arabian Sea),19.076,72.8777,3.0,July 2023 Pluvial Urban Inundation,2023-07-11T03:00,0.0,1006.8,16.6,31.7,0.41,0.411,0.406
mumbai_mithi,Mumbai,Maharashtra,West Coast (Arabian Sea),19.076,72.8777,3.0,July 2023 Pluvial Urban Inundation,2023-07-11T04:00,0.0,1007.1,16.9,33.5,0.408,0.41,0.406
mumbai_mithi,Mumbai,Maharashtra,West Coast (Arabian Sea),19.076,72.8777,3.0,July 2023 Pluvial Urban Inundation,2023-07-11T05:00,0.0,1007.1,16.9,34.6,0.405,0.41,0.406
mumbai_mithi,Mumbai,Maharashtra,West Coast (Arabian Sea),19.076,72.8777,3.0,July 2023 Pluvial Urban Inundation,2023-07-11T06:00,0.1,1007.2,17.3,35.6,0.403,0.409,0.406
mumbai_mithi,Mumbai,Maharashtra,West Coast (Arabian Sea),19.076,72.8777,3.0,July 2023 Pluvial Urban Inundation,2023-07-11T07:00,0.0,1007.0,18.2,36.4,0.4,0.408,0.406
mumbai_mithi,Mumbai,Maharashtra,West Coast (Arabian Sea),19.076,72.8777,3.0,July 2023 Pluvial Urban Inundation,2023-07-11T08:00,0.2,1006.3,18.7,37.4,0.398,0.407,0.405
mumbai_mithi,Mumbai,Maharashtra,West Coast (Arabian Sea),19.076,72.8777,3.0,July 2023 Pluvial Urban Inundation,2023-07-11T09:00,0.3,1005.3,20.4,40.3,0.397,0.406,0.405
mumbai_mithi,Mumbai,Maharashtra,West Coast (Arabian Sea),19.076,72.8777,3.0,July 2023 Pluvial Urban Inundation,2023-07-11T10:00,0.8,1005.0,20.1,39.6,0.402,0.406,0.405
mumbai_mithi,Mumbai,Maharashtra,West Coast (Arabian Sea),19.076,72.8777,3.0,July 2023 Pluvial Urban Inundation,2023-07-11T11:00,0.1,1004.6,20.0,38.9,0.4,0.405,0.405
mumbai_mithi,Mumbai,Maharashtra,West Coast (Arabian Sea),19.076,72.8777,3.0,July 2023 Pluvial Urban Inundation,2023-07-11T12:00,0.4,1004.6,20.0,38.5,0.406,0.408,0.408
mumbai_mithi,Mumbai,Maharashtra,West Coast (Arabian Sea),19.076,72.8777,3.0,July 2023 Pluvial Urban Inundation,2023-07-11T13:00,0.2,1004.8,14.4,34.9,0.407,0.408,0.407
mumbai_mithi,Mumbai,Maharashtra,West Coast (Arabian Sea),19.076,72.8777,3.0,July 2023 Pluvial Urban Inundation,2023-07-11T14:00,0.2,1005.7,12.7,25.2,0.407,0.408,0.407
mumbai_mithi,Mumbai,Maharashtra,West Coast (Arabian Sea),19.076,72.8777,3.0,July 2023 Pluvial Urban Inundation,2023-07-11T15:00,0.0,1006.4,11.7,22.7,0.406,0.407,0.407
mumbai_mithi,Mumbai,Maharashtra,West Coast (Arabian Sea),19.076,72.8777,3.0,July 2023 Pluvial Urban Inundation,2023-07-11T16:00,0.3,1006.9,8.0,19.4,0.407,0.407,0.407
mumbai_mithi,Mumbai,Maharashtra,West Coast (Arabian Sea),19.076,72.8777,3.0,July 2023 Pluvial Urban Inundation,2023-07-11T17:00,0.2,1007.2,6.2,14.4,0.407,0.407,0.407
mumbai_mithi,Mumbai,Maharashtra,West Coast (Arabian Sea),19.076,72.8777,3.0,July 2023 Pluvial Urban Inundation,2023-07-11T18:00,0.2,1007.0,4.8,10.1,0.407,0.407,0.407
mumbai_mithi,Mumbai,Maharashtra,West Coast (Arabian Sea),19.076,72.8777,3.0,July 2023 Pluvial Urban Inundation,2023-07-11T19:00,0.5,1006.5,6.8,12.6,0.412,0.408,0.407
mumbai_mithi,Mumbai,Maharashtra,West Coast (Arabian Sea),19.076,72.8777,3.0,July 2023 Pluvial Urban Inundation,2023-07-11T20:00,0.3,1005.8,7.7,13.0,0.413,0.408,0.407
mumbai_mithi,Mumbai,Maharashtra,West Coast (Arabian Sea),19.076,72.8777,3.0,July 2023 Pluvial Urban Inundation,2023-07-11T21:00,0.3,1005.2,6.5,14.8,0.415,0.408,0.407
mumbai_mithi,Mumbai,Maharashtra,West Coast (Arabian Sea),19.076,72.8777,3.0,July 2023 Pluvial Urban Inundation,2023-07-11T22:00,0.4,1004.7,5.7,10.8,0.417,0.409,0.407
mumbai_mithi,Mumbai,Maharashtra,West Coast (Arabian Sea),19.076,72.8777,3.0,July 2023 Pluvial Urban Inundation,2023-07-11T23:00,0.1,1004.5,12.3,20.2,0.415,0.409,0.407
mumbai_mithi,Mumbai,Maharashtra,West Coast (Arabian Sea),19.076,72.8777,3.0,July 2023 Pluvial Urban Inundation,2023-07-12T00:00,0.1,1004.1,5.8,20.5,0.407,0.407,0.403
mumbai_mithi,Mumbai,Maharashtra,West Coast (Arabian Sea),19.076,72.8777,3.0,July 2023 Pluvial Urban Inundation,2023-07-12T01:00,0.0,1004.8,7.8,13.0,0.406,0.407,0.403
mumbai_mithi,Mumbai,Maharashtra,West Coast (Arabian Sea),19.076,72.8777,3.0,July 2023 Pluvial Urban Inundation,2023-07-12T02:00,0.3,1005.4,4.0,13.3,0.408,0.407,0.403
mumbai_mithi,Mumbai,Maharashtra,West Coast (Arabian Sea),19.076,72.8777,3.0,July 2023 Pluvial Urban Inundation,2023-07-12T03:00,0.3,1005.8,4.8,12.2,0.41,0.407,0.403
mumbai_mithi,Mumbai,Maharashtra,West Coast (Arabian Sea),19.076,72.8777,3.0,July 2023 Pluvial Urban Inundation,2023-07-12T04:00,1.0,1006.6,3.6,14.4,0.42,0.407,0.403
mumbai_mithi,Mumbai,Maharashtra,West Coast (Arabian Sea),19.076,72.8777,3.0,July 2023 Pluvial Urban Inundation,2023-07-12T05:00,0.7,1006.5,7.5,16.2,0.423,0.408,0.403
mumbai_mithi,Mumbai,Maharashtra,West Coast (Arabian Sea),19.076,72.8777,3.0,July 2023 Pluvial Urban Inundation,2023-07-12T06:00,0.6,1006.2,8.0,18.0,0.424,0.409,0.403
mumbai_mithi,Mumbai,Maharashtra,West Coast (Arabian Sea),19.076,72.8777,3.0,July 2023 Pluvial Urban Inundation,2023-07-12T07:00,0.3,1005.4,9.3,19.8,0.422,0.41,0.403
mumbai_mithi,Mumbai,Maharashtra,West Coast (Arabian Sea),19.076,72.8777,3.0,July 2023 Pluvial Urban Inundation,2023-07-12T08:00,0.6,1005.0,9.9,22.3,0.423,0.411,0.403
mumbai_mithi,Mumbai,Maharashtra,West Coast (Arabian Sea),19.076,72.8777,3.0,July 2023 Pluvial Urban Inundation,2023-07-12T09:00,0.6,1004.1,7.4,22.0,0.423,0.412,0.403
mumbai_mithi,Mumbai,Maharashtra,West Coast (Arabian Sea),19.076,72.8777,3.0,July 2023 Pluvial Urban Inundation,2023-07-12T10:00,0.5,1003.8,7.8,18.4,0.423,0.412,0.403
mumbai_mithi,Mumbai,Maharashtra,West Coast (Arabian Sea),19.076,72.8777,3.0,July 2023 Pluvial Urban Inundation,2023-07-12T11:00,0.6,1003.6,9.1,21.6,0.424,0.413,0.403
mumbai_mithi,Mumbai,Maharashtra,West Coast (Arabian Sea),19.076,72.8777,3.0,July 2023 Pluvial Urban Inundation,2023-07-12T12:00,0.2,1003.6,8.3,17.3,0.411,0.412,0.404
mumbai_mithi,Mumbai,Maharashtra,West Coast (Arabian Sea),19.076,72.8777,3.0,July 2023 Pluvial Urban Inundation,2023-07-12T13:00,0.6,1003.8,5.4,17.3,0.416,0.412,0.404
mumbai_mithi,Mumbai,Maharashtra,West Coast (Arabian Sea),19.076,72.8777,3.0,July 2023 Pluvial Urban Inundation,2023-07-12T14:00,1.1,1004.6,4.6,11.5,0.426,0.413,0.404
mumbai_mithi,Mumbai,Maharashtra,West Coast (Arabian Sea),19.076,72.8777,3.0,July 2023 Pluvial Urban Inundation,2023-07-12T15:00,0.7,1005.3,9.6,15.1,0.43,0.414,0.404
mumbai_mithi,Mumbai,Maharashtra,West Coast (Arabian Sea),19.076,72.8777,3.0,July 2023 Pluvial Urban Inundation,2023-07-12T16:00,0.9,1006.0,12.8,25.2,0.431,0.417,0.404
mumbai_mithi,Mumbai,Maharashtra,West Coast (Arabian Sea),19.076,72.8777,3.0,July 2023 Pluvial Urban Inundation,2023-07-12T17:00,1.4,1006.6,3.8,21.6,0.433,0.421,0.405
mumbai_mithi,Mumbai,Maharashtra,West Coast (Arabian Sea),19.076,72.8777,3.0,July 2023 Pluvial Urban Inundation,2023-07-12T18:00,0.1,1006.1,9.4,15.8,0.428,0.422,0.405
mumbai_mithi,Mumbai,Maharashtra,West Coast (Arabian Sea),19.076,72.8777,3.0,July 2023 Pluvial Urban Inundation,2023-07-12T19:00,0.3,1005.4,11.6,20.5,0.427,0.423,0.405
mumbai_mithi,Mumbai,Maharashtra,West Coast (Arabian Sea),19.076,72.8777,3.0,July 2023 Pluvial Urban Inundation,2023-07-12T20:00,0.2,1004.8,13.2,23.0,0.425,0.423,0.405
mumbai_mithi,Mumbai,Maharashtra,West Coast (Arabian Sea),19.076,72.8777,3.0,July 2023 Pluvial Urban Inundation,2023-07-12T21:00,0.1,1004.3,12.7,25.9,0.423,0.423,0.405
mumbai_mithi,Mumbai,Maharashtra,West Coast (Arabian Sea),19.076,72.8777,3.0,July 2023 Pluvial Urban Inundation,2023-07-12T22:00,0.5,1004.1,11.5,23.0,0.426,0.423,0.406
mumbai_mithi,Mumbai,Maharashtra,West Coast (Arabian Sea),19.076,72.8777,3.0,July 2023 Pluvial Urban Inundation,2023-07-12T23:00,0.7,1004.1,10.8,21.2,0.431,0.423,0.406
mumbai_mithi,Mumbai,Maharashtra,West Coast (Arabian Sea),19.076,72.8777,3.0,July 2023 Pluvial Urban Inundation,2023-07-13T00:00,1.0,1003.7,3.4,20.2,0.434,0.419,0.403
mumbai_mithi,Mumbai,Maharashtra,West Coast (Arabian Sea),19.076,72.8777,3.0,July 2023 Pluvial Urban Inundation,2023-07-13T01:00,0.1,1004.1,4.0,7.9,0.427,0.421,0.403
mumbai_mithi,Mumbai,Maharashtra,West Coast (Arabian Sea),19.076,72.8777,3.0,July 2023 Pluvial Urban Inundation,2023-07-13T02:00,0.2,1004.6,10.9,22.7,0.425,0.421,0.403
mumbai_mithi,Mumbai,Maharashtra,West Coast (Arabian Sea),19.076,72.8777,3.0,July 2023 Pluvial Urban Inundation,2023-07-13T03:00,0.2,1005.1,11.3,24.5,0.423,0.421,0.403
mumbai_mithi,Mumbai,Maharashtra,West Coast (Arabian Sea),19.076,72.8777,3.0,July 2023 Pluvial Urban Inundation,2023-07-13T04:00,0.1,1005.7,11.8,25.9,0.421,0.421,0.403
mumbai_mithi,Mumbai,Maharashtra,West Coast (Arabian Sea),19.076,72.8777,3.0,July 2023 Pluvial Urban Inundation,2023-07-13T05:00,0.1,1005.8,14.3,30.2,0.419,0.42,0.403
mumbai_mithi,Mumbai,Maharashtra,West Coast (Arabian Sea),19.076,72.8777,3.0,July 2023 Pluvial Urban Inundation,2023-07-13T06:00,0.1,1005.9,15.5,33.5,0.417,0.42,0.404
mumbai_mithi,Mumbai,Maharashtra,West Coast (Arabian Sea),19.076,72.8777,3.0,July 2023 Pluvial Urban Inundation,2023-07-13T07:00,0.3,1005.2,12.0,30.2,0.416,0.419,0.404
mumbai_mithi,Mumbai,Maharashtra,West Coast (Arabian Sea),19.076,72.8777,3.0,July 2023 Pluvial Urban Inundation,2023-07-13T08:00,0.4,1004.8,18.2,35.6,0.416,0.419,0.404
mumbai_mithi,Mumbai,Maharashtra,West Coast (Arabian Sea),19.076,72.8777,3.0,July 2023 Pluvial Urban Inundation,2023-07-13T09:00,0.3,1004.1,14.7,36.7,0.415,0.418,0.404
mumbai_mithi,Mumbai,Maharashtra,West Coast (Arabian Sea),19.076,72.8777,3.0,July 2023 Pluvial Urban Inundation,2023-07-13T10:00,0.2,1004.1,17.3,36.4,0.414,0.417,0.404
mumbai_mithi,Mumbai,Maharashtra,West Coast (Arabian Sea),19.076,72.8777,3.0,July 2023 Pluvial Urban Inundation,2023-07-13T11:00,0.2,1003.7,16.6,34.6,0.412,0.417,0.404
mumbai_mithi,Mumbai,Maharashtra,West Coast (Arabian Sea),19.076,72.8777,3.0,July 2023 Pluvial Urban Inundation,2023-07-13T12:00,0.1,1003.7,11.9,32.8,0.406,0.416,0.405
mumbai_mithi,Mumbai,Maharashtra,West Coast (Arabian Sea),19.076,72.8777,3.0,July 2023 Pluvial Urban Inundation,2023-07-13T13:00,1.1,1004.0,11.0,24.1,0.416,0.416,0.405
mumbai_mithi,Mumbai,Maharashtra,West Coast (Arabian Sea),19.076,72.8777,3.0,July 2023 Pluvial Urban Inundation,2023-07-13T14:00,0.7,1004.6,10.1,21.2,0.421,0.416,0.406
mumbai_mithi,Mumbai,Maharashtra,West Coast (Arabian Sea),19.076,72.8777,3.0,July 2023 Pluvial Urban Inundation,2023-07-13T15:00,0.5,1005.3,8.4,17.6,0.424,0.417,0.406
mumbai_mithi,Mumbai,Maharashtra,West Coast (Arabian Sea),19.076,72.8777,3.0,July 2023 Pluvial Urban Inundation,2023-07-13T16:00,0.8,1006.1,10.6,17.6,0.429,0.417,0.406
mumbai_mithi,Mumbai,Maharashtra,West Coast (Arabian Sea),19.076,72.8777,3.0,July 2023 Pluvial Urban Inundation,2023-07-13T17:00,0.4,1006.6,10.4,21.2,0.428,0.419,0.406
mumbai_mithi,Mumbai,Maharashtra,West Coast (Arabian Sea),19.076,72.8777,3.0,July 2023 Pluvial Urban Inundation,2023-07-13T18:00,2.3,1006.6,6.4,18.0,0.435,0.423,0.406
mumbai_mithi,Mumbai,Maharashtra,West Coast (Arabian Sea),19.076,72.8777,3.0,July 2023 Pluvial Urban Inundation,2023-07-13T19:00,0.6,1005.9,8.3,14.8,0.433,0.426,0.406
mumbai_mithi,Mumbai,Maharashtra,West Coast (Arabian Sea),19.076,72.8777,3.0,July 2023 Pluvial Urban Inundation,2023-07-13T20:00,1.3,1005.8,12.0,20.9,0.437,0.429,0.406
mumbai_mithi,Mumbai,Maharashtra,West Coast (Arabian Sea),19.076,72.8777,3.0,July 2023 Pluvial Urban Inundation,2023-07-13T21:00,0.8,1004.8,12.5,22.7,0.435,0.431,0.407
mumbai_mithi,Mumbai,Maharashtra,West Coast (Arabian Sea),19.076,72.8777,3.0,July 2023 Pluvial Urban Inundation,2023-07-13T22:00,0.5,1004.7,14.3,25.2,0.434,0.431,0.407
mumbai_mithi,Mumbai,Maharashtra,West Coast (Arabian Sea),19.076,72.8777,3.0,July 2023 Pluvial Urban Inundation,2023-07-13T23:00,1.0,1004.7,12.2,25.9,0.439,0.431,0.408
mumbai_mithi,Mumbai,Maharashtra,West Coast (Arabian Sea),19.076,72.8777,3.0,July 2023 Pluvial Urban Inundation,2023-07-14T00:00,2.5,1004.7,10.9,23.0,0.435,0.437,0.421
mumbai_mithi,Mumbai,Maharashtra,West Coast (Arabian Sea),19.076,72.8777,3.0,July 2023 Pluvial Urban Inundation,2023-07-14T01:00,1.6,1005.2,9.4,22.3,0.439,0.438,0.422
mumbai_mithi,Mumbai,Maharashtra,West Coast (Arabian Sea),19.076,72.8777,3.0,July 2023 Pluvial Urban Inundation,2023-07-14T02:00,3.3,1006.0,11.8,20.9,0.439,0.439,0.425
mumbai_mithi,Mumbai,Maharashtra,West Coast (Arabian Sea),19.076,72.8777,3.0,July 2023 Pluvial Urban Inundation,2023-07-14T03:00,1.3,1006.5,13.8,25.6,0.433,0.437,0.428
mumbai_mithi,Mumbai,Maharashtra,West Coast (Arabian Sea),19.076,72.8777,3.0,July 2023 Pluvial Urban Inundation,2023-07-14T04:00,1.1,1006.9,13.5,27.7,0.426,0.438,0.429
mumbai_mithi,Mumbai,Maharashtra,West Coast (Arabian Sea),19.076,72.8777,3.0,July 2023 Pluvial Urban Inundation,2023-07-14T05:00,1.0,1007.4,10.5,29.2,0.429,0.436,0.429
mumbai_mithi,Mumbai,Maharashtra,West Coast (Arabian Sea),19.076,72.8777,3.0,July 2023 Pluvial Urban Inundation,2023-07-14T06:00,1.7,1006.8,16.3,34.2,0.439,0.435,0.43
mumbai_mithi,Mumbai,Maharashtra,West Coast (Arabian Sea),19.076,72.8777,3.0,July 2023 Pluvial Urban Inundation,2023-07-14T07:00,5.0,1006.6,19.4,39.2,0.434,0.439,0.433
mumbai_mithi,Mumbai,Maharashtra,West Coast (Arabian Sea),19.076,72.8777,3.0,July 2023 Pluvial Urban Inundation,2023-07-14T08:00,0.9,1006.0,17.1,39.6,0.429,0.437,0.434
mumbai_mithi,Mumbai,Maharashtra,West Coast (Arabian Sea),19.076,72.8777,3.0,July 2023 Pluvial Urban Inundation,2023-07-14T09:00,0.6,1005.6,21.0,42.5,0.428,0.435,0.434
mumbai_mithi,Mumbai,Maharashtra,West Coast (Arabian Sea),19.076,72.8777,3.0,July 2023 Pluvial Urban Inundation,2023-07-14T10:00,1.2,1004.7,20.5,42.5,0.433,0.434,0.434
mumbai_mithi,Mumbai,Maharashtra,West Coast (Arabian Sea),19.076,72.8777,3.0,July 2023 Pluvial Urban Inundation,2023-07-14T11:00,1.1,1004.6,19.7,40.3,0.439,0.434,0.433
mumbai_mithi,Mumbai,Maharashtra,West Coast (Arabian Sea),19.076,72.8777,3.0,July 2023 Pluvial Urban Inundation,2023-07-14T12:00,5.1,1005.6,11.7,38.5,0.439,0.442,0.437
mumbai_mithi,Mumbai,Maharashtra,West Coast (Arabian Sea),19.076,72.8777,3.0,July 2023 Pluvial Urban Inundation,2023-07-14T13:00,1.5,1006.1,15.5,31.3,0.429,0.436,0.438
mumbai_mithi,Mumbai,Maharashtra,West Coast (Arabian Sea),19.076,72.8777,3.0,July 2023 Pluvial Urban Inundation,2023-07-14T14:00,0.2,1006.7,14.4,32.4,0.426,0.434,0.437
mumbai_mithi,Mumbai,Maharashtra,West Coast (Arabian Sea),19.076,72.8777,3.0,July 2023 Pluvial Urban Inundation,2023-07-14T15:00,0.1,1007.5,13.4,24.8,0.423,0.432,0.437
mumbai_mithi,Mumbai,Maharashtra,West Coast (Arabian Sea),19.076,72.8777,3.0,July 2023 Pluvial Urban Inundation,2023-07-14T16:00,0.2,1007.8,11.3,27.7,0.422,0.43,0.436
mumbai_mithi,Mumbai,Maharashtra,West Coast (Arabian Sea),19.076,72.8777,3.0,July 2023 Pluvial Urban Inundation,2023-07-14T17:00,0.1,1008.4,10.5,22.7,0.42,0.428,0.436
mumbai_mithi,Mumbai,Maharashtra,West Coast (Arabian Sea),19.076,72.8777,3.0,July 2023 Pluvial Urban Inundation,2023-07-14T18:00,0.0,1008.3,10.5,21.6,0.418,0.426,0.436
mumbai_mithi,Mumbai,Maharashtra,West Coast (Arabian Sea),19.076,72.8777,3.0,July 2023 Pluvial Urban Inundation,2023-07-14T19:00,0.4,1007.8,10.9,24.8,0.421,0.425,0.435
mumbai_mithi,Mumbai,Maharashtra,West Coast (Arabian Sea),19.076,72.8777,3.0,July 2023 Pluvial Urban Inundation,2023-07-14T20:00,0.6,1006.9,10.5,23.4,0.425,0.424,0.435
mumbai_mithi,Mumbai,Maharashtra,West Coast (Arabian Sea),19.076,72.8777,3.0,July 2023 Pluvial Urban Inundation,2023-07-14T21:00,0.2,1006.2,12.7,29.2,0.424,0.423,0.435
mumbai_mithi,Mumbai,Maharashtra,West Coast (Arabian Sea),19.076,72.8777,3.0,July 2023 Pluvial Urban Inundation,2023-07-14T22:00,0.2,1005.9,15.2,30.6,0.423,0.422,0.434
mumbai_mithi,Mumbai,Maharashtra,West Coast (Arabian Sea),19.076,72.8777,3.0,July 2023 Pluvial Urban Inundation,2023-07-14T23:00,0.3,1005.9,11.0,29.9,0.423,0.421,0.434
mumbai_mithi,Mumbai,Maharashtra,West Coast (Arabian Sea),19.076,72.8777,3.0,July 2023 Pluvial Urban Inundation,2023-07-15T00:00,0.3,1005.9,12.4,27.4,0.427,0.427,0.434
mumbai_mithi,Mumbai,Maharashtra,West Coast (Arabian Sea),19.076,72.8777,3.0,July 2023 Pluvial Urban Inundation,2023-07-15T01:00,0.3,1005.8,10.4,25.6,0.426,0.426,0.434
mumbai_mithi,Mumbai,Maharashtra,West Coast (Arabian Sea),19.076,72.8777,3.0,July 2023 Pluvial Urban Inundation,2023-07-15T02:00,0.6,1006.6,12.2,24.5,0.429,0.426,0.433
mumbai_mithi,Mumbai,Maharashtra,West Coast (Arabian Sea),19.076,72.8777,3.0,July 2023 Pluvial Urban Inundation,2023-07-15T03:00,0.5,1007.1,12.3,27.0,0.429,0.426,0.433
mumbai_mithi,Mumbai,Maharashtra,West Coast (Arabian Sea),19.076,72.8777,3.0,July 2023 Pluvial Urban Inundation,2023-07-15T04:00,1.1,1007.6,11.0,31.0,0.434,0.427,0.433
mumbai_mithi,Mumbai,Maharashtra,West Coast (Arabian Sea),19.076,72.8777,3.0,July 2023 Pluvial Urban Inundation,2023-07-15T05:00,0.2,1008.1,10.6,31.0,0.429,0.427,0.433
mumbai_mithi,Mumbai,Maharashtra,West Coast (Arabian Sea),19.076,72.8777,3.0,July 2023 Pluvial Urban Inundation,2023-07-15T06:00,0.5,1008.4,13.2,32.0,0.428,0.426,0.432
mumbai_mithi,Mumbai,Maharashtra,West Coast (Arabian Sea),19.076,72.8777,3.0,July 2023 Pluvial Urban Inundation,2023-07-15T07:00,0.8,1007.8,12.9,31.3,0.429,0.425,0.432
mumbai_mithi,Mumbai,Maharashtra,West Coast (Arabian Sea),19.076,72.8777,3.0,July 2023 Pluvial Urban Inundation,2023-07-15T08:00,4.1,1006.9,8.4,32.8,0.436,0.435,0.432
mumbai_mithi,Mumbai,Maharashtra,West Coast (Arabian Sea),19.076,72.8777,3.0,July 2023 Pluvial Urban Inundation,2023-07-15T09:00,1.3,1006.2,17.6,38.2,0.433,0.437,0.432
mumbai_mithi,Mumbai,Maharashtra,West Coast (Arabian Sea),19.076,72.8777,3.0,July 2023 Pluvial Urban Inundation,2023-07-15T10:00,0.5,1005.7,14.7,38.2,0.43,0.436,0.432
mumbai_mithi,Mumbai,Maharashtra,West Coast (Arabian Sea),19.076,72.8777,3.0,July 2023 Pluvial Urban Inundation,2023-07-15T11:00,1.4,1005.4,10.7,39.6,0.435,0.436,0.432
mumbai_mithi,Mumbai,Maharashtra,West Coast (Arabian Sea),19.076,72.8777,3.0,July 2023 Pluvial Urban Inundation,2023-07-15T12:00,0.4,1005.5,11.6,33.8,0.419,0.424,0.431
mumbai_mithi,Mumbai,Maharashtra,West Coast (Arabian Sea),19.076,72.8777,3.0,July 2023 Pluvial Urban Inundation,2023-07-15T13:00,0.5,1006.1,14.5,27.7,0.421,0.423,0.431
mumbai_mithi,Mumbai,Maharashtra,West Coast (Arabian Sea),19.076,72.8777,3.0,July 2023 Pluvial Urban Inundation,2023-07-15T14:00,1.0,1006.3,10.0,28.1,0.428,0.423,0.431
mumbai_mithi,Mumbai,Maharashtra,West Coast (Arabian Sea),19.076,72.8777,3.0,July 2023 Pluvial Urban Inundation,2023-07-15T15:00,0.4,1007.1,7.6,20.2,0.428,0.423,0.431
mumbai_mithi,Mumbai,Maharashtra,West Coast (Arabian Sea),19.076,72.8777,3.0,July 2023 Pluvial Urban Inundation,2023-07-15T16:00,0.0,1007.5,9.0,19.1,0.424,0.423,0.431
mumbai_mithi,Mumbai,Maharashtra,West Coast (Arabian Sea),19.076,72.8777,3.0,July 2023 Pluvial Urban Inundation,2023-07-15T17:00,0.3,1007.9,5.5,18.0,0.425,0.423,0.43
mumbai_mithi,Mumbai,Maharashtra,West Coast (Arabian Sea),19.076,72.8777,3.0,July 2023 Pluvial Urban Inundation,2023-07-15T18:00,0.8,1007.8,7.9,16.6,0.431,0.423,0.43
mumbai_mithi,Mumbai,Maharashtra,West Coast (Arabian Sea),19.076,72.8777,3.0,July 2023 Pluvial Urban Inundation,2023-07-15T19:00,0.9,1007.1,5.2,15.8,0.434,0.425,0.43
mumbai_mithi,Mumbai,Maharashtra,West Coast (Arabian Sea),19.076,72.8777,3.0,July 2023 Pluvial Urban Inundation,2023-07-15T20:00,1.4,1006.7,8.4,13.3,0.438,0.429,0.43
mumbai_mithi,Mumbai,Maharashtra,West Coast (Arabian Sea),19.076,72.8777,3.0,July 2023 Pluvial Urban Inundation,2023-07-15T21:00,0.8,1006.2,9.3,21.2,0.435,0.431,0.43
mumbai_mithi,Mumbai,Maharashtra,West Coast (Arabian Sea),19.076,72.8777,3.0,July 2023 Pluvial Urban Inundation,2023-07-15T22:00,0.6,1005.8,5.5,19.1,0.436,0.432,0.43
mumbai_mithi,Mumbai,Maharashtra,West Coast (Arabian Sea),19.076,72.8777,3.0,July 2023 Pluvial Urban Inundation,2023-07-15T23:00,1.0,1005.4,6.3,14.0,0.436,0.434,0.43
mumbai_mithi,Mumbai,Maharashtra,West Coast (Arabian Sea),19.076,72.8777,3.0,July 2023 Pluvial Urban Inundation,2023-07-16T00:00,0.9,1004.7,12.1,17.6,0.426,0.431,0.431
mumbai_mithi,Mumbai,Maharashtra,West Coast (Arabian Sea),19.076,72.8777,3.0,July 2023 Pluvial Urban Inundation,2023-07-16T01:00,0.9,1005.6,11.8,24.5,0.432,0.431,0.431
mumbai_mithi,Mumbai,Maharashtra,West Coast (Arabian Sea),19.076,72.8777,3.0,July 2023 Pluvial Urban Inundation,2023-07-16T02:00,0.3,1006.2,9.7,22.7,0.43,0.431,0.43
mumbai_mithi,Mumbai,Maharashtra,West Coast (Arabian Sea),19.076,72.8777,3.0,July 2023 Pluvial Urban Inundation,2023-07-16T03:00,1.7,1006.5,8.7,22.7,0.437,0.434,0.43
mumbai_mithi,Mumbai,Maharashtra,West Coast (Arabian Sea),19.076,72.8777,3.0,July 2023 Pluvial Urban Inundation,2023-07-16T04:00,6.1,1007.3,11.2,28.8,0.439,0.439,0.433
mumbai_mithi,Mumbai,Maharashtra,West Coast (Arabian Sea),19.076,72.8777,3.0,July 2023 Pluvial Urban Inundation,2023-07-16T05:00,2.3,1007.3,2.9,24.5,0.434,0.438,0.435
mumbai_mithi,Mumbai,Maharashtra,West Coast (Arabian Sea),19.076,72.8777,3.0,July 2023 Pluvial Urban Inundation,2023-07-16T06:00,0.6,1006.9,11.6,29.5,0.43,0.437,0.435
mumbai_mithi,Mumbai,Maharashtra,West Coast (Arabian Sea),19.076,72.8777,3.0,July 2023 Pluvial Urban Inundation,2023-07-16T07:00,0.1,1006.2,11.9,34.9,0.424,0.435,0.435
mumbai_mithi,Mumbai,Maharashtra,West Coast (Arabian Sea),19.076,72.8777,3.0,July 2023 Pluvial Urban Inundation,2023-07-16T08:00,0.1,1005.5,12.2,31.3,0.42,0.433,0.434
mumbai_mithi,Mumbai,Maharashtra,West Coast (Arabian Sea),19.076,72.8777,3.0,July 2023 Pluvial Urban Inundation,2023-07-16T09:00,0.9,1005.1,13.7,35.6,0.423,0.431,0.434
mumbai_mithi,Mumbai,Maharashtra,West Coast (Arabian Sea),19.076,72.8777,3.0,July 2023 Pluvial Urban Inundation,2023-07-16T10:00,0.4,1004.9,9.7,28.8,0.422,0.43,0.434
mumbai_mithi,Mumbai,Maharashtra,West Coast (Arabian Sea),19.076,72.8777,3.0,July 2023 Pluvial Urban Inundation,2023-07-16T11:00,0.3,1004.5,16.8,32.8,0.421,0.428,0.434
mumbai_mithi,Mumbai,Maharashtra,West Coast (Arabian Sea),19.076,72.8777,3.0,July 2023 Pluvial Urban Inundation,2023-07-16T12:00,0.7,1004.7,13.8,34.6,0.418,0.427,0.427
mumbai_mithi,Mumbai,Maharashtra,West Coast (Arabian Sea),19.076,72.8777,3.0,July 2023 Pluvial Urban Inundation,2023-07-16T13:00,5.6,1005.0,6.6,24.8,0.439,0.435,0.427
mumbai_mithi,Mumbai,Maharashtra,West Coast (Arabian Sea),19.076,72.8777,3.0,July 2023 Pluvial Urban Inundation,2023-07-16T14:00,1.8,1005.5,8.0,25.9,0.433,0.438,0.428
mumbai_mithi,Mumbai,Maharashtra,West Coast (Arabian Sea),19.076,72.8777,3.0,July 2023 Pluvial Urban Inundation,2023-07-16T15:00,0.5,1005.9,12.1,21.2,0.431,0.437,0.429
mumbai_mithi,Mumbai,Maharashtra,West Coast (Arabian Sea),19.076,72.8777,3.0,July 2023 Pluvial Urban Inundation,2023-07-16T16:00,0.7,1006.5,13.0,25.6,0.433,0.436,0.429
mumbai_mithi,Mumbai,Maharashtra,West Coast (Arabian Sea),19.076,72.8777,3.0,July 2023 Pluvial Urban Inundation,2023-07-16T17:00,1.0,1007.0,11.8,22.3,0.437,0.436,0.43
mumbai_mithi,Mumbai,Maharashtra,West Coast (Arabian Sea),19.076,72.8777,3.0,July 2023 Pluvial Urban Inundation,2023-07-16T18:00,0.9,1006.9,12.6,21.6,0.437,0.437,0.43
mumbai_mithi,Mumbai,Maharashtra,West Coast (Arabian Sea),19.076,72.8777,3.0,July 2023 Pluvial Urban Inundation,2023-07-16T19:00,1.4,1006.6,14.1,25.9,0.432,0.438,0.431
mumbai_mithi,Mumbai,Maharashtra,West Coast (Arabian Sea),19.076,72.8777,3.0,July 2023 Pluvial Urban Inundation,2023-07-16T20:00,3.1,1005.9,13.6,31.0,0.438,0.438,0.434
mumbai_mithi,Mumbai,Maharashtra,West Coast (Arabian Sea),19.076,72.8777,3.0,July 2023 Pluvial Urban Inundation,2023-07-16T21:00,2.3,1005.2,14.8,28.4,0.439,0.438,0.435
mumbai_mithi,Mumbai,Maharashtra,West Coast (Arabian Sea),19.076,72.8777,3.0,July 2023 Pluvial Urban Inundation,2023-07-16T22:00,1.8,1004.9,10.9,28.4,0.436,0.438,0.437
mumbai_mithi,Mumbai,Maharashtra,West Coast (Arabian Sea),19.076,72.8777,3.0,July 2023 Pluvial Urban Inundation,2023-07-16T23:00,0.9,1004.6,12.4,23.0,0.437,0.437,0.437
mumbai_mithi,Mumbai,Maharashtra,West Coast (Arabian Sea),19.076,72.8777,3.0,July 2023 Pluvial Urban Inundation,2023-07-17T00:00,0.9,1004.4,13.2,24.8,0.427,0.437,0.431
mumbai_mithi,Mumbai,Maharashtra,West Coast (Arabian Sea),19.076,72.8777,3.0,July 2023 Pluvial Urban Inundation,2023-07-17T01:00,1.6,1004.5,7.2,27.0,0.427,0.438,0.432
mumbai_mithi,Mumbai,Maharashtra,West Coast (Arabian Sea),19.076,72.8777,3.0,July 2023 Pluvial Urban Inundation,2023-07-17T02:00,1.7,1005.2,13.4,27.0,0.439,0.436,0.433
mumbai_mithi,Mumbai,Maharashtra,West Coast (Arabian Sea),19.076,72.8777,3.0,July 2023 Pluvial Urban Inundation,2023-07-17T03:00,1.0,1005.7,12.0,27.4,0.434,0.437,0.433
mumbai_mithi,Mumbai,Maharashtra,West Coast (Arabian Sea),19.076,72.8777,3.0,July 2023 Pluvial Urban Inundation,2023-07-17T04:00,1.4,1005.9,13.8,26.6,0.439,0.437,0.434
mumbai_mithi,Mumbai,Maharashtra,West Coast (Arabian Sea),19.076,72.8777,3.0,July 2023 Pluvial Urban Inundation,2023-07-17T05:00,2.8,1005.9,17.0,33.8,0.439,0.439,0.435
mumbai_mithi,Mumbai,Maharashtra,West Coast (Arabian Sea),19.076,72.8777,3.0,July 2023 Pluvial Urban Inundation,2023-07-17T06:00,2.3,1005.9,16.4,35.3,0.432,0.438,0.437
mumbai_mithi,Mumbai,Maharashtra,West Coast (Arabian Sea),19.076,72.8777,3.0,July 2023 Pluvial Urban Inundation,2023-07-17T07:00,6.7,1005.4,18.7,36.7,0.438,0.439,0.438
mumbai_mithi,Mumbai,Maharashtra,West Coast (Arabian Sea),19.076,72.8777,3.0,July 2023 Pluvial Urban Inundation,2023-07-17T08:00,11.1,1004.6,18.4,40.7,0.428,0.434,0.439
mumbai_mithi,Mumbai,Maharashtra,West Coast (Arabian Sea),19.076,72.8777,3.0,July 2023 Pluvial Urban Inundation,2023-07-17T09:00,4.4,1003.7,18.9,38.5,0.439,0.438,0.438
mumbai_mithi,Mumbai,Maharashtra,West Coast (Arabian Sea),19.076,72.8777,3.0,July 2023 Pluvial Urban Inundation,2023-07-17T10:00,1.4,1003.1,19.7,36.4,0.432,0.429,0.438
mumbai_mithi,Mumbai,Maharashtra,West Coast (Arabian Sea),19.076,72.8777,3.0,July 2023 Pluvial Urban Inundation,2023-07-17T11:00,0.8,1002.5,17.0,35.3,0.433,0.428,0.438
mumbai_mithi,Mumbai,Maharashtra,West Coast (Arabian Sea),19.076,72.8777,3.0,July 2023 Pluvial Urban Inundation,2023-07-17T12:00,0.7,1002.6,13.7,31.7,0.43,0.435,0.435
mumbai_mithi,Mumbai,Maharashtra,West Coast (Arabian Sea),19.076,72.8777,3.0,July 2023 Pluvial Urban Inundation,2023-07-17T13:00,1.4,1003.2,16.7,32.4,0.437,0.436,0.435
mumbai_mithi,Mumbai,Maharashtra,West Coast (Arabian Sea),19.076,72.8777,3.0,July 2023 Pluvial Urban Inundation,2023-07-17T14:00,2.8,1003.7,12.1,31.7,0.436,0.439,0.436
mumbai_mithi,Mumbai,Maharashtra,West Coast (Arabian Sea),19.076,72.8777,3.0,July 2023 Pluvial Urban Inundation,2023-07-17T15:00,1.9,1004.3,14.8,25.6,0.427,0.438,0.438
mumbai_mithi,Mumbai,Maharashtra,West Coast (Arabian Sea),19.076,72.8777,3.0,July 2023 Pluvial Urban Inundation,2023-07-17T16:00,2.8,1005.1,15.6,28.4,0.436,0.434,0.438
mumbai_mithi,Mumbai,Maharashtra,West Coast (Arabian Sea),19.076,72.8777,3.0,July 2023 Pluvial Urban Inundation,2023-07-17T17:00,2.6,1005.1,15.9,28.4,0.439,0.437,0.438
mumbai_mithi,Mumbai,Maharashtra,West Coast (Arabian Sea),19.076,72.8777,3.0,July 2023 Pluvial Urban Inundation,2023-07-17T18:00,6.0,1005.2,18.7,32.4,0.439,0.433,0.439
mumbai_mithi,Mumbai,Maharashtra,West Coast (Arabian Sea),19.076,72.8777,3.0,July 2023 Pluvial Urban Inundation,2023-07-17T19:00,0.6,1004.6,15.2,32.0,0.433,0.433,0.438
mumbai_mithi,Mumbai,Maharashtra,West Coast (Arabian Sea),19.076,72.8777,3.0,July 2023 Pluvial Urban Inundation,2023-07-17T20:00,5.7,1004.0,17.1,32.4,0.429,0.434,0.439
mumbai_mithi,Mumbai,Maharashtra,West Coast (Arabian Sea),19.076,72.8777,3.0,July 2023 Pluvial Urban Inundation,2023-07-17T21:00,3.8,1003.2,18.3,31.7,0.437,0.437,0.438
mumbai_mithi,Mumbai,Maharashtra,West Coast (Arabian Sea),19.076,72.8777,3.0,July 2023 Pluvial Urban Inundation,2023-07-17T22:00,2.5,1002.9,19.3,35.3,0.434,0.432,0.439
mumbai_mithi,Mumbai,Maharashtra,West Coast (Arabian Sea),19.076,72.8777,3.0,July 2023 Pluvial Urban Inundation,2023-07-17T23:00,1.1,1003.3,18.1,34.2,0.437,0.43,0.438
mumbai_mithi,Mumbai,Maharashtra,West Coast (Arabian Sea),19.076,72.8777,3.0,July 2023 Pluvial Urban Inundation,2023-07-18T00:00,1.7,1003.1,17.5,32.4,0.435,0.439,0.44
mumbai_mithi,Mumbai,Maharashtra,West Coast (Arabian Sea),19.076,72.8777,3.0,July 2023 Pluvial Urban Inundation,2023-07-18T01:00,2.2,1003.5,16.7,32.4,0.439,0.429,0.438
mumbai_mithi,Mumbai,Maharashtra,West Coast (Arabian Sea),19.076,72.8777,3.0,July 2023 Pluvial Urban Inundation,2023-07-18T02:00,2.7,1004.3,18.0,33.1,0.439,0.436,0.438
mumbai_mithi,Mumbai,Maharashtra,West Coast (Arabian Sea),19.076,72.8777,3.0,July 2023 Pluvial Urban Inundation,2023-07-18T03:00,1.2,1004.5,18.1,34.2,0.438,0.437,0.438
mumbai_mithi,Mumbai,Maharashtra,West Coast (Arabian Sea),19.076,72.8777,3.0,July 2023 Pluvial Urban Inundation,2023-07-18T04:00,6.7,1004.9,20.4,38.5,0.435,0.439,0.439
mumbai_mithi,Mumbai,Maharashtra,West Coast (Arabian Sea),19.076,72.8777,3.0,July 2023 Pluvial Urban Inundation,2023-07-18T05:00,7.0,1005.2,24.2,41.8,0.436,0.439,0.438
mumbai_mithi,Mumbai,Maharashtra,West Coast (Arabian Sea),19.076,72.8777,3.0,July 2023 Pluvial Urban Inundation,2023-07-18T06:00,2.4,1004.9,22.5,42.1,0.439,0.43,0.438
mumbai_mithi,Mumbai,Maharashtra,West Coast (Arabian Sea),19.076,72.8777,3.0,July 2023 Pluvial Urban Inundation,2023-07-18T07:00,5.9,1004.0,25.3,44.6,0.434,0.439,0.439
mumbai_mithi,Mumbai,Maharashtra,West Coast (Arabian Sea),19.076,72.8777,3.0,July 2023 Pluvial Urban Inundation,2023-07-18T08:00,2.8,1003.6,24.6,45.0,0.434,0.432,0.439
mumbai_mithi,Mumbai,Maharashtra,West Coast (Arabian Sea),19.076,72.8777,3.0,July 2023 Pluvial Urban Inundation,2023-07-18T09:00,2.9,1002.8,22.8,47.9,0.435,0.435,0.438
mumbai_mithi,Mumbai,Maharashtra,West Coast (Arabian Sea),19.076,72.8777,3.0,July 2023 Pluvial Urban Inundation,2023-07-18T10:00,4.5,1002.2,25.1,45.4,0.433,0.438,0.439
mumbai_mithi,Mumbai,Maharashtra,West Coast (Arabian Sea),19.076,72.8777,3.0,July 2023 Pluvial Urban Inundation,2023-07-18T11:00,3.7,1002.2,21.7,45.0,0.436,0.434,0.438
mumbai_mithi,Mumbai,Maharashtra,West Coast (Arabian Sea),19.076,72.8777,3.0,July 2023 Pluvial Urban Inundation,2023-07-18T12:00,2.3,1001.7,24.4,41.0,0.439,0.435,0.44
mumbai_mithi,Mumbai,Maharashtra,West Coast (Arabian Sea),19.076,72.8777,3.0,July 2023 Pluvial Urban Inundation,2023-07-18T13:00,1.8,1002.1,21.4,43.2,0.435,0.427,0.438
mumbai_mithi,Mumbai,Maharashtra,West Coast (Arabian Sea),19.076,72.8777,3.0,July 2023 Pluvial Urban Inundation,2023-07-18T14:00,1.8,1002.7,21.7,41.4,0.437,0.43,0.438
mumbai_mithi,Mumbai,Maharashtra,West Coast (Arabian Sea),19.076,72.8777,3.0,July 2023 Pluvial Urban Inundation,2023-07-18T15:00,1.1,1002.8,18.2,41.4,0.437,0.431,0.438
mumbai_mithi,Mumbai,Maharashtra,West Coast (Arabian Sea),19.076,72.8777,3.0,July 2023 Pluvial Urban Inundation,2023-07-18T16:00,1.3,1003.4,17.8,36.4,0.437,0.433,0.437
mumbai_mithi,Mumbai,Maharashtra,West Coast (Arabian Sea),19.076,72.8777,3.0,July 2023 Pluvial Urban Inundation,2023-07-18T17:00,0.9,1003.9,18.3,36.0,0.437,0.433,0.437
mumbai_mithi,Mumbai,Maharashtra,West Coast (Arabian Sea),19.076,72.8777,3.0,July 2023 Pluvial Urban Inundation,2023-07-18T18:00,1.1,1003.4,18.3,37.1,0.433,0.435,0.437
mumbai_mithi,Mumbai,Maharashtra,West Coast (Arabian Sea),19.076,72.8777,3.0,July 2023 Pluvial Urban Inundation,2023-07-18T19:00,0.6,1003.1,16.1,33.8,0.433,0.434,0.437
mumbai_mithi,Mumbai,Maharashtra,West Coast (Arabian Sea),19.076,72.8777,3.0,July 2023 Pluvial Urban Inundation,2023-07-18T20:00,1.1,1002.0,20.8,38.9,0.438,0.434,0.437
mumbai_mithi,Mumbai,Maharashtra,West Coast (Arabian Sea),19.076,72.8777,3.0,July 2023 Pluvial Urban Inundation,2023-07-18T21:00,1.3,1001.4,18.9,35.6,0.435,0.438,0.436
mumbai_mithi,Mumbai,Maharashtra,West Coast (Arabian Sea),19.076,72.8777,3.0,July 2023 Pluvial Urban Inundation,2023-07-18T22:00,0.9,1001.1,14.8,36.4,0.435,0.437,0.437
mumbai_mithi,Mumbai,Maharashtra,West Coast (Arabian Sea),19.076,72.8777,3.0,July 2023 Pluvial Urban Inundation,2023-07-18T23:00,1.8,1001.1,16.7,32.4,0.432,0.438,0.438
mumbai_mithi,Mumbai,Maharashtra,West Coast (Arabian Sea),19.076,72.8777,3.0,July 2023 Pluvial Urban Inundation,2023-07-19T00:00,0.5,1001.2,18.5,33.5,0.432,0.425,0.438
mumbai_mithi,Mumbai,Maharashtra,West Coast (Arabian Sea),19.076,72.8777,3.0,July 2023 Pluvial Urban Inundation,2023-07-19T01:00,1.2,1001.3,16.7,35.3,0.436,0.425,0.438
mumbai_mithi,Mumbai,Maharashtra,West Coast (Arabian Sea),19.076,72.8777,3.0,July 2023 Pluvial Urban Inundation,2023-07-19T02:00,2.6,1002.2,19.7,36.0,0.439,0.431,0.437
mumbai_mithi,Mumbai,Maharashtra,West Coast (Arabian Sea),19.076,72.8777,3.0,July 2023 Pluvial Urban Inundation,2023-07-19T03:00,2.5,1002.4,21.2,38.9,0.439,0.437,0.437
mumbai_mithi,Mumbai,Maharashtra,West Coast (Arabian Sea),19.076,72.8777,3.0,July 2023 Pluvial Urban Inundation,2023-07-19T04:00,2.5,1002.6,21.0,42.1,0.435,0.433,0.439
mumbai_mithi,Mumbai,Maharashtra,West Coast (Arabian Sea),19.076,72.8777,3.0,July 2023 Pluvial Urban Inundation,2023-07-19T05:00,2.1,1002.6,23.7,45.0,0.437,0.43,0.438
mumbai_mithi,Mumbai,Maharashtra,West Coast (Arabian Sea),19.076,72.8777,3.0,July 2023 Pluvial Urban Inundation,2023-07-19T06:00,3.5,1002.6,22.7,46.4,0.439,0.435,0.438
mumbai_mithi,Mumbai,Maharashtra,West Coast (Arabian Sea),19.076,72.8777,3.0,July 2023 Pluvial Urban Inundation,2023-07-19T07:00,0.7,1002.2,22.3,45.7,0.431,0.435,0.438
mumbai_mithi,Mumbai,Maharashtra,West Coast (Arabian Sea),19.076,72.8777,3.0,July 2023 Pluvial Urban Inundation,2023-07-19T08:00,5.1,1001.5,20.2,47.5,0.436,0.437,0.439
mumbai_mithi,Mumbai,Maharashtra,West Coast (Arabian Sea),19.076,72.8777,3.0,July 2023 Pluvial Urban Inundation,2023-07-19T09:00,0.9,1000.8,18.2,40.0,0.434,0.432,0.438
mumbai_mithi,Mumbai,Maharashtra,West Coast (Arabian Sea),19.076,72.8777,3.0,July 2023 Pluvial Urban Inundation,2023-07-19T10:00,0.4,1000.1,21.4,41.8,0.431,0.43,0.438
mumbai_mithi,Mumbai,Maharashtra,West Coast (Arabian Sea),19.076,72.8777,3.0,July 2023 Pluvial Urban Inundation,2023-07-19T11:00,0.8,1000.0,21.0,43.9,0.433,0.428,0.438
mumbai_mithi,Mumbai,Maharashtra,West Coast (Arabian Sea),19.076,72.8777,3.0,July 2023 Pluvial Urban Inundation,2023-07-19T12:00,1.6,999.5,20.8,42.1,0.438,0.429,0.439
mumbai_mithi,Mumbai,Maharashtra,West Coast (Arabian Sea),19.076,72.8777,3.0,July 2023 Pluvial Urban Inundation,2023-07-19T13:00,2.3,999.6,18.5,40.0,0.437,0.421,0.438
mumbai_mithi,Mumbai,Maharashtra,West Coast (Arabian Sea),19.076,72.8777,3.0,July 2023 Pluvial Urban Inundation,2023-07-19T14:00,2.4,1000.3,18.8,37.4,0.439,0.426,0.438
mumbai_mithi,Mumbai,Maharashtra,West Coast (Arabian Sea),19.076,72.8777,3.0,July 2023 Pluvial Urban Inundation,2023-07-19T15:00,4.5,1001.1,18.7,37.8,0.439,0.438,0.438
mumbai_mithi,Mumbai,Maharashtra,West Coast (Arabian Sea),19.076,72.8777,3.0,July 2023 Pluvial Urban Inundation,2023-07-19T16:00,2.1,1001.6,20.5,38.5,0.438,0.429,0.439
mumbai_mithi,Mumbai,Maharashtra,West Coast (Arabian Sea),19.076,72.8777,3.0,July 2023 Pluvial Urban Inundation,2023-07-19T17:00,1.2,1002.0,20.2,38.5,0.435,0.426,0.438
mumbai_mithi,Mumbai,Maharashtra,West Coast (Arabian Sea),19.076,72.8777,3.0,July 2023 Pluvial Urban Inundation,2023-07-19T18:00,2.2,1001.8,19.2,34.9,0.439,0.429,0.438
mumbai_mithi,Mumbai,Maharashtra,West Coast (Arabian Sea),19.076,72.8777,3.0,July 2023 Pluvial Urban Inundation,2023-07-19T19:00,3.3,1001.6,19.8,40.3,0.439,0.437,0.438
mumbai_mithi,Mumbai,Maharashtra,West Coast (Arabian Sea),19.076,72.8777,3.0,July 2023 Pluvial Urban Inundation,2023-07-19T20:00,2.7,1000.8,20.6,37.1,0.439,0.431,0.439
mumbai_mithi,Mumbai,Maharashtra,West Coast (Arabian Sea),19.076,72.8777,3.0,July 2023 Pluvial Urban Inundation,2023-07-19T21:00,5.4,1000.5,22.0,39.2,0.438,0.439,0.438
mumbai_mithi,Mumbai,Maharashtra,West Coast (Arabian Sea),19.076,72.8777,3.0,July 2023 Pluvial Urban Inundation,2023-07-19T22:00,3.3,1000.7,21.7,38.2,0.438,0.431,0.439
mumbai_mithi,Mumbai,Maharashtra,West Coast (Arabian Sea),19.076,72.8777,3.0,July 2023 Pluvial Urban Inundation,2023-07-19T23:00,3.4,1000.5,22.0,39.6,0.439,0.428,0.438
mumbai_mithi,Mumbai,Maharashtra,West Coast (Arabian Sea),19.076,72.8777,3.0,July 2023 Pluvial Urban Inundation,2023-07-20T00:00,2.3,1000.5,19.6,38.5,0.437,0.435,0.439
mumbai_mithi,Mumbai,Maharashtra,West Coast (Arabian Sea),19.076,72.8777,3.0,July 2023 Pluvial Urban Inundation,2023-07-20T01:00,3.0,1001.7,18.7,39.6,0.434,0.427,0.439
mumbai_mithi,Mumbai,Maharashtra,West Coast (Arabian Sea),19.076,72.8777,3.0,July 2023 Pluvial Urban Inundation,2023-07-20T02:00,1.0,1001.9,19.6,35.3,0.434,0.423,0.438
mumbai_mithi,Mumbai,Maharashtra,West Coast (Arabian Sea),19.076,72.8777,3.0,July 2023 Pluvial Urban Inundation,2023-07-20T03:00,1.5,1002.6,16.3,37.4,0.437,0.425,0.438
mumbai_mithi,Mumbai,Maharashtra,West Coast (Arabian Sea),19.076,72.8777,3.0,July 2023 Pluvial Urban Inundation,2023-07-20T04:00,0.4,1002.4,17.2,36.4,0.431,0.425,0.438
mumbai_mithi,Mumbai,Maharashtra,West Coast (Arabian Sea),19.076,72.8777,3.0,July 2023 Pluvial Urban Inundation,2023-07-20T05:00,0.1,1002.6,18.1,38.2,0.426,0.423,0.437
mumbai_mithi,Mumbai,Maharashtra,West Coast (Arabian Sea),19.076,72.8777,3.0,July 2023 Pluvial Urban Inundation,2023-07-20T06:00,1.1,1002.7,23.0,45.7,0.433,0.421,0.437
mumbai_mithi,Mumbai,Maharashtra,West Coast (Arabian Sea),19.076,72.8777,3.0,July 2023 Pluvial Urban Inundation,2023-07-20T07:00,2.8,1002.6,20.5,47.5,0.436,0.428,0.437
mumbai_mithi,Mumbai,Maharashtra,West Coast (Arabian Sea),19.076,72.8777,3.0,July 2023 Pluvial Urban Inundation,2023-07-20T08:00,0.5,1001.7,20.5,41.0,0.431,0.428,0.437
mumbai_mithi,Mumbai,Maharashtra,West Coast (Arabian Sea),19.076,72.8777,3.0,July 2023 Pluvial Urban Inundation,2023-07-20T09:00,0.9,1001.1,23.4,43.9,0.433,0.427,0.436
mumbai_mithi,Mumbai,Maharashtra,West Coast (Arabian Sea),19.076,72.8777,3.0,July 2023 Pluvial Urban Inundation,2023-07-20T10:00,1.2,1000.4,24.1,46.1,0.431,0.429,0.436
mumbai_mithi,Mumbai,Maharashtra,West Coast (Arabian Sea),19.076,72.8777,3.0,July 2023 Pluvial Urban Inundation,2023-07-20T11:00,1.4,1000.4,23.8,47.9,0.432,0.43,0.436
mumbai_mithi,Mumbai,Maharashtra,West Coast (Arabian Sea),19.076,72.8777,3.0,July 2023 Pluvial Urban Inundation,2023-07-20T12:00,0.1,1000.7,16.6,46.8,0.413,0.419,0.436
mumbai_mithi,Mumbai,Maharashtra,West Coast (Arabian Sea),19.076,72.8777,3.0,July 2023 Pluvial Urban Inundation,2023-07-20T13:00,0.6,1001.9,17.1,36.0,0.416,0.417,0.436
mumbai_mithi,Mumbai,Maharashtra,West Coast (Arabian Sea),19.076,72.8777,3.0,July 2023 Pluvial Urban Inundation,2023-07-20T14:00,0.4,1002.2,12.8,29.9,0.417,0.416,0.436
mumbai_mithi,Mumbai,Maharashtra,West Coast (Arabian Sea),19.076,72.8777,3.0,July 2023 Pluvial Urban Inundation,2023-07-20T15:00,0.0,1003.0,15.8,27.0,0.415,0.414,0.436
mumbai_mithi,Mumbai,Maharashtra,West Coast (Arabian Sea),19.076,72.8777,3.0,July 2023 Pluvial Urban Inundation,2023-07-20T16:00,0.4,1003.5,12.6,31.3,0.417,0.413,0.435
mumbai_mithi,Mumbai,Maharashtra,West Coast (Arabian Sea),19.076,72.8777,3.0,July 2023 Pluvial Urban Inundation,2023-07-20T17:00,0.1,1003.9,13.9,24.5,0.415,0.412,0.435
mumbai_mithi,Mumbai,Maharashtra,West Coast (Arabian Sea),19.076,72.8777,3.0,July 2023 Pluvial Urban Inundation,2023-07-20T18:00,0.5,1003.8,13.9,27.7,0.418,0.411,0.435
mumbai_mithi,Mumbai,Maharashtra,West Coast (Arabian Sea),19.076,72.8777,3.0,July 2023 Pluvial Urban Inundation,2023-07-20T19:00,0.3,1003.2,17.4,29.2,0.419,0.411,0.435
mumbai_mithi,Mumbai,Maharashtra,West Coast (Arabian Sea),19.076,72.8777,3.0,July 2023 Pluvial Urban Inundation,2023-07-20T20:00,0.3,1002.6,17.4,32.8,0.418,0.41,0.434
mumbai_mithi,Mumbai,Maharashtra,West Coast (Arabian Sea),19.076,72.8777,3.0,July 2023 Pluvial Urban Inundation,2023-07-20T21:00,0.6,1002.2,15.3,34.9,0.422,0.41,0.434
mumbai_mithi,Mumbai,Maharashtra,West Coast (Arabian Sea),19.076,72.8777,3.0,July 2023 Pluvial Urban Inundation,2023-07-20T22:00,0.2,1002.5,16.5,33.8,0.42,0.41,0.434
mumbai_mithi,Mumbai,Maharashtra,West Coast (Arabian Sea),19.076,72.8777,3.0,July 2023 Pluvial Urban Inundation,2023-07-20T23:00,0.8,1002.3,12.8,31.3,0.425,0.41,0.433
mumbai_mithi,Mumbai,Maharashtra,West Coast (Arabian Sea),19.076,72.8777,3.0,July 2023 Pluvial Urban Inundation,2023-07-21T00:00,0.7,1001.9,13.4,29.2,0.433,0.417,0.433
mumbai_mithi,Mumbai,Maharashtra,West Coast (Arabian Sea),19.076,72.8777,3.0,July 2023 Pluvial Urban Inundation,2023-07-21T01:00,0.7,1002.7,15.1,28.4,0.432,0.418,0.433
mumbai_mithi,Mumbai,Maharashtra,West Coast (Arabian Sea),19.076,72.8777,3.0,July 2023 Pluvial Urban Inundation,2023-07-21T02:00,0.3,1003.2,12.1,28.4,0.429,0.419,0.433
mumbai_mithi,Mumbai,Maharashtra,West Coast (Arabian Sea),19.076,72.8777,3.0,July 2023 Pluvial Urban Inundation,2023-07-21T03:00,2.6,1003.6,14.6,28.1,0.437,0.424,0.433
mumbai_mithi,Mumbai,Maharashtra,West Coast (Arabian Sea),19.076,72.8777,3.0,July 2023 Pluvial Urban Inundation,2023-07-21T04:00,2.5,1004.1,16.9,32.0,0.434,0.431,0.432
mumbai_mithi,Mumbai,Maharashtra,West Coast (Arabian Sea),19.076,72.8777,3.0,July 2023 Pluvial Urban Inundation,2023-07-21T05:00,1.9,1004.3,18.3,35.6,0.439,0.434,0.432
mumbai_mithi,Mumbai,Maharashtra,West Coast (Arabian Sea),19.076,72.8777,3.0,July 2023 Pluvial Urban Inundation,2023-07-21T06:00,2.4,1004.5,19.0,39.6,0.431,0.438,0.433
mumbai_mithi,Mumbai,Maharashtra,West Coast (Arabian Sea),19.076,72.8777,3.0,July 2023 Pluvial Urban Inundation,2023-07-21T07:00,4.4,1004.3,18.3,39.2,0.439,0.439,0.434
mumbai_mithi,Mumbai,Maharashtra,West Coast (Arabian Sea),19.076,72.8777,3.0,July 2023 Pluvial Urban Inundation,2023-07-21T08:00,0.3,1003.5,16.1,37.4,0.425,0.436,0.435
mumbai_mithi,Mumbai,Maharashtra,West Coast (Arabian Sea),19.076,72.8777,3.0,July 2023 Pluvial Urban Inundation,2023-07-21T09:00,5.7,1002.9,21.1,40.7,0.439,0.439,0.435
mumbai_mithi,Mumbai,Maharashtra,West Coast (Arabian Sea),19.076,72.8777,3.0,July 2023 Pluvial Urban Inundation,2023-07-21T10:00,1.3,1002.8,21.3,41.8,0.432,0.437,0.437
mumbai_mithi,Mumbai,Maharashtra,West Coast (Arabian Sea),19.076,72.8777,3.0,July 2023 Pluvial Urban Inundation,2023-07-21T11:00,1.7,1002.6,19.6,42.8,0.426,0.437,0.438
mumbai_mithi,Mumbai,Maharashtra,West Coast (Arabian Sea),19.076,72.8777,3.0,July 2023 Pluvial Urban Inundation,2023-07-21T12:00,1.2,1002.8,17.0,38.2,0.435,0.435,0.437
mumbai_mithi,Mumbai,Maharashtra,West Coast (Arabian Sea),19.076,72.8777,3.0,July 2023 Pluvial Urban Inundation,2023-07-21T13:00,2.8,1003.5,20.2,39.6,0.431,0.438,0.438
mumbai_mithi,Mumbai,Maharashtra,West Coast (Arabian Sea),19.076,72.8777,3.0,July 2023 Pluvial Urban Inundation,2023-07-21T14:00,1.6,1003.9,15.3,37.4,0.426,0.436,0.439
mumbai_mithi,Mumbai,Maharashtra,West Coast (Arabian Sea),19.076,72.8777,3.0,July 2023 Pluvial Urban Inundation,2023-07-21T15:00,1.5,1004.4,13.8,28.8,0.436,0.426,0.438
mumbai_mithi,Mumbai,Maharashtra,West Coast (Arabian Sea),19.076,72.8777,3.0,July 2023 Pluvial Urban Inundation,2023-07-21T16:00,1.0,1005.0,14.5,29.5,0.437,0.426,0.438
mumbai_mithi,Mumbai,Maharashtra,West Coast (Arabian Sea),19.076,72.8777,3.0,July 2023 Pluvial Urban Inundation,2023-07-21T17:00,2.9,1005.9,13.1,28.1,0.439,0.433,0.438
mumbai_mithi,Mumbai,Maharashtra,West Coast (Arabian Sea),19.076,72.8777,3.0,July 2023 Pluvial Urban Inundation,2023-07-21T18:00,3.2,1005.8,14.2,25.6,0.433,0.438,0.439
mumbai_mithi,Mumbai,Maharashtra,West Coast (Arabian Sea),19.076,72.8777,3.0,July 2023 Pluvial Urban Inundation,2023-07-21T19:00,2.3,1005.3,15.3,28.4,0.437,0.428,0.439
mumbai_mithi,Mumbai,Maharashtra,West Coast (Arabian Sea),19.076,72.8777,3.0,July 2023 Pluvial Urban Inundation,2023-07-21T20:00,2.4,1004.9,18.1,34.9,0.439,0.426,0.436
mumbai_mithi,Mumbai,Maharashtra,West Coast (Arabian Sea),19.076,72.8777,3.0,July 2023 Pluvial Urban Inundation,2023-07-21T21:00,1.5,1004.3,13.4,34.2,0.435,0.432,0.431
mumbai_mithi,Mumbai,Maharashtra,West Coast (Arabian Sea),19.076,72.8777,3.0,July 2023 Pluvial Urban Inundation,2023-07-21T22:00,1.1,1003.9,18.5,31.0,0.438,0.434,0.429
mumbai_mithi,Mumbai,Maharashtra,West Coast (Arabian Sea),19.076,72.8777,3.0,July 2023 Pluvial Urban Inundation,2023-07-21T23:00,2.2,1004.2,20.3,37.1,0.437,0.439,0.429
mumbai_mithi,Mumbai,Maharashtra,West Coast (Arabian Sea),19.076,72.8777,3.0,July 2023 Pluvial Urban Inundation,2023-07-22T00:00,1.2,1004.0,18.4,37.1,0.439,0.44,0.431
mumbai_mithi,Mumbai,Maharashtra,West Coast (Arabian Sea),19.076,72.8777,3.0,July 2023 Pluvial Urban Inundation,2023-07-22T01:00,2.2,1004.0,20.6,36.7,0.439,0.438,0.433
mumbai_mithi,Mumbai,Maharashtra,West Coast (Arabian Sea),19.076,72.8777,3.0,July 2023 Pluvial Urban Inundation,2023-07-22T02:00,1.7,1004.4,17.8,37.1,0.437,0.437,0.434
mumbai_mithi,Mumbai,Maharashtra,West Coast (Arabian Sea),19.076,72.8777,3.0,July 2023 Pluvial Urban Inundation,2023-07-22T03:00,2.4,1004.7,17.2,37.8,0.438,0.438,0.435
mumbai_mithi,Mumbai,Maharashtra,West Coast (Arabian Sea),19.076,72.8777,3.0,July 2023 Pluvial Urban Inundation,2023-07-22T04:00,2.3,1004.9,18.9,33.5,0.439,0.438,0.436
mumbai_mithi,Mumbai,Maharashtra,West Coast (Arabian Sea),19.076,72.8777,3.0,July 2023 Pluvial Urban Inundation,2023-07-22T05:00,1.9,1005.1,18.9,35.6,0.437,0.437,0.436
mumbai_mithi,Mumbai,Maharashtra,West Coast (Arabian Sea),19.076,72.8777,3.0,July 2023 Pluvial Urban Inundation,2023-07-22T06:00,2.3,1004.9,21.3,41.0,0.437,0.438,0.437
mumbai_mithi,Mumbai,Maharashtra,West Coast (Arabian Sea),19.076,72.8777,3.0,July 2023 Pluvial Urban Inundation,2023-07-22T07:00,2.0,1004.7,19.7,42.1,0.439,0.439,0.437
mumbai_mithi,Mumbai,Maharashtra,West Coast (Arabian Sea),19.076,72.8777,3.0,July 2023 Pluvial Urban Inundation,2023-07-22T08:00,2.1,1004.2,20.2,37.8,0.435,0.43,0.438
mumbai_mithi,Mumbai,Maharashtra,West Coast (Arabian Sea),19.076,72.8777,3.0,July 2023 Pluvial Urban Inundation,2023-07-22T09:00,2.2,1003.5,17.5,40.0,0.437,0.433,0.433
mumbai_mithi,Mumbai,Maharashtra,West Coast (Arabian Sea),19.076,72.8777,3.0,July 2023 Pluvial Urban Inundation,2023-07-22T10:00,2.6,1003.1,19.6,37.8,0.438,0.439,0.43
mumbai_mithi,Mumbai,Maharashtra,West Coast (Arabian Sea),19.076,72.8777,3.0,July 2023 Pluvial Urban Inundation,2023-07-22T11:00,1.5,1002.8,21.3,39.2,0.436,0.437,0.431
mumbai_mithi,Mumbai,Maharashtra,West Coast (Arabian Sea),19.076,72.8777,3.0,July 2023 Pluvial Urban Inundation,2023-07-22T12:00,1.6,1002.9,18.0,41.8,0.428,0.439,0.436
mumbai_mithi,Mumbai,Maharashtra,West Coast (Arabian Sea),19.076,72.8777,3.0,July 2023 Pluvial Urban Inundation,2023-07-22T13:00,0.7,1003.2,17.4,35.3,0.427,0.436,0.436
mumbai_mithi,Mumbai,Maharashtra,West Coast (Arabian Sea),19.076,72.8777,3.0,July 2023 Pluvial Urban Inundation,2023-07-22T14:00,1.0,1003.2,16.2,34.9,0.433,0.436,0.436
mumbai_mithi,Mumbai,Maharashtra,West Coast (Arabian Sea),19.076,72.8777,3.0,July 2023 Pluvial Urban Inundation,2023-07-22T15:00,3.1,1004.3,16.7,34.9,0.435,0.438,0.436
mumbai_mithi,Mumbai,Maharashtra,West Coast (Arabian Sea),19.076,72.8777,3.0,July 2023 Pluvial Urban Inundation,2023-07-22T16:00,0.9,1004.6,16.2,32.0,0.435,0.437,0.436
mumbai_mithi,Mumbai,Maharashtra,West Coast (Arabian Sea),19.076,72.8777,3.0,July 2023 Pluvial Urban Inundation,2023-07-22T17:00,0.9,1005.3,18.7,34.6,0.437,0.437,0.436
mumbai_mithi,Mumbai,Maharashtra,West Coast (Arabian Sea),19.076,72.8777,3.0,July 2023 Pluvial Urban Inundation,2023-07-22T18:00,0.6,1005.0,14.8,34.2,0.434,0.437,0.435
mumbai_mithi,Mumbai,Maharashtra,West Coast (Arabian Sea),19.076,72.8777,3.0,July 2023 Pluvial Urban Inundation,2023-07-22T19:00,0.7,1004.1,18.8,32.8,0.434,0.436,0.435
mumbai_mithi,Mumbai,Maharashtra,West Coast (Arabian Sea),19.076,72.8777,3.0,July 2023 Pluvial Urban Inundation,2023-07-22T20:00,0.9,1003.3,17.9,33.1,0.436,0.436,0.434
mumbai_mithi,Mumbai,Maharashtra,West Coast (Arabian Sea),19.076,72.8777,3.0,July 2023 Pluvial Urban Inundation,2023-07-22T21:00,0.5,1002.7,18.5,33.1,0.433,0.436,0.434
mumbai_mithi,Mumbai,Maharashtra,West Coast (Arabian Sea),19.076,72.8777,3.0,July 2023 Pluvial Urban Inundation,2023-07-22T22:00,0.9,1002.3,19.3,33.8,0.435,0.436,0.434
mumbai_mithi,Mumbai,Maharashtra,West Coast (Arabian Sea),19.076,72.8777,3.0,July 2023 Pluvial Urban Inundation,2023-07-22T23:00,0.8,1002.2,21.5,36.4,0.436,0.436,0.433
mumbai_mithi,Mumbai,Maharashtra,West Coast (Arabian Sea),19.076,72.8777,3.0,July 2023 Pluvial Urban Inundation,2023-07-23T00:00,0.7,1002.3,15.6,37.8,0.438,0.436,0.433
mumbai_mithi,Mumbai,Maharashtra,West Coast (Arabian Sea),19.076,72.8777,3.0,July 2023 Pluvial Urban Inundation,2023-07-23T01:00,0.7,1002.4,16.5,28.8,0.437,0.436,0.433
mumbai_mithi,Mumbai,Maharashtra,West Coast (Arabian Sea),19.076,72.8777,3.0,July 2023 Pluvial Urban Inundation,2023-07-23T02:00,1.4,1003.2,18.8,33.5,0.436,0.438,0.433
mumbai_mithi,Mumbai,Maharashtra,West Coast (Arabian Sea),19.076,72.8777,3.0,July 2023 Pluvial Urban Inundation,2023-07-23T03:00,1.1,1003.6,18.0,32.8,0.438,0.438,0.433
mumbai_mithi,Mumbai,Maharashtra,West Coast (Arabian Sea),19.076,72.8777,3.0,July 2023 Pluvial Urban Inundation,2023-07-23T04:00,4.4,1003.8,23.9,42.1,0.439,0.439,0.435
mumbai_mithi,Mumbai,Maharashtra,West Coast (Arabian Sea),19.076,72.8777,3.0,July 2023 Pluvial Urban Inundation,2023-07-23T05:00,6.2,1004.4,28.1,50.8,0.439,0.439,0.437
mumbai_mithi,Mumbai,Maharashtra,West Coast (Arabian Sea),19.076,72.8777,3.0,July 2023 Pluvial Urban Inundation,2023-07-23T06:00,1.5,1004.2,24.6,52.2,0.436,0.437,0.438
mumbai_mithi,Mumbai,Maharashtra,West Coast (Arabian Sea),19.076,72.8777,3.0,July 2023 Pluvial Urban Inundation,2023-07-23T07:00,1.6,1003.9,26.8,53.6,0.439,0.436,0.438
mumbai_mithi,Mumbai,Maharashtra,West Coast (Arabian Sea),19.076,72.8777,3.0,July 2023 Pluvial Urban Inundation,2023-07-23T08:00,1.9,1003.1,24.3,51.5,0.424,0.429,0.439
mumbai_mithi,Mumbai,Maharashtra,West Coast (Arabian Sea),19.076,72.8777,3.0,July 2023 Pluvial Urban Inundation,2023-07-23T09:00,1.0,1002.5,25.3,55.4,0.427,0.418,0.437
mumbai_mithi,Mumbai,Maharashtra,West Coast (Arabian Sea),19.076,72.8777,3.0,July 2023 Pluvial Urban Inundation,2023-07-23T10:00,1.2,1001.9,26.9,50.8,0.432,0.419,0.432
mumbai_mithi,Mumbai,Maharashtra,West Coast (Arabian Sea),19.076,72.8777,3.0,July 2023 Pluvial Urban Inundation,2023-07-23T11:00,0.3,1001.7,27.7,49.3,0.428,0.42,0.427
mumbai_mithi,Mumbai,Maharashtra,West Coast (Arabian Sea),19.076,72.8777,3.0,July 2023 Pluvial Urban Inundation,2023-07-23T12:00,0.4,1001.8,22.0,48.2,0.431,0.437,0.434
mumbai_mithi,Mumbai,Maharashtra,West Coast (Arabian Sea),19.076,72.8777,3.0,July 2023 Pluvial Urban Inundation,2023-07-23T13:00,0.3,1002.2,20.7,40.0,0.427,0.436,0.434
mumbai_mithi,Mumbai,Maharashtra,West Coast (Arabian Sea),19.076,72.8777,3.0,July 2023 Pluvial Urban Inundation,2023-07-23T14:00,1.1,1003.0,20.9,39.6,0.434,0.435,0.434
mumbai_mithi,Mumbai,Maharashtra,West Coast (Arabian Sea),19.076,72.8777,3.0,July 2023 Pluvial Urban Inundation,2023-07-23T15:00,2.0,1003.5,19.8,38.2,0.433,0.439,0.433
mumbai_mithi,Mumbai,Maharashtra,West Coast (Arabian Sea),19.076,72.8777,3.0,July 2023 Pluvial Urban Inundation,2023-07-23T16:00,1.6,1003.9,19.3,36.7,0.429,0.438,0.434
mumbai_mithi,Mumbai,Maharashtra,West Coast (Arabian Sea),19.076,72.8777,3.0,July 2023 Pluvial Urban Inundation,2023-07-23T17:00,1.7,1004.4,19.8,33.8,0.43,0.438,0.435
mumbai_mithi,Mumbai,Maharashtra,West Coast (Arabian Sea),19.076,72.8777,3.0,July 2023 Pluvial Urban Inundation,2023-07-23T18:00,1.9,1004.3,17.7,33.8,0.431,0.438,0.436
mumbai_mithi,Mumbai,Maharashtra,West Coast (Arabian Sea),19.076,72.8777,3.0,July 2023 Pluvial Urban Inundation,2023-07-23T19:00,1.9,1003.6,20.3,35.3,0.433,0.439,0.437
mumbai_mithi,Mumbai,Maharashtra,West Coast (Arabian Sea),19.076,72.8777,3.0,July 2023 Pluvial Urban Inundation,2023-07-23T20:00,5.9,1003.1,22.2,37.4,0.434,0.439,0.439
mumbai_mithi,Mumbai,Maharashtra,West Coast (Arabian Sea),19.076,72.8777,3.0,July 2023 Pluvial Urban Inundation,2023-07-23T21:00,7.7,1002.4,25.0,43.6,0.435,0.436,0.439
mumbai_mithi,Mumbai,Maharashtra,West Coast (Arabian Sea),19.076,72.8777,3.0,July 2023 Pluvial Urban Inundation,2023-07-23T22:00,1.3,1002.2,25.9,45.4,0.439,0.436,0.434
mumbai_mithi,Mumbai,Maharashtra,West Coast (Arabian Sea),19.076,72.8777,3.0,July 2023 Pluvial Urban Inundation,2023-07-23T23:00,2.8,1002.4,25.1,45.4,0.435,0.438,0.431
mumbai_mithi,Mumbai,Maharashtra,West Coast (Arabian Sea),19.076,72.8777,3.0,July 2023 Pluvial Urban Inundation,2023-07-24T00:00,2.7,1002.7,23.0,45.7,0.428,0.438,0.424
mumbai_mithi,Mumbai,Maharashtra,West Coast (Arabian Sea),19.076,72.8777,3.0,July 2023 Pluvial Urban Inundation,2023-07-24T01:00,1.5,1003.2,18.4,44.6,0.439,0.437,0.424
mumbai_mithi,Mumbai,Maharashtra,West Coast (Arabian Sea),19.076,72.8777,3.0,July 2023 Pluvial Urban Inundation,2023-07-24T02:00,6.7,1003.9,21.1,41.0,0.434,0.439,0.427
mumbai_mithi,Mumbai,Maharashtra,West Coast (Arabian Sea),19.076,72.8777,3.0,July 2023 Pluvial Urban Inundation,2023-07-24T03:00,1.3,1004.5,20.8,41.8,0.436,0.437,0.428
mumbai_mithi,Mumbai,Maharashtra,West Coast (Arabian Sea),19.076,72.8777,3.0,July 2023 Pluvial Urban Inundation,2023-07-24T04:00,2.3,1004.9,24.5,48.6,0.435,0.439,0.428
mumbai_mithi,Mumbai,Maharashtra,West Coast (Arabian Sea),19.076,72.8777,3.0,July 2023 Pluvial Urban Inundation,2023-07-24T05:00,3.5,1004.8,18.5,44.6,0.435,0.439,0.43
mumbai_mithi,Mumbai,Maharashtra,West Coast (Arabian Sea),19.076,72.8777,3.0,July 2023 Pluvial Urban Inundation,2023-07-24T06:00,2.4,1004.4,23.6,41.8,0.433,0.439,0.431
mumbai_mithi,Mumbai,Maharashtra,West Coast (Arabian Sea),19.076,72.8777,3.0,July 2023 Pluvial Urban Inundation,2023-07-24T07:00,0.4,1004.0,22.6,44.3,0.425,0.436,0.431
mumbai_mithi,Mumbai,Maharashtra,West Coast (Arabian Sea),19.076,72.8777,3.0,July 2023 Pluvial Urban Inundation,2023-07-24T08:00,0.2,1003.2,25.4,50.4,0.422,0.434,0.431
mumbai_mithi,Mumbai,Maharashtra,West Coast (Arabian Sea),19.076,72.8777,3.0,July 2023 Pluvial Urban Inundation,2023-07-24T09:00,0.8,1002.5,26.8,53.6,0.424,0.433,0.43
mumbai_mithi,Mumbai,Maharashtra,West Coast (Arabian Sea),19.076,72.8777,3.0,July 2023 Pluvial Urban Inundation,2023-07-24T10:00,1.0,1002.1,26.1,53.3,0.429,0.432,0.429
mumbai_mithi,Mumbai,Maharashtra,West Coast (Arabian Sea),19.076,72.8777,3.0,July 2023 Pluvial Urban Inundation,2023-07-24T11:00,1.5,1002.0,26.3,51.8,0.432,0.434,0.428
mumbai_mithi,Mumbai,Maharashtra,West Coast (Arabian Sea),19.076,72.8777,3.0,July 2023 Pluvial Urban Inundation,2023-07-24T12:00,0.9,1002.0,18.6,50.4,0.424,0.429,0.427
mumbai_mithi,Mumbai,Maharashtra,West Coast (Arabian Sea),19.076,72.8777,3.0,July 2023 Pluvial Urban Inundation,2023-07-24T13:00,0.4,1002.3,20.5,35.6,0.424,0.429,0.426
mumbai_mithi,Mumbai,Maharashtra,West Coast (Arabian Sea),19.076,72.8777,3.0,July 2023 Pluvial Urban Inundation,2023-07-24T14:00,0.2,1003.0,14.2,36.7,0.422,0.429,0.425
mumbai_mithi,Mumbai,Maharashtra,West Coast (Arabian Sea),19.076,72.8777,3.0,July 2023 Pluvial Urban Inundation,2023-07-24T15:00,0.7,1003.9,14.7,31.7,0.427,0.428,0.425
mumbai_mithi,Mumbai,Maharashtra,West Coast (Arabian Sea),19.076,72.8777,3.0,July 2023 Pluvial Urban Inundation,2023-07-24T16:00,3.1,1004.7,14.8,28.4,0.439,0.435,0.424
mumbai_mithi,Mumbai,Maharashtra,West Coast (Arabian Sea),19.076,72.8777,3.0,July 2023 Pluvial Urban Inundation,2023-07-24T17:00,6.3,1005.7,13.0,29.9,0.434,0.438,0.427
mumbai_mithi,Mumbai,Maharashtra,West Coast (Arabian Sea),19.076,72.8777,3.0,July 2023 Pluvial Urban Inundation,2023-07-24T18:00,2.7,1006.2,15.4,29.2,0.439,0.438,0.428
mumbai_mithi,Mumbai,Maharashtra,West Coast (Arabian Sea),19.076,72.8777,3.0,July 2023 Pluvial Urban Inundation,2023-07-24T19:00,3.2,1005.8,16.9,33.1,0.439,0.438,0.43
mumbai_mithi,Mumbai,Maharashtra,West Coast (Arabian Sea),19.076,72.8777,3.0,July 2023 Pluvial Urban Inundation,2023-07-24T20:00,2.6,1005.4,17.0,36.0,0.434,0.439,0.433
mumbai_mithi,Mumbai,Maharashtra,West Coast (Arabian Sea),19.076,72.8777,3.0,July 2023 Pluvial Urban Inundation,2023-07-24T21:00,3.0,1004.5,17.1,34.6,0.435,0.438,0.435
mumbai_mithi,Mumbai,Maharashtra,West Coast (Arabian Sea),19.076,72.8777,3.0,July 2023 Pluvial Urban Inundation,2023-07-24T22:00,2.3,1004.4,16.4,33.8,0.435,0.438,0.437
mumbai_mithi,Mumbai,Maharashtra,West Coast (Arabian Sea),19.076,72.8777,3.0,July 2023 Pluvial Urban Inundation,2023-07-24T23:00,1.0,1004.2,16.9,33.1,0.436,0.438,0.437
mumbai_mithi,Mumbai,Maharashtra,West Coast (Arabian Sea),19.076,72.8777,3.0,July 2023 Pluvial Urban Inundation,2023-07-25T00:00,0.3,1003.7,13.6,32.4,0.436,0.437,0.432
mumbai_mithi,Mumbai,Maharashtra,West Coast (Arabian Sea),19.076,72.8777,3.0,July 2023 Pluvial Urban Inundation,2023-07-25T01:00,2.3,1004.3,17.2,32.4,0.43,0.438,0.434
mumbai_mithi,Mumbai,Maharashtra,West Coast (Arabian Sea),19.076,72.8777,3.0,July 2023 Pluvial Urban Inundation,2023-07-25T02:00,0.7,1004.8,15.9,33.1,0.431,0.436,0.434
mumbai_mithi,Mumbai,Maharashtra,West Coast (Arabian Sea),19.076,72.8777,3.0,July 2023 Pluvial Urban Inundation,2023-07-25T03:00,1.9,1005.5,16.1,36.0,0.431,0.437,0.434
mumbai_mithi,Mumbai,Maharashtra,West Coast (Arabian Sea),19.076,72.8777,3.0,July 2023 Pluvial Urban Inundation,2023-07-25T04:00,1.5,1006.3,15.6,35.3,0.433,0.438,0.434
mumbai_mithi,Mumbai,Maharashtra,West Coast (Arabian Sea),19.076,72.8777,3.0,July 2023 Pluvial Urban Inundation,2023-07-25T05:00,1.0,1006.2,15.0,34.9,0.434,0.437,0.434
mumbai_mithi,Mumbai,Maharashtra,West Coast (Arabian Sea),19.076,72.8777,3.0,July 2023 Pluvial Urban Inundation,2023-07-25T06:00,0.9,1006.2,16.9,36.7,0.433,0.436,0.434
mumbai_mithi,Mumbai,Maharashtra,West Coast (Arabian Sea),19.076,72.8777,3.0,July 2023 Pluvial Urban Inundation,2023-07-25T07:00,2.5,1005.9,18.5,36.7,0.439,0.438,0.434
mumbai_mithi,Mumbai,Maharashtra,West Coast (Arabian Sea),19.076,72.8777,3.0,July 2023 Pluvial Urban Inundation,2023-07-25T08:00,2.5,1005.3,19.4,40.0,0.428,0.437,0.436
mumbai_mithi,Mumbai,Maharashtra,West Coast (Arabian Sea),19.076,72.8777,3.0,July 2023 Pluvial Urban Inundation,2023-07-25T09:00,2.3,1005.1,20.9,37.8,0.433,0.438,0.437
mumbai_mithi,Mumbai,Maharashtra,West Coast (Arabian Sea),19.076,72.8777,3.0,July 2023 Pluvial Urban Inundation,2023-07-25T10:00,1.2,1004.5,16.6,37.1,0.436,0.438,0.437
mumbai_mithi,Mumbai,Maharashtra,West Coast (Arabian Sea),19.076,72.8777,3.0,July 2023 Pluvial Urban Inundation,2023-07-25T11:00,1.6,1004.2,20.8,40.0,0.429,0.439,0.437
mumbai_mithi,Mumbai,Maharashtra,West Coast (Arabian Sea),19.076,72.8777,3.0,July 2023 Pluvial Urban Inundation,2023-07-25T12:00,1.1,1004.5,21.1,37.8,0.43,0.434,0.435
mumbai_mithi,Mumbai,Maharashtra,West Coast (Arabian Sea),19.076,72.8777,3.0,July 2023 Pluvial Urban Inundation,2023-07-25T13:00,2.2,1004.8,19.4,40.7,0.431,0.438,0.436
mumbai_mithi,Mumbai,Maharashtra,West Coast (Arabian Sea),19.076,72.8777,3.0,July 2023 Pluvial Urban Inundation,2023-07-25T14:00,1.8,1005.1,18.4,37.4,0.427,0.438,0.437
mumbai_mithi,Mumbai,Maharashtra,West Coast (Arabian Sea),19.076,72.8777,3.0,July 2023 Pluvial Urban Inundation,2023-07-25T15:00,2.1,1006.1,16.3,35.3,0.439,0.437,0.437
mumbai_mithi,Mumbai,Maharashtra,West Coast (Arabian Sea),19.076,72.8777,3.0,July 2023 Pluvial Urban Inundation,2023-07-25T16:00,2.9,1006.7,14.7,31.0,0.438,0.43,0.439
mumbai_mithi,Mumbai,Maharashtra,West Coast (Arabian Sea),19.076,72.8777,3.0,July 2023 Pluvial Urban Inundation,2023-07-25T17:00,2.8,1007.5,13.7,28.8,0.434,0.427,0.437
mumbai_mithi,Mumbai,Maharashtra,West Coast (Arabian Sea),19.076,72.8777,3.0,July 2023 Pluvial Urban Inundation,2023-07-25T18:00,0.4,1007.1,13.4,27.4,0.432,0.428,0.432
mumbai_mithi,Mumbai,Maharashtra,West Coast (Arabian Sea),19.076,72.8777,3.0,July 2023 Pluvial Urban Inundation,2023-07-25T19:00,6.8,1006.5,16.2,28.8,0.439,0.439,0.429
mumbai_mithi,Mumbai,Maharashtra,West Coast (Arabian Sea),19.076,72.8777,3.0,July 2023 Pluvial Urban Inundation,2023-07-25T20:00,6.0,1006.0,15.3,29.5,0.439,0.438,0.432
mumbai_mithi,Mumbai,Maharashtra,West Coast (Arabian Sea),19.076,72.8777,3.0,July 2023 Pluvial Urban Inundation,2023-07-25T21:00,1.3,1005.6,15.7,29.9,0.436,0.437,0.432
mumbai_mithi,Mumbai,Maharashtra,West Coast (Arabian Sea),19.076,72.8777,3.0,July 2023 Pluvial Urban Inundation,2023-07-25T22:00,0.9,1005.3,14.8,28.4,0.436,0.437,0.432
mumbai_mithi,Mumbai,Maharashtra,West Coast (Arabian Sea),19.076,72.8777,3.0,July 2023 Pluvial Urban Inundation,2023-07-25T23:00,1.8,1005.0,9.4,27.0,0.432,0.437,0.433
mumbai_mithi,Mumbai,Maharashtra,West Coast (Arabian Sea),19.076,72.8777,3.0,July 2023 Pluvial Urban Inundation,2023-07-26T00:00,2.4,1005.2,10.0,28.8,0.43,0.436,0.425
mumbai_mithi,Mumbai,Maharashtra,West Coast (Arabian Sea),19.076,72.8777,3.0,July 2023 Pluvial Urban Inundation,2023-07-26T01:00,0.4,1005.7,10.8,21.2,0.429,0.435,0.425
mumbai_mithi,Mumbai,Maharashtra,West Coast (Arabian Sea),19.076,72.8777,3.0,July 2023 Pluvial Urban Inundation,2023-07-26T02:00,1.5,1006.3,12.3,27.7,0.436,0.436,0.424
mumbai_mithi,Mumbai,Maharashtra,West Coast (Arabian Sea),19.076,72.8777,3.0,July 2023 Pluvial Urban Inundation,2023-07-26T03:00,1.5,1006.9,14.8,28.1,0.438,0.437,0.424
mumbai_mithi,Mumbai,Maharashtra,West Coast (Arabian Sea),19.076,72.8777,3.0,July 2023 Pluvial Urban Inundation,2023-07-26T04:00,1.1,1007.4,17.4,33.1,0.434,0.438,0.424
mumbai_mithi,Mumbai,Maharashtra,West Coast (Arabian Sea),19.076,72.8777,3.0,July 2023 Pluvial Urban Inundation,2023-07-26T05:00,2.3,1007.7,15.4,35.6,0.433,0.437,0.425
mumbai_mithi,Mumbai,Maharashtra,West Coast (Arabian Sea),19.076,72.8777,3.0,July 2023 Pluvial Urban Inundation,2023-07-26T06:00,1.8,1007.6,17.4,34.9,0.437,0.438,0.425
mumbai_mithi,Mumbai,Maharashtra,West Coast (Arabian Sea),19.076,72.8777,3.0,July 2023 Pluvial Urban Inundation,2023-07-26T07:00,0.5,1007.1,20.5,40.0,0.432,0.437,0.425
mumbai_mithi,Mumbai,Maharashtra,West Coast (Arabian Sea),19.076,72.8777,3.0,July 2023 Pluvial Urban Inundation,2023-07-26T08:00,8.1,1006.3,23.6,44.3,0.436,0.439,0.428
mumbai_mithi,Mumbai,Maharashtra,West Coast (Arabian Sea),19.076,72.8777,3.0,July 2023 Pluvial Urban Inundation,2023-07-26T09:00,1.0,1005.9,23.2,46.1,0.432,0.437,0.429
mumbai_mithi,Mumbai,Maharashtra,West Coast (Arabian Sea),19.076,72.8777,3.0,July 2023 Pluvial Urban Inundation,2023-07-26T10:00,7.7,1005.1,25.2,47.5,0.439,0.439,0.43
mumbai_mithi,Mumbai,Maharashtra,West Coast (Arabian Sea),19.076,72.8777,3.0,July 2023 Pluvial Urban Inundation,2023-07-26T11:00,18.4,1005.5,24.6,48.6,0.439,0.439,0.435
mumbai_mithi,Mumbai,Maharashtra,West Coast (Arabian Sea),19.076,72.8777,3.0,July 2023 Pluvial Urban Inundation,2023-07-26T12:00,3.7,1004.9,24.5,43.6,0.442,0.441,0.432
mumbai_mithi,Mumbai,Maharashtra,West Coast (Arabian Sea),19.076,72.8777,3.0,July 2023 Pluvial Urban Inundation,2023-07-26T13:00,4.0,1005.3,26.3,43.9,0.439,0.439,0.435
mumbai_mithi,Mumbai,Maharashtra,West Coast (Arabian Sea),19.076,72.8777,3.0,July 2023 Pluvial Urban Inundation,2023-07-26T14:00,4.0,1006.4,22.3,45.4,0.437,0.439,0.438
mumbai_mithi,Mumbai,Maharashtra,West Coast (Arabian Sea),19.076,72.8777,3.0,July 2023 Pluvial Urban Inundation,2023-07-26T15:00,6.6,1006.8,23.1,41.0,0.439,0.436,0.439
mumbai_mithi,Mumbai,Maharashtra,West Coast (Arabian Sea),19.076,72.8777,3.0,July 2023 Pluvial Urban Inundation,2023-07-26T16:00,2.6,1007.2,21.4,41.0,0.439,0.428,0.439
mumbai_mithi,Mumbai,Maharashtra,West Coast (Arabian Sea),19.076,72.8777,3.0,July 2023 Pluvial Urban Inundation,2023-07-26T17:00,5.4,1007.7,21.0,38.5,0.439,0.437,0.435
mumbai_mithi,Mumbai,Maharashtra,West Coast (Arabian Sea),19.076,72.8777,3.0,July 2023 Pluvial Urban Inundation,2023-07-26T18:00,4.1,1007.6,15.9,37.4,0.436,0.438,0.432
mumbai_mithi,Mumbai,Maharashtra,West Coast (Arabian Sea),19.076,72.8777,3.0,July 2023 Pluvial Urban Inundation,2023-07-26T19:00,2.6,1007.5,16.6,31.7,0.439,0.438,0.43
mumbai_mithi,Mumbai,Maharashtra,West Coast (Arabian Sea),19.076,72.8777,3.0,July 2023 Pluvial Urban Inundation,2023-07-26T20:00,5.6,1007.0,19.7,35.3,0.439,0.439,0.434
mumbai_mithi,Mumbai,Maharashtra,West Coast (Arabian Sea),19.076,72.8777,3.0,July 2023 Pluvial Urban Inundation,2023-07-26T21:00,6.6,1006.3,17.9,36.4,0.436,0.439,0.438
mumbai_mithi,Mumbai,Maharashtra,West Coast (Arabian Sea),19.076,72.8777,3.0,July 2023 Pluvial Urban Inundation,2023-07-26T22:00,7.3,1005.8,19.6,33.8,0.439,0.437,0.439
mumbai_mithi,Mumbai,Maharashtra,West Coast (Arabian Sea),19.076,72.8777,3.0,July 2023 Pluvial Urban Inundation,2023-07-26T23:00,7.0,1005.5,20.8,36.7,0.439,0.436,0.439
mumbai_mithi,Mumbai,Maharashtra,West Coast (Arabian Sea),19.076,72.8777,3.0,July 2023 Pluvial Urban Inundation,2023-07-27T00:00,6.1,1006.1,20.2,38.5,0.442,0.437,0.439
mumbai_mithi,Mumbai,Maharashtra,West Coast (Arabian Sea),19.076,72.8777,3.0,July 2023 Pluvial Urban Inundation,2023-07-27T01:00,10.5,1006.1,21.2,40.3,0.439,0.437,0.439
mumbai_mithi,Mumbai,Maharashtra,West Coast (Arabian Sea),19.076,72.8777,3.0,July 2023 Pluvial Urban Inundation,2023-07-27T02:00,8.9,1007.1,18.0,38.2,0.439,0.437,0.439
mumbai_mithi,Mumbai,Maharashtra,West Coast (Arabian Sea),19.076,72.8777,3.0,July 2023 Pluvial Urban Inundation,2023-07-27T03:00,8.0,1007.5,19.1,36.0,0.439,0.436,0.439
mumbai_mithi,Mumbai,Maharashtra,West Coast (Arabian Sea),19.076,72.8777,3.0,July 2023 Pluvial Urban Inundation,2023-07-27T04:00,6.3,1007.7,19.5,37.1,0.437,0.439,0.438
mumbai_mithi,Mumbai,Maharashtra,West Coast (Arabian Sea),19.076,72.8777,3.0,July 2023 Pluvial Urban Inundation,2023-07-27T05:00,6.0,1007.7,21.7,39.2,0.439,0.439,0.437
mumbai_mithi,Mumbai,Maharashtra,West Coast (Arabian Sea),19.076,72.8777,3.0,July 2023 Pluvial Urban Inundation,2023-07-27T06:00,4.4,1007.4,19.2,42.8,0.438,0.438,0.436
mumbai_mithi,Mumbai,Maharashtra,West Coast (Arabian Sea),19.076,72.8777,3.0,July 2023 Pluvial Urban Inundation,2023-07-27T07:00,2.5,1006.9,22.0,42.1,0.439,0.438,0.432
mumbai_mithi,Mumbai,Maharashtra,West Coast (Arabian Sea),19.076,72.8777,3.0,July 2023 Pluvial Urban Inundation,2023-07-27T08:00,2.0,1006.5,21.3,40.0,0.432,0.439,0.429
mumbai_mithi,Mumbai,Maharashtra,West Coast (Arabian Sea),19.076,72.8777,3.0,July 2023 Pluvial Urban Inundation,2023-07-27T09:00,0.7,1005.7,20.7,40.7,0.429,0.436,0.425
mumbai_mithi,Mumbai,Maharashtra,West Coast (Arabian Sea),19.076,72.8777,3.0,July 2023 Pluvial Urban Inundation,2023-07-27T10:00,2.4,1005.6,20.6,48.2,0.436,0.437,0.421
mumbai_mithi,Mumbai,Maharashtra,West Coast (Arabian Sea),19.076,72.8777,3.0,July 2023 Pluvial Urban Inundation,2023-07-27T11:00,0.6,1005.5,20.8,43.9,0.433,0.436,0.421
mumbai_mithi,Mumbai,Maharashtra,West Coast (Arabian Sea),19.076,72.8777,3.0,July 2023 Pluvial Urban Inundation,2023-07-27T12:00,0.1,1005.3,22.0,40.0,0.428,0.436,0.423
mumbai_mithi,Mumbai,Maharashtra,West Coast (Arabian Sea),19.076,72.8777,3.0,July 2023 Pluvial Urban Inundation,2023-07-27T13:00,0.1,1005.9,19.8,38.5,0.424,0.435,0.423
mumbai_mithi,Mumbai,Maharashtra,West Coast (Arabian Sea),19.076,72.8777,3.0,July 2023 Pluvial Urban Inundation,2023-07-27T14:00,0.4,1006.4,20.9,37.1,0.424,0.433,0.422
mumbai_mithi,Mumbai,Maharashtra,West Coast (Arabian Sea),19.076,72.8777,3.0,July 2023 Pluvial Urban Inundation,2023-07-27T15:00,0.4,1007.1,20.3,37.4,0.424,0.432,0.421
mumbai_mithi,Mumbai,Maharashtra,West Coast (Arabian Sea),19.076,72.8777,3.0,July 2023 Pluvial Urban Inundation,2023-07-27T16:00,0.8,1007.8,20.0,36.4,0.429,0.431,0.421
mumbai_mithi,Mumbai,Maharashtra,West Coast (Arabian Sea),19.076,72.8777,3.0,July 2023 Pluvial Urban Inundation,2023-07-27T17:00,0.5,1008.2,21.2,36.4,0.43,0.431,0.42
mumbai_mithi,Mumbai,Maharashtra,West Coast (Arabian Sea),19.076,72.8777,3.0,July 2023 Pluvial Urban Inundation,2023-07-27T18:00,1.1,1008.3,17.8,36.7,0.438,0.432,0.42
mumbai_mithi,Mumbai,Maharashtra,West Coast (Arabian Sea),19.076,72.8777,3.0,July 2023 Pluvial Urban Inundation,2023-07-27T19:00,1.1,1007.6,18.8,35.3,0.439,0.434,0.419
mumbai_mithi,Mumbai,Maharashtra,West Coast (Arabian Sea),19.076,72.8777,3.0,July 2023 Pluvial Urban Inundation,2023-07-27T20:00,3.4,1006.8,14.4,36.0,0.438,0.439,0.42
mumbai_mithi,Mumbai,Maharashtra,West Coast (Arabian Sea),19.076,72.8777,3.0,July 2023 Pluvial Urban Inundation,2023-07-27T21:00,4.6,1006.1,15.3,29.5,0.439,0.439,0.424
mumbai_mithi,Mumbai,Maharashtra,West Coast (Arabian Sea),19.076,72.8777,3.0,July 2023 Pluvial Urban Inundation,2023-07-27T22:00,4.4,1005.8,16.1,33.8,0.438,0.438,0.428
mumbai_mithi,Mumbai,Maharashtra,West Coast (Arabian Sea),19.076,72.8777,3.0,July 2023 Pluvial Urban Inundation,2023-07-27T23:00,3.0,1005.3,18.0,36.7,0.439,0.438,0.43
mumbai_mithi,Mumbai,Maharashtra,West Coast (Arabian Sea),19.076,72.8777,3.0,July 2023 Pluvial Urban Inundation,2023-07-28T00:00,2.0,1005.6,15.8,35.3,0.433,0.44,0.423
mumbai_mithi,Mumbai,Maharashtra,West Coast (Arabian Sea),19.076,72.8777,3.0,July 2023 Pluvial Urban Inundation,2023-07-28T01:00,1.6,1006.0,16.9,32.4,0.436,0.437,0.425
mumbai_mithi,Mumbai,Maharashtra,West Coast (Arabian Sea),19.076,72.8777,3.0,July 2023 Pluvial Urban Inundation,2023-07-28T02:00,1.8,1006.8,15.8,36.4,0.436,0.438,0.426
mumbai_mithi,Mumbai,Maharashtra,West Coast (Arabian Sea),19.076,72.8777,3.0,July 2023 Pluvial Urban Inundation,2023-07-28T03:00,2.0,1007.5,17.5,35.3,0.434,0.437,0.427
mumbai_mithi,Mumbai,Maharashtra,West Coast (Arabian Sea),19.076,72.8777,3.0,July 2023 Pluvial Urban Inundation,2023-07-28T04:00,1.2,1007.6,18.2,34.9,0.437,0.437,0.427
mumbai_mithi,Mumbai,Maharashtra,West Coast (Arabian Sea),19.076,72.8777,3.0,July 2023 Pluvial Urban Inundation,2023-07-28T05:00,2.4,1007.7,21.0,44.6,0.439,0.439,0.428
mumbai_mithi,Mumbai,Maharashtra,West Coast (Arabian Sea),19.076,72.8777,3.0,July 2023 Pluvial Urban Inundation,2023-07-28T06:00,2.1,1007.6,18.7,42.1,0.429,0.437,0.43
mumbai_mithi,Mumbai,Maharashtra,West Coast (Arabian Sea),19.076,72.8777,3.0,July 2023 Pluvial Urban Inundation,2023-07-28T07:00,5.6,1007.7,21.1,44.6,0.434,0.438,0.432
mumbai_mithi,Mumbai,Maharashtra,West Coast (Arabian Sea),19.076,72.8777,3.0,July 2023 Pluvial Urban Inundation,2023-07-28T08:00,1.7,1007.2,21.7,43.9,0.429,0.437,0.434
mumbai_mithi,Mumbai,Maharashtra,West Coast (Arabian Sea),19.076,72.8777,3.0,July 2023 Pluvial Urban Inundation,2023-07-28T09:00,3.2,1006.6,20.7,41.4,0.439,0.438,0.435
mumbai_mithi,Mumbai,Maharashtra,West Coast (Arabian Sea),19.076,72.8777,3.0,July 2023 Pluvial Urban Inundation,2023-07-28T10:00,2.4,1006.3,21.7,42.8,0.436,0.439,0.436
mumbai_mithi,Mumbai,Maharashtra,West Coast (Arabian Sea),19.076,72.8777,3.0,July 2023 Pluvial Urban Inundation,2023-07-28T11:00,2.4,1006.1,19.8,41.0,0.431,0.439,0.438
mumbai_mithi,Mumbai,Maharashtra,West Coast (Arabian Sea),19.076,72.8777,3.0,July 2023 Pluvial Urban Inundation,2023-07-28T12:00,0.9,1006.2,17.3,38.5,0.437,0.432,0.432
mumbai_mithi,Mumbai,Maharashtra,West Coast (Arabian Sea),19.076,72.8777,3.0,July 2023 Pluvial Urban Inundation,2023-07-28T13:00,0.9,1006.2,15.9,32.4,0.433,0.434,0.427
mumbai_mithi,Mumbai,Maharashtra,West Coast (Arabian Sea),19.076,72.8777,3.0,July 2023 Pluvial Urban Inundation,2023-07-28T14:00,0.3,1006.9,18.0,32.8,0.43,0.434,0.422
mumbai_mithi,Mumbai,Maharashtra,West Coast (Arabian Sea),19.076,72.8777,3.0,July 2023 Pluvial Urban Inundation,2023-07-28T15:00,0.4,1007.3,14.6,33.8,0.43,0.433,0.418
mumbai_mithi,Mumbai,Maharashtra,West Coast (Arabian Sea),19.076,72.8777,3.0,July 2023 Pluvial Urban Inundation,2023-07-28T16:00,1.2,1007.9,14.5,27.4,0.439,0.433,0.418
mumbai_mithi,Mumbai,Maharashtra,West Coast (Arabian Sea),19.076,72.8777,3.0,July 2023 Pluvial Urban Inundation,2023-07-28T17:00,0.8,1008.2,15.4,27.7,0.433,0.435,0.417
mumbai_mithi,Mumbai,Maharashtra,West Coast (Arabian Sea),19.076,72.8777,3.0,July 2023 Pluvial Urban Inundation,2023-07-28T18:00,0.4,1007.6,17.6,33.1,0.432,0.434,0.417
mumbai_mithi,Mumbai,Maharashtra,West Coast (Arabian Sea),19.076,72.8777,3.0,July 2023 Pluvial Urban Inundation,2023-07-28T19:00,0.6,1007.3,16.6,33.5,0.432,0.433,0.416
mumbai_mithi,Mumbai,Maharashtra,West Coast (Arabian Sea),19.076,72.8777,3.0,July 2023 Pluvial Urban Inundation,2023-07-28T20:00,0.3,1006.6,16.1,29.2,0.43,0.433,0.416
mumbai_mithi,Mumbai,Maharashtra,West Coast (Arabian Sea),19.076,72.8777,3.0,July 2023 Pluvial Urban Inundation,2023-07-28T21:00,0.8,1006.0,16.8,31.0,0.433,0.432,0.415
mumbai_mithi,Mumbai,Maharashtra,West Coast (Arabian Sea),19.076,72.8777,3.0,July 2023 Pluvial Urban Inundation,2023-07-28T22:00,0.4,1006.0,16.7,31.0,0.433,0.432,0.415
mumbai_mithi,Mumbai,Maharashtra,West Coast (Arabian Sea),19.076,72.8777,3.0,July 2023 Pluvial Urban Inundation,2023-07-28T23:00,1.7,1005.8,15.5,32.4,0.436,0.435,0.414
mumbai_mithi,Mumbai,Maharashtra,West Coast (Arabian Sea),19.076,72.8777,3.0,July 2023 Pluvial Urban Inundation,2023-07-29T00:00,0.1,1005.7,15.5,29.2,0.426,0.432,0.416
mumbai_mithi,Mumbai,Maharashtra,West Coast (Arabian Sea),19.076,72.8777,3.0,July 2023 Pluvial Urban Inundation,2023-07-29T01:00,0.5,1006.2,19.2,34.2,0.427,0.432,0.416
mumbai_mithi,Mumbai,Maharashtra,West Coast (Arabian Sea),19.076,72.8777,3.0,July 2023 Pluvial Urban Inundation,2023-07-29T02:00,0.6,1006.7,18.9,34.6,0.43,0.431,0.415
mumbai_mithi,Mumbai,Maharashtra,West Coast (Arabian Sea),19.076,72.8777,3.0,July 2023 Pluvial Urban Inundation,2023-07-29T03:00,0.9,1007.8,20.1,35.6,0.436,0.431,0.415
mumbai_mithi,Mumbai,Maharashtra,West Coast (Arabian Sea),19.076,72.8777,3.0,July 2023 Pluvial Urban Inundation,2023-07-29T04:00,2.6,1008.4,19.8,34.9,0.439,0.436,0.414
mumbai_mithi,Mumbai,Maharashtra,West Coast (Arabian Sea),19.076,72.8777,3.0,July 2023 Pluvial Urban Inundation,2023-07-29T05:00,0.4,1008.5,19.4,36.4,0.429,0.436,0.415
mumbai_mithi,Mumbai,Maharashtra,West Coast (Arabian Sea),19.076,72.8777,3.0,July 2023 Pluvial Urban Inundation,2023-07-29T06:00,0.2,1008.4,21.2,42.5,0.425,0.434,0.414
mumbai_mithi,Mumbai,Maharashtra,West Coast (Arabian Sea),19.076,72.8777,3.0,July 2023 Pluvial Urban Inundation,2023-07-29T07:00,0.1,1008.1,23.4,45.7,0.421,0.432,0.414
mumbai_mithi,Mumbai,Maharashtra,West Coast (Arabian Sea),19.076,72.8777,3.0,July 2023 Pluvial Urban Inundation,2023-07-29T08:00,0.6,1007.5,22.5,46.8,0.422,0.43,0.414
mumbai_mithi,Mumbai,Maharashtra,West Coast (Arabian Sea),19.076,72.8777,3.0,July 2023 Pluvial Urban Inundation,2023-07-29T09:00,0.3,1006.8,23.7,49.0,0.419,0.429,0.413
mumbai_mithi,Mumbai,Maharashtra,West Coast (Arabian Sea),19.076,72.8777,3.0,July 2023 Pluvial Urban Inundation,2023-07-29T10:00,0.1,1006.3,23.9,51.5,0.416,0.427,0.412
mumbai_mithi,Mumbai,Maharashtra,West Coast (Arabian Sea),19.076,72.8777,3.0,July 2023 Pluvial Urban Inundation,2023-07-29T11:00,0.4,1005.9,23.6,50.4,0.416,0.426,0.412
mumbai_mithi,Mumbai,Maharashtra,West Coast (Arabian Sea),19.076,72.8777,3.0,July 2023 Pluvial Urban Inundation,2023-07-29T12:00,0.4,1006.4,20.7,48.6,0.433,0.436,0.412
mumbai_mithi,Mumbai,Maharashtra,West Coast (Arabian Sea),19.076,72.8777,3.0,July 2023 Pluvial Urban Inundation,2023-07-29T13:00,0.3,1006.6,19.8,40.3,0.429,0.434,0.412
mumbai_mithi,Mumbai,Maharashtra,West Coast (Arabian Sea),19.076,72.8777,3.0,July 2023 Pluvial Urban Inundation,2023-07-29T14:00,0.4,1006.9,16.6,34.9,0.427,0.433,0.412
mumbai_mithi,Mumbai,Maharashtra,West Coast (Arabian Sea),19.076,72.8777,3.0,July 2023 Pluvial Urban Inundation,2023-07-29T15:00,0.4,1007.7,17.9,33.5,0.426,0.432,0.412
mumbai_mithi,Mumbai,Maharashtra,West Coast (Arabian Sea),19.076,72.8777,3.0,July 2023 Pluvial Urban Inundation,2023-07-29T16:00,0.0,1008.1,17.4,33.1,0.423,0.431,0.412
mumbai_mithi,Mumbai,Maharashtra,West Coast (Arabian Sea),19.076,72.8777,3.0,July 2023 Pluvial Urban Inundation,2023-07-29T17:00,0.1,1008.4,17.7,31.7,0.421,0.43,0.411
mumbai_mithi,Mumbai,Maharashtra,West Coast (Arabian Sea),19.076,72.8777,3.0,July 2023 Pluvial Urban Inundation,2023-07-29T18:00,0.1,1007.7,17.4,31.3,0.419,0.429,0.411
mumbai_mithi,Mumbai,Maharashtra,West Coast (Arabian Sea),19.076,72.8777,3.0,July 2023 Pluvial Urban Inundation,2023-07-29T19:00,0.1,1007.1,17.9,32.4,0.418,0.428,0.411
mumbai_mithi,Mumbai,Maharashtra,West Coast (Arabian Sea),19.076,72.8777,3.0,July 2023 Pluvial Urban Inundation,2023-07-29T20:00,0.3,1006.4,18.1,33.8,0.418,0.427,0.41
mumbai_mithi,Mumbai,Maharashtra,West Coast (Arabian Sea),19.076,72.8777,3.0,July 2023 Pluvial Urban Inundation,2023-07-29T21:00,0.3,1006.1,18.7,32.4,0.418,0.426,0.41
mumbai_mithi,Mumbai,Maharashtra,West Coast (Arabian Sea),19.076,72.8777,3.0,July 2023 Pluvial Urban Inundation,2023-07-29T22:00,0.4,1005.7,18.2,34.6,0.42,0.426,0.409
mumbai_mithi,Mumbai,Maharashtra,West Coast (Arabian Sea),19.076,72.8777,3.0,July 2023 Pluvial Urban Inundation,2023-07-29T23:00,0.2,1005.7,16.6,31.0,0.42,0.425,0.409
mumbai_mithi,Mumbai,Maharashtra,West Coast (Arabian Sea),19.076,72.8777,3.0,July 2023 Pluvial Urban Inundation,2023-07-30T00:00,0.6,1005.8,16.3,31.0,0.422,0.426,0.408
mumbai_mithi,Mumbai,Maharashtra,West Coast (Arabian Sea),19.076,72.8777,3.0,July 2023 Pluvial Urban Inundation,2023-07-30T01:00,0.1,1006.2,17.3,29.9,0.42,0.426,0.408
mumbai_mithi,Mumbai,Maharashtra,West Coast (Arabian Sea),19.076,72.8777,3.0,July 2023 Pluvial Urban Inundation,2023-07-30T02:00,0.1,1006.9,20.0,35.6,0.418,0.425,0.408
mumbai_mithi,Mumbai,Maharashtra,West Coast (Arabian Sea),19.076,72.8777,3.0,July 2023 Pluvial Urban Inundation,2023-07-30T03:00,0.4,1007.4,19.2,37.4,0.419,0.424,0.407
mumbai_mithi,Mumbai,Maharashtra,West Coast (Arabian Sea),19.076,72.8777,3.0,July 2023 Pluvial Urban Inundation,2023-07-30T04:00,0.1,1008.0,18.5,38.2,0.417,0.424,0.407
mumbai_mithi,Mumbai,Maharashtra,West Coast (Arabian Sea),19.076,72.8777,3.0,July 2023 Pluvial Urban Inundation,2023-07-30T05:00,1.3,1007.9,19.1,41.4,0.426,0.423,0.406
mumbai_mithi,Mumbai,Maharashtra,West Coast (Arabian Sea),19.076,72.8777,3.0,July 2023 Pluvial Urban Inundation,2023-07-30T06:00,0.1,1007.6,22.9,47.2,0.423,0.423,0.406
mumbai_mithi,Mumbai,Maharashtra,West Coast (Arabian Sea),19.076,72.8777,3.0,July 2023 Pluvial Urban Inundation,2023-07-30T07:00,0.0,1007.1,25.1,47.2,0.419,0.422,0.405
mumbai_mithi,Mumbai,Maharashtra,West Coast (Arabian Sea),19.076,72.8777,3.0,July 2023 Pluvial Urban Inundation,2023-07-30T08:00,0.5,1006.4,25.6,49.7,0.418,0.421,0.405
mumbai_mithi,Mumbai,Maharashtra,West Coast (Arabian Sea),19.076,72.8777,3.0,July 2023 Pluvial Urban Inundation,2023-07-30T09:00,1.3,1005.5,24.7,51.5,0.426,0.421,0.404
mumbai_mithi,Mumbai,Maharashtra,West Coast (Arabian Sea),19.076,72.8777,3.0,July 2023 Pluvial Urban Inundation,2023-07-30T10:00,1.8,1004.9,25.3,52.9,0.429,0.424,0.404
mumbai_mithi,Mumbai,Maharashtra,West Coast (Arabian Sea),19.076,72.8777,3.0,July 2023 Pluvial Urban Inundation,2023-07-30T11:00,0.1,1004.6,22.5,50.8,0.424,0.424,0.404
mumbai_mithi,Mumbai,Maharashtra,West Coast (Arabian Sea),19.076,72.8777,3.0,July 2023 Pluvial Urban Inundation,2023-07-30T12:00,0.6,1004.9,20.8,46.4,0.428,0.428,0.406
mumbai_mithi,Mumbai,Maharashtra,West Coast (Arabian Sea),19.076,72.8777,3.0,July 2023 Pluvial Urban Inundation,2023-07-30T13:00,0.1,1004.9,18.4,38.9,0.424,0.427,0.406
mumbai_mithi,Mumbai,Maharashtra,West Coast (Arabian Sea),19.076,72.8777,3.0,July 2023 Pluvial Urban Inundation,2023-07-30T14:00,0.1,1005.4,17.3,34.6,0.422,0.426,0.405
mumbai_mithi,Mumbai,Maharashtra,West Coast (Arabian Sea),19.076,72.8777,3.0,July 2023 Pluvial Urban Inundation,2023-07-30T15:00,0.6,1005.9,18.3,33.5,0.426,0.426,0.405
mumbai_mithi,Mumbai,Maharashtra,West Coast (Arabian Sea),19.076,72.8777,3.0,July 2023 Pluvial Urban Inundation,2023-07-30T16:00,0.1,1006.5,16.4,31.7,0.424,0.425,0.405
mumbai_mithi,Mumbai,Maharashtra,West Coast (Arabian Sea),19.076,72.8777,3.0,July 2023 Pluvial Urban Inundation,2023-07-30T17:00,0.0,1007.1,17.6,30.6,0.421,0.425,0.405
mumbai_mithi,Mumbai,Maharashtra,West Coast (Arabian Sea),19.076,72.8777,3.0,July 2023 Pluvial Urban Inundation,2023-07-30T18:00,0.1,1006.9,16.6,32.4,0.419,0.424,0.404
mumbai_mithi,Mumbai,Maharashtra,West Coast (Arabian Sea),19.076,72.8777,3.0,July 2023 Pluvial Urban Inundation,2023-07-30T19:00,0.4,1006.0,17.1,30.2,0.42,0.424,0.404
mumbai_mithi,Mumbai,Maharashtra,West Coast (Arabian Sea),19.076,72.8777,3.0,July 2023 Pluvial Urban Inundation,2023-07-30T20:00,0.3,1005.5,17.2,32.0,0.42,0.423,0.404
mumbai_mithi,Mumbai,Maharashtra,West Coast (Arabian Sea),19.076,72.8777,3.0,July 2023 Pluvial Urban Inundation,2023-07-30T21:00,0.3,1005.0,16.8,32.4,0.42,0.423,0.404
mumbai_mithi,Mumbai,Maharashtra,West Coast (Arabian Sea),19.076,72.8777,3.0,July 2023 Pluvial Urban Inundation,2023-07-30T22:00,0.2,1004.7,18.1,31.0,0.42,0.423,0.403
mumbai_mithi,Mumbai,Maharashtra,West Coast (Arabian Sea),19.076,72.8777,3.0,July 2023 Pluvial Urban Inundation,2023-07-30T23:00,0.4,1004.8,17.9,31.3,0.421,0.422,0.403
mumbai_mithi,Mumbai,Maharashtra,West Coast (Arabian Sea),19.076,72.8777,3.0,July 2023 Pluvial Urban Inundation,2023-07-31T00:00,0.4,1004.6,18.2,32.0,0.43,0.427,0.403
mumbai_mithi,Mumbai,Maharashtra,West Coast (Arabian Sea),19.076,72.8777,3.0,July 2023 Pluvial Urban Inundation,2023-07-31T01:00,0.1,1005.0,17.4,32.8,0.427,0.427,0.403
mumbai_mithi,Mumbai,Maharashtra,West Coast (Arabian Sea),19.076,72.8777,3.0,July 2023 Pluvial Urban Inundation,2023-07-31T02:00,0.5,1005.6,16.8,33.5,0.427,0.427,0.403
mumbai_mithi,Mumbai,Maharashtra,West Coast (Arabian Sea),19.076,72.8777,3.0,July 2023 Pluvial Urban Inundation,2023-07-31T03:00,0.9,1006.4,19.0,34.9,0.431,0.427,0.402
mumbai_mithi,Mumbai,Maharashtra,West Coast (Arabian Sea),19.076,72.8777,3.0,July 2023 Pluvial Urban Inundation,2023-07-31T04:00,0.3,1007.0,19.3,37.4,0.428,0.427,0.402
mumbai_mithi,Mumbai,Maharashtra,West Coast (Arabian Sea),19.076,72.8777,3.0,July 2023 Pluvial Urban Inundation,2023-07-31T05:00,1.2,1007.5,17.2,42.8,0.433,0.427,0.402
mumbai_mithi,Mumbai,Maharashtra,West Coast (Arabian Sea),19.076,72.8777,3.0,July 2023 Pluvial Urban Inundation,2023-07-31T06:00,1.0,1007.3,22.4,43.9,0.434,0.427,0.402
mumbai_mithi,Mumbai,Maharashtra,West Coast (Arabian Sea),19.076,72.8777,3.0,July 2023 Pluvial Urban Inundation,2023-07-31T07:00,0.4,1007.0,20.3,42.8,0.43,0.427,0.402
mumbai_mithi,Mumbai,Maharashtra,West Coast (Arabian Sea),19.076,72.8777,3.0,July 2023 Pluvial Urban Inundation,2023-07-31T08:00,0.5,1006.2,19.5,40.3,0.428,0.427,0.402
mumbai_mithi,Mumbai,Maharashtra,West Coast (Arabian Sea),19.076,72.8777,3.0,July 2023 Pluvial Urban Inundation,2023-07-31T09:00,0.5,1005.3,24.4,47.2,0.426,0.426,0.401
mumbai_mithi,Mumbai,Maharashtra,West Coast (Arabian Sea),19.076,72.8777,3.0,July 2023 Pluvial Urban Inundation,2023-07-31T10:00,0.4,1004.8,26.6,50.0,0.424,0.425,0.401
mumbai_mithi,Mumbai,Maharashtra,West Coast (Arabian Sea),19.076,72.8777,3.0,July 2023 Pluvial Urban Inundation,2023-07-31T11:00,0.5,1004.5,25.6,50.8,0.424,0.424,0.401
mumbai_mithi,Mumbai,Maharashtra,West Coast (Arabian Sea),19.076,72.8777,3.0,July 2023 Pluvial Urban Inundation,2023-07-31T12:00,0.3,1004.8,17.9,48.2,0.418,0.419,0.399
mumbai_mithi,Mumbai,Maharashtra,West Coast (Arabian Sea),19.076,72.8777,3.0,July 2023 Pluvial Urban Inundation,2023-07-31T13:00,0.4,1004.9,16.6,34.9,0.419,0.419,0.399
mumbai_mithi,Mumbai,Maharashtra,West Coast (Arabian Sea),19.076,72.8777,3.0,July 2023 Pluvial Urban Inundation,2023-07-31T14:00,0.1,1005.3,17.8,31.7,0.417,0.418,0.398
mumbai_mithi,Mumbai,Maharashtra,West Coast (Arabian Sea),19.076,72.8777,3.0,July 2023 Pluvial Urban Inundation,2023-07-31T15:00,0.1,1006.0,17.4,31.0,0.416,0.418,0.398
mumbai_mithi,Mumbai,Maharashtra,West Coast (Arabian Sea),19.076,72.8777,3.0,July 2023 Pluvial Urban Inundation,2023-07-31T16:00,0.2,1006.7,18.1,31.3,0.416,0.418,0.398
mumbai_mithi,Mumbai,Maharashtra,West Coast (Arabian Sea),19.076,72.8777,3.0,July 2023 Pluvial Urban Inundation,2023-07-31T17:00,0.2,1007.2,16.6,31.0,0.415,0.417,0.398
mumbai_mithi,Mumbai,Maharashtra,West Coast (Arabian Sea),19.076,72.8777,3.0,July 2023 Pluvial Urban Inundation,2023-07-31T18:00,0.3,1007.0,17.6,31.0,0.416,0.417,0.397
mumbai_mithi,Mumbai,Maharashtra,West Coast (Arabian Sea),19.076,72.8777,3.0,July 2023 Pluvial Urban Inundation,2023-07-31T19:00,0.3,1006.6,18.7,32.0,0.416,0.417,0.397
mumbai_mithi,Mumbai,Maharashtra,West Coast (Arabian Sea),19.076,72.8777,3.0,July 2023 Pluvial Urban Inundation,2023-07-31T20:00,0.2,1005.6,17.1,32.0,0.415,0.417,0.397
mumbai_mithi,Mumbai,Maharashtra,West Coast (Arabian Sea),19.076,72.8777,3.0,July 2023 Pluvial Urban Inundation,2023-07-31T21:00,0.3,1005.2,19.7,34.2,0.416,0.416,0.396
mumbai_mithi,Mumbai,Maharashtra,West Coast (Arabian Sea),19.076,72.8777,3.0,July 2023 Pluvial Urban Inundation,2023-07-31T22:00,0.6,1005.1,19.5,33.8,0.421,0.416,0.396
mumbai_mithi,Mumbai,Maharashtra,West Coast (Arabian Sea),19.076,72.8777,3.0,July 2023 Pluvial Urban Inundation,2023-07-31T23:00,0.6,1004.9,18.3,33.1,0.424,0.417,0.396
vizag_harbor,Visakhapatnam,Andhra Pradesh,East Coast (Bay of Bengal),17.6868,83.2185,4.5,2014 Very Severe Cyclone Hudhud,2014-10-01T00:00,0.0,1006.1,5.2,9.7,0.223,0.245,0.289
vizag_harbor,Visakhapatnam,Andhra Pradesh,East Coast (Bay of Bengal),17.6868,83.2185,4.5,2014 Very Severe Cyclone Hudhud,2014-10-01T01:00,0.0,1006.8,3.9,8.3,0.223,0.245,0.289
vizag_harbor,Visakhapatnam,Andhra Pradesh,East Coast (Bay of Bengal),17.6868,83.2185,4.5,2014 Very Severe Cyclone Hudhud,2014-10-01T02:00,0.0,1007.5,3.1,9.0,0.224,0.245,0.289
vizag_harbor,Visakhapatnam,Andhra Pradesh,East Coast (Bay of Bengal),17.6868,83.2185,4.5,2014 Very Severe Cyclone Hudhud,2014-10-01T03:00,0.0,1007.8,2.0,10.1,0.223,0.244,0.289
vizag_harbor,Visakhapatnam,Andhra Pradesh,East Coast (Bay of Bengal),17.6868,83.2185,4.5,2014 Very Severe Cyclone Hudhud,2014-10-01T04:00,0.0,1007.9,0.7,10.8,0.222,0.244,0.289
vizag_harbor,Visakhapatnam,Andhra Pradesh,East Coast (Bay of Bengal),17.6868,83.2185,4.5,2014 Very Severe Cyclone Hudhud,2014-10-01T05:00,0.0,1007.5,4.1,19.4,0.22,0.243,0.288
vizag_harbor,Visakhapatnam,Andhra Pradesh,East Coast (Bay of Bengal),17.6868,83.2185,4.5,2014 Very Severe Cyclone Hudhud,2014-10-01T06:00,0.0,1006.5,7.2,23.4,0.218,0.242,0.288
vizag_harbor,Visakhapatnam,Andhra Pradesh,East Coast (Bay of Bengal),17.6868,83.2185,4.5,2014 Very Severe Cyclone Hudhud,2014-10-01T07:00,0.0,1005.7,10.8,26.3,0.216,0.241,0.288
vizag_harbor,Visakhapatnam,Andhra Pradesh,East Coast (Bay of Bengal),17.6868,83.2185,4.5,2014 Very Severe Cyclone Hudhud,2014-10-01T08:00,0.0,1004.8,12.7,28.1,0.214,0.24,0.287
vizag_harbor,Visakhapatnam,Andhra Pradesh,East Coast (Bay of Bengal),17.6868,83.2185,4.5,2014 Very Severe Cyclone Hudhud,2014-10-01T09:00,0.0,1004.7,11.5,27.0,0.214,0.239,0.287
vizag_harbor,Visakhapatnam,Andhra Pradesh,East Coast (Bay of Bengal),17.6868,83.2185,4.5,2014 Very Severe Cyclone Hudhud,2014-10-01T10:00,0.0,1003.9,8.5,24.8,0.213,0.238,0.287
vizag_harbor,Visakhapatnam,Andhra Pradesh,East Coast (Bay of Bengal),17.6868,83.2185,4.5,2014 Very Severe Cyclone Hudhud,2014-10-01T11:00,0.3,1003.9,5.7,19.1,0.214,0.238,0.287
vizag_harbor,Visakhapatnam,Andhra Pradesh,East Coast (Bay of Bengal),17.6868,83.2185,4.5,2014 Very Severe Cyclone Hudhud,2014-10-01T12:00,0.0,1004.2,3.9,15.1,0.215,0.238,0.287
vizag_harbor,Visakhapatnam,Andhra Pradesh,East Coast (Bay of Bengal),17.6868,83.2185,4.5,2014 Very Severe Cyclone Hudhud,2014-10-01T13:00,0.0,1004.7,5.5,7.2,0.215,0.238,0.287
vizag_harbor,Visakhapatnam,Andhra Pradesh,East Coast (Bay of Bengal),17.6868,83.2185,4.5,2014 Very Severe Cyclone Hudhud,2014-10-01T14:00,0.0,1005.3,2.5,5.8,0.215,0.238,0.287
vizag_harbor,Visakhapatnam,Andhra Pradesh,East Coast (Bay of Bengal),17.6868,83.2185,4.5,2014 Very Severe Cyclone Hudhud,2014-10-01T15:00,0.0,1006.0,2.6,6.8,0.215,0.238,0.287
vizag_harbor,Visakhapatnam,Andhra Pradesh,East Coast (Bay of Bengal),17.6868,83.2185,4.5,2014 Very Severe Cyclone Hudhud,2014-10-01T16:00,0.0,1006.2,3.8,7.9,0.215,0.238,0.286
vizag_harbor,Visakhapatnam,Andhra Pradesh,East Coast (Bay of Bengal),17.6868,83.2185,4.5,2014 Very Severe Cyclone Hudhud,2014-10-01T17:00,0.0,1006.6,3.9,8.3,0.216,0.238,0.286
vizag_harbor,Visakhapatnam,Andhra Pradesh,East Coast (Bay of Bengal),17.6868,83.2185,4.5,2014 Very Severe Cyclone Hudhud,2014-10-01T18:00,0.0,1006.4,4.6,7.9,0.216,0.238,0.286
vizag_harbor,Visakhapatnam,Andhra Pradesh,East Coast (Bay of Bengal),17.6868,83.2185,4.5,2014 Very Severe Cyclone Hudhud,2014-10-01T19:00,0.0,1006.0,4.7,10.4,0.216,0.238,0.286
vizag_harbor,Visakhapatnam,Andhra Pradesh,East Coast (Bay of Bengal),17.6868,83.2185,4.5,2014 Very Severe Cyclone Hudhud,2014-10-01T20:00,0.0,1006.1,4.1,7.6,0.216,0.238,0.286
vizag_harbor,Visakhapatnam,Andhra Pradesh,East Coast (Bay of Bengal),17.6868,83.2185,4.5,2014 Very Severe Cyclone Hudhud,2014-10-01T21:00,0.1,1005.6,4.0,9.4,0.218,0.238,0.286
vizag_harbor,Visakhapatnam,Andhra Pradesh,East Coast (Bay of Bengal),17.6868,83.2185,4.5,2014 Very Severe Cyclone Hudhud,2014-10-01T22:00,0.0,1005.6,4.6,6.8,0.218,0.238,0.286
vizag_harbor,Visakhapatnam,Andhra Pradesh,East Coast (Bay of Bengal),17.6868,83.2185,4.5,2014 Very Severe Cyclone Hudhud,2014-10-01T23:00,0.0,1005.6,4.9,5.8,0.218,0.238,0.286
vizag_harbor,Visakhapatnam,Andhra Pradesh,East Coast (Bay of Bengal),17.6868,83.2185,4.5,2014 Very Severe Cyclone Hudhud,2014-10-02T00:00,0.0,1006.1,4.1,6.1,0.218,0.238,0.286
vizag_harbor,Visakhapatnam,Andhra Pradesh,East Coast (Bay of Bengal),17.6868,83.2185,4.5,2014 Very Severe Cyclone Hudhud,2014-10-02T01:00,0.0,1006.6,4.1,5.8,0.219,0.238,0.286
vizag_harbor,Visakhapatnam,Andhra Pradesh,East Coast (Bay of Bengal),17.6868,83.2185,4.5,2014 Very Severe Cyclone Hudhud,2014-10-02T02:00,0.0,1007.5,3.7,10.8,0.219,0.238,0.286
vizag_harbor,Visakhapatnam,Andhra Pradesh,East Coast (Bay of Bengal),17.6868,83.2185,4.5,2014 Very Severe Cyclone Hudhud,2014-10-02T03:00,0.0,1007.8,4.0,9.7,0.219,0.238,0.286
vizag_harbor,Visakhapatnam,Andhra Pradesh,East Coast (Bay of Bengal),17.6868,83.2185,4.5,2014 Very Severe Cyclone Hudhud,2014-10-02T04:00,0.0,1007.9,4.4,15.5,0.218,0.237,0.285
vizag_harbor,Visakhapatnam,Andhra Pradesh,East Coast (Bay of Bengal),17.6868,83.2185,4.5,2014 Very Severe Cyclone Hudhud,2014-10-02T05:00,0.0,1007.5,4.7,17.6,0.216,0.236,0.285
vizag_harbor,Visakhapatnam,Andhra Pradesh,East Coast (Bay of Bengal),17.6868,83.2185,4.5,2014 Very Severe Cyclone Hudhud,2014-10-02T06:00,0.0,1006.4,5.5,19.8,0.214,0.236,0.285
vizag_harbor,Visakhapatnam,Andhra Pradesh,East Coast (Bay of Bengal),17.6868,83.2185,4.5,2014 Very Severe Cyclone Hudhud,2014-10-02T07:00,0.0,1005.7,7.1,19.8,0.212,0.235,0.284
vizag_harbor,Visakhapatnam,Andhra Pradesh,East Coast (Bay of Bengal),17.6868,83.2185,4.5,2014 Very Severe Cyclone Hudhud,2014-10-02T08:00,0.0,1004.4,8.0,22.7,0.21,0.234,0.284
vizag_harbor,Visakhapatnam,Andhra Pradesh,East Coast (Bay of Bengal),17.6868,83.2185,4.5,2014 Very Severe Cyclone Hudhud,2014-10-02T09:00,0.0,1004.0,10.3,24.5,0.208,0.233,0.284
vizag_harbor,Visakhapatnam,Andhra Pradesh,East Coast (Bay of Bengal),17.6868,83.2185,4.5,2014 Very Severe Cyclone Hudhud,2014-10-02T10:00,0.7,1003.1,11.2,25.9,0.211,0.232,0.284
vizag_harbor,Visakhapatnam,Andhra Pradesh,East Coast (Bay of Bengal),17.6868,83.2185,4.5,2014 Very Severe Cyclone Hudhud,2014-10-02T11:00,0.1,1003.7,9.4,24.8,0.215,0.232,0.283
vizag_harbor,Visakhapatnam,Andhra Pradesh,East Coast (Bay of Bengal),17.6868,83.2185,4.5,2014 Very Severe Cyclone Hudhud,2014-10-02T12:00,0.0,1004.2,4.3,15.1,0.215,0.232,0.283
vizag_harbor,Visakhapatnam,Andhra Pradesh,East Coast (Bay of Bengal),17.6868,83.2185,4.5,2014 Very Severe Cyclone Hudhud,2014-10-02T13:00,0.0,1004.8,4.6,11.9,0.215,0.232,0.283
vizag_harbor,Visakhapatnam,Andhra Pradesh,East Coast (Bay of Bengal),17.6868,83.2185,4.5,2014 Very Severe Cyclone Hudhud,2014-10-02T14:00,0.0,1005.5,4.7,10.1,0.216,0.232,0.283
vizag_harbor,Visakhapatnam,Andhra Pradesh,East Coast (Bay of Bengal),17.6868,83.2185,4.5,2014 Very Severe Cyclone Hudhud,2014-10-02T15:00,0.0,1005.6,4.4,8.6,0.216,0.232,0.283
vizag_harbor,Visakhapatnam,Andhra Pradesh,East Coast (Bay of Bengal),17.6868,83.2185,4.5,2014 Very Severe Cyclone Hudhud,2014-10-02T16:00,0.0,1006.0,5.1,9.0,0.216,0.232,0.283
vizag_harbor,Visakhapatnam,Andhra Pradesh,East Coast (Bay of Bengal),17.6868,83.2185,4.5,2014 Very Severe Cyclone Hudhud,2014-10-02T17:00,0.0,1005.9,5.2,9.0,0.216,0.232,0.283
vizag_harbor,Visakhapatnam,Andhra Pradesh,East Coast (Bay of Bengal),17.6868,83.2185,4.5,2014 Very Severe Cyclone Hudhud,2014-10-02T18:00,0.0,1005.6,5.1,9.0,0.216,0.232,0.283
vizag_harbor,Visakhapatnam,Andhra Pradesh,East Coast (Bay of Bengal),17.6868,83.2185,4.5,2014 Very Severe Cyclone Hudhud,2014-10-02T19:00,0.0,1005.2,5.4,9.4,0.216,0.232,0.283
vizag_harbor,Visakhapatnam,Andhra Pradesh,East Coast (Bay of Bengal),17.6868,83.2185,4.5,2014 Very Severe Cyclone Hudhud,2014-10-02T20:00,0.0,1004.9,5.8,9.7,0.216,0.232,0.283
vizag_harbor,Visakhapatnam,Andhra Pradesh,East Coast (Bay of Bengal),17.6868,83.2185,4.5,2014 Very Severe Cyclone Hudhud,2014-10-02T21:00,0.0,1004.5,5.4,9.7,0.217,0.232,0.283
vizag_harbor,Visakhapatnam,Andhra Pradesh,East Coast (Bay of Bengal),17.6868,83.2185,4.5,2014 Very Severe Cyclone Hudhud,2014-10-02T22:00,0.0,1004.5,5.2,9.0,0.217,0.232,0.283
vizag_harbor,Visakhapatnam,Andhra Pradesh,East Coast (Bay of Bengal),17.6868,83.2185,4.5,2014 Very Severe Cyclone Hudhud,2014-10-02T23:00,0.0,1004.1,5.2,9.7,0.217,0.232,0.283
vizag_harbor,Visakhapatnam,Andhra Pradesh,East Coast (Bay of Bengal),17.6868,83.2185,4.5,2014 Very Severe Cyclone Hudhud,2014-10-03T00:00,0.0,1004.8,5.1,9.7,0.218,0.232,0.283
vizag_harbor,Visakhapatnam,Andhra Pradesh,East Coast (Bay of Bengal),17.6868,83.2185,4.5,2014 Very Severe Cyclone Hudhud,2014-10-03T01:00,0.0,1005.4,4.7,9.7,0.218,0.232,0.283
vizag_harbor,Visakhapatnam,Andhra Pradesh,East Coast (Bay of Bengal),17.6868,83.2185,4.5,2014 Very Severe Cyclone Hudhud,2014-10-03T02:00,0.1,1006.5,4.6,11.9,0.219,0.233,0.282
vizag_harbor,Visakhapatnam,Andhra Pradesh,East Coast (Bay of Bengal),17.6868,83.2185,4.5,2014 Very Severe Cyclone Hudhud,2014-10-03T03:00,0.0,1007.0,5.3,14.4,0.22,0.232,0.282
vizag_harbor,Visakhapatnam,Andhra Pradesh,East Coast (Bay of Bengal),17.6868,83.2185,4.5,2014 Very Severe Cyclone Hudhud,2014-10-03T04:00,0.0,1007.0,5.6,20.2,0.219,0.232,0.282
vizag_harbor,Visakhapatnam,Andhra Pradesh,East Coast (Bay of Bengal),17.6868,83.2185,4.5,2014 Very Severe Cyclone Hudhud,2014-10-03T05:00,0.0,1006.6,6.2,20.5,0.217,0.231,0.282
vizag_harbor,Visakhapatnam,Andhra Pradesh,East Coast (Bay of Bengal),17.6868,83.2185,4.5,2014 Very Severe Cyclone Hudhud,2014-10-03T06:00,0.0,1005.7,7.6,21.6,0.215,0.231,0.282
vizag_harbor,Visakhapatnam,Andhra Pradesh,East Coast (Bay of Bengal),17.6868,83.2185,4.5,2014 Very Severe Cyclone Hudhud,2014-10-03T07:00,0.0,1004.8,9.3,21.2,0.213,0.23,0.281
vizag_harbor,Visakhapatnam,Andhra Pradesh,East Coast (Bay of Bengal),17.6868,83.2185,4.5,2014 Very Severe Cyclone Hudhud,2014-10-03T08:00,0.0,1003.5,11.7,22.7,0.211,0.229,0.281
vizag_harbor,Visakhapatnam,Andhra Pradesh,East Coast (Bay of Bengal),17.6868,83.2185,4.5,2014 Very Severe Cyclone Hudhud,2014-10-03T09:00,0.2,1003.5,11.0,24.5,0.216,0.228,0.281
vizag_harbor,Visakhapatnam,Andhra Pradesh,East Coast (Bay of Bengal),17.6868,83.2185,4.5,2014 Very Severe Cyclone Hudhud,2014-10-03T10:00,0.1,1003.0,11.2,26.6,0.217,0.228,0.281
vizag_harbor,Visakhapatnam,Andhra Pradesh,East Coast (Bay of Bengal),17.6868,83.2185,4.5,2014 Very Severe Cyclone Hudhud,2014-10-03T11:00,0.0,1003.1,9.7,24.8,0.217,0.228,0.28
vizag_harbor,Visakhapatnam,Andhra Pradesh,East Coast (Bay of Bengal),17.6868,83.2185,4.5,2014 Very Severe Cyclone Hudhud,2014-10-03T12:00,0.0,1003.3,7.6,20.2,0.217,0.228,0.28
vizag_harbor,Visakhapatnam,Andhra Pradesh,East Coast (Bay of Bengal),17.6868,83.2185,4.5,2014 Very Severe Cyclone Hudhud,2014-10-03T13:00,0.0,1004.0,6.0,15.1,0.217,0.228,0.28
vizag_harbor,Visakhapatnam,Andhra Pradesh,East Coast (Bay of Bengal),17.6868,83.2185,4.5,2014 Very Severe Cyclone Hudhud,2014-10-03T14:00,0.0,1004.9,6.4,12.2,0.217,0.228,0.28
vizag_harbor,Visakhapatnam,Andhra Pradesh,East Coast (Bay of Bengal),17.6868,83.2185,4.5,2014 Very Severe Cyclone Hudhud,2014-10-03T15:00,0.0,1005.3,7.6,11.5,0.217,0.228,0.28
vizag_harbor,Visakhapatnam,Andhra Pradesh,East Coast (Bay of Bengal),17.6868,83.2185,4.5,2014 Very Severe Cyclone Hudhud,2014-10-03T16:00,0.0,1005.8,8.2,13.3,0.217,0.228,0.28
vizag_harbor,Visakhapatnam,Andhra Pradesh,East Coast (Bay of Bengal),17.6868,83.2185,4.5,2014 Very Severe Cyclone Hudhud,2014-10-03T17:00,0.0,1005.7,8.5,14.0,0.217,0.228,0.28
vizag_harbor,Visakhapatnam,Andhra Pradesh,East Coast (Bay of Bengal),17.6868,83.2185,4.5,2014 Very Severe Cyclone Hudhud,2014-10-03T18:00,0.0,1005.5,7.8,14.0,0.217,0.228,0.28
vizag_harbor,Visakhapatnam,Andhra Pradesh,East Coast (Bay of Bengal),17.6868,83.2185,4.5,2014 Very Severe Cyclone Hudhud,2014-10-03T19:00,0.0,1004.8,6.9,13.0,0.217,0.228,0.28
vizag_harbor,Visakhapatnam,Andhra Pradesh,East Coast (Bay of Bengal),17.6868,83.2185,4.5,2014 Very Severe Cyclone Hudhud,2014-10-03T20:00,0.0,1004.7,6.1,11.5,0.217,0.228,0.28
vizag_harbor,Visakhapatnam,Andhra Pradesh,East Coast (Bay of Bengal),17.6868,83.2185,4.5,2014 Very Severe Cyclone Hudhud,2014-10-03T21:00,0.0,1004.1,5.8,10.8,0.217,0.228,0.28
vizag_harbor,Visakhapatnam,Andhra Pradesh,East Coast (Bay of Bengal),17.6868,83.2185,4.5,2014 Very Severe Cyclone Hudhud,2014-10-03T22:00,0.0,1004.3,6.1,10.8,0.217,0.228,0.28
vizag_harbor,Visakhapatnam,Andhra Pradesh,East Coast (Bay of Bengal),17.6868,83.2185,4.5,2014 Very Severe Cyclone Hudhud,2014-10-03T23:00,0.0,1004.3,6.1,10.8,0.217,0.228,0.28
vizag_harbor,Visakhapatnam,Andhra Pradesh,East Coast (Bay of Bengal),17.6868,83.2185,4.5,2014 Very Severe Cyclone Hudhud,2014-10-04T00:00,0.0,1004.8,6.3,11.2,0.217,0.229,0.28
vizag_harbor,Visakhapatnam,Andhra Pradesh,East Coast (Bay of Bengal),17.6868,83.2185,4.5,2014 Very Severe Cyclone Hudhud,2014-10-04T01:00,0.0,1005.7,6.2,11.9,0.217,0.229,0.28
vizag_harbor,Visakhapatnam,Andhra Pradesh,East Coast (Bay of Bengal),17.6868,83.2185,4.5,2014 Very Severe Cyclone Hudhud,2014-10-04T02:00,0.0,1006.6,5.8,13.7,0.217,0.228,0.279
vizag_harbor,Visakhapatnam,Andhra Pradesh,East Coast (Bay of Bengal),17.6868,83.2185,4.5,2014 Very Severe Cyclone Hudhud,2014-10-04T03:00,0.0,1007.2,6.5,17.3,0.216,0.228,0.279
vizag_harbor,Visakhapatnam,Andhra Pradesh,East Coast (Bay of Bengal),17.6868,83.2185,4.5,2014 Very Severe Cyclone Hudhud,2014-10-04T04:00,0.0,1007.4,6.2,18.0,0.215,0.228,0.279
vizag_harbor,Visakhapatnam,Andhra Pradesh,East Coast (Bay of Bengal),17.6868,83.2185,4.5,2014 Very Severe Cyclone Hudhud,2014-10-04T05:00,0.0,1006.8,5.9,23.4,0.213,0.227,0.279
vizag_harbor,Visakhapatnam,Andhra Pradesh,East Coast (Bay of Bengal),17.6868,83.2185,4.5,2014 Very Severe Cyclone Hudhud,2014-10-04T06:00,0.0,1005.9,5.2,23.0,0.211,0.226,0.278
vizag_harbor,Visakhapatnam,Andhra Pradesh,East Coast (Bay of Bengal),17.6868,83.2185,4.5,2014 Very Severe Cyclone Hudhud,2014-10-04T07:00,0.0,1005.0,6.6,20.9,0.209,0.225,0.278
vizag_harbor,Visakhapatnam,Andhra Pradesh,East Coast (Bay of Bengal),17.6868,83.2185,4.5,2014 Very Severe Cyclone Hudhud,2014-10-04T08:00,0.0,1003.7,7.5,22.0,0.207,0.224,0.278
vizag_harbor,Visakhapatnam,Andhra Pradesh,East Coast (Bay of Bengal),17.6868,83.2185,4.5,2014 Very Severe Cyclone Hudhud,2014-10-04T09:00,0.0,1003.2,9.5,22.7,0.208,0.224,0.278
vizag_harbor,Visakhapatnam,Andhra Pradesh,East Coast (Bay of Bengal),17.6868,83.2185,4.5,2014 Very Severe Cyclone Hudhud,2014-10-04T10:00,0.3,1002.4,10.8,22.7,0.209,0.224,0.277
vizag_harbor,Visakhapatnam,Andhra Pradesh,East Coast (Bay of Bengal),17.6868,83.2185,4.5,2014 Very Severe Cyclone Hudhud,2014-10-04T11:00,0.2,1003.2,12.4,19.8,0.213,0.223,0.277
vizag_harbor,Visakhapatnam,Andhra Pradesh,East Coast (Bay of Bengal),17.6868,83.2185,4.5,2014 Very Severe Cyclone Hudhud,2014-10-04T12:00,0.2,1003.6,10.4,20.9,0.216,0.223,0.277
vizag_harbor,Visakhapatnam,Andhra Pradesh,East Coast (Bay of Bengal),17.6868,83.2185,4.5,2014 Very Severe Cyclone Hudhud,2014-10-04T13:00,0.0,1004.6,9.0,20.5,0.216,0.224,0.277
vizag_harbor,Visakhapatnam,Andhra Pradesh,East Coast (Bay of Bengal),17.6868,83.2185,4.5,2014 Very Severe Cyclone Hudhud,2014-10-04T14:00,0.0,1005.2,6.6,16.6,0.216,0.224,0.277
vizag_harbor,Visakhapatnam,Andhra Pradesh,East Coast (Bay of Bengal),17.6868,83.2185,4.5,2014 Very Severe Cyclone Hudhud,2014-10-04T15:00,0.0,1005.6,5.4,11.2,0.215,0.224,0.277
vizag_harbor,Visakhapatnam,Andhra Pradesh,East Coast (Bay of Bengal),17.6868,83.2185,4.5,2014 Very Severe Cyclone Hudhud,2014-10-04T16:00,0.0,1006.0,5.4,9.0,0.215,0.224,0.277
vizag_harbor,Visakhapatnam,Andhra Pradesh,East Coast (Bay of Bengal),17.6868,83.2185,4.5,2014 Very Severe Cyclone Hudhud,2014-10-04T17:00,0.0,1006.1,5.4,9.0,0.216,0.224,0.277
vizag_harbor,Visakhapatnam,Andhra Pradesh,East Coast (Bay of Bengal),17.6868,83.2185,4.5,2014 Very Severe Cyclone Hudhud,2014-10-04T18:00,0.0,1005.7,5.1,9.4,0.216,0.224,0.277
vizag_harbor,Visakhapatnam,Andhra Pradesh,East Coast (Bay of Bengal),17.6868,83.2185,4.5,2014 Very Severe Cyclone Hudhud,2014-10-04T19:00,0.0,1005.1,5.2,9.4,0.216,0.224,0.277
vizag_harbor,Visakhapatnam,Andhra Pradesh,East Coast (Bay of Bengal),17.6868,83.2185,4.5,2014 Very Severe Cyclone Hudhud,2014-10-04T20:00,0.0,1004.7,4.5,9.0,0.216,0.224,0.277
vizag_harbor,Visakhapatnam,Andhra Pradesh,East Coast (Bay of Bengal),17.6868,83.2185,4.5,2014 Very Severe Cyclone Hudhud,2014-10-04T21:00,0.0,1004.2,3.9,8.3,0.216,0.224,0.277
vizag_harbor,Visakhapatnam,Andhra Pradesh,East Coast (Bay of Bengal),17.6868,83.2185,4.5,2014 Very Severe Cyclone Hudhud,2014-10-04T22:00,0.0,1004.4,3.4,7.2,0.216,0.224,0.277
vizag_harbor,Visakhapatnam,Andhra Pradesh,East Coast (Bay of Bengal),17.6868,83.2185,4.5,2014 Very Severe Cyclone Hudhud,2014-10-04T23:00,0.0,1004.2,1.9,6.1,0.216,0.224,0.277
vizag_harbor,Visakhapatnam,Andhra Pradesh,East Coast (Bay of Bengal),17.6868,83.2185,4.5,2014 Very Severe Cyclone Hudhud,2014-10-05T00:00,0.0,1005.0,0.8,6.1,0.216,0.224,0.277
vizag_harbor,Visakhapatnam,Andhra Pradesh,East Coast (Bay of Bengal),17.6868,83.2185,4.5,2014 Very Severe Cyclone Hudhud,2014-10-05T01:00,0.2,1006.1,0.4,7.2,0.217,0.224,0.276
vizag_harbor,Visakhapatnam,Andhra Pradesh,East Coast (Bay of Bengal),17.6868,83.2185,4.5,2014 Very Severe Cyclone Hudhud,2014-10-05T02:00,0.3,1007.2,3.0,10.1,0.221,0.224,0.276
vizag_harbor,Visakhapatnam,Andhra Pradesh,East Coast (Bay of Bengal),17.6868,83.2185,4.5,2014 Very Severe Cyclone Hudhud,2014-10-05T03:00,0.2,1007.6,5.2,16.6,0.224,0.224,0.276
vizag_harbor,Visakhapatnam,Andhra Pradesh,East Coast (Bay of Bengal),17.6868,83.2185,4.5,2014 Very Severe Cyclone Hudhud,2014-10-05T04:00,0.0,1007.9,3.4,19.4,0.224,0.224,0.276
vizag_harbor,Visakhapatnam,Andhra Pradesh,East Coast (Bay of Bengal),17.6868,83.2185,4.5,2014 Very Severe Cyclone Hudhud,2014-10-05T05:00,0.0,1007.3,2.9,22.0,0.222,0.224,0.276
vizag_harbor,Visakhapatnam,Andhra Pradesh,East Coast (Bay of Bengal),17.6868,83.2185,4.5,2014 Very Severe Cyclone Hudhud,2014-10-05T06:00,0.0,1006.2,3.7,24.1,0.221,0.223,0.276
vizag_harbor,Visakhapatnam,Andhra Pradesh,East Coast (Bay of Bengal),17.6868,83.2185,4.5,2014 Very Severe Cyclone Hudhud,2014-10-05T07:00,0.0,1005.6,4.9,18.0,0.219,0.223,0.275
vizag_harbor,Visakhapatnam,Andhra Pradesh,East Coast (Bay of Bengal),17.6868,83.2185,4.5,2014 Very Severe Cyclone Hudhud,2014-10-05T08:00,0.0,1004.1,6.8,20.5,0.217,0.222,0.275
vizag_harbor,Visakhapatnam,Andhra Pradesh,East Coast (Bay of Bengal),17.6868,83.2185,4.5,2014 Very Severe Cyclone Hudhud,2014-10-05T09:00,0.0,1003.8,4.8,20.9,0.215,0.221,0.275
vizag_harbor,Visakhapatnam,Andhra Pradesh,East Coast (Bay of Bengal),17.6868,83.2185,4.5,2014 Very Severe Cyclone Hudhud,2014-10-05T10:00,0.5,1002.5,7.3,19.8,0.217,0.221,0.275
vizag_harbor,Visakhapatnam,Andhra Pradesh,East Coast (Bay of Bengal),17.6868,83.2185,4.5,2014 Very Severe Cyclone Hudhud,2014-10-05T11:00,0.0,1003.7,4.1,13.3,0.223,0.221,0.275
vizag_harbor,Visakhapatnam,Andhra Pradesh,East Coast (Bay of Bengal),17.6868,83.2185,4.5,2014 Very Severe Cyclone Hudhud,2014-10-05T12:00,0.0,1004.1,5.9,16.6,0.226,0.221,0.275
vizag_harbor,Visakhapatnam,Andhra Pradesh,East Coast (Bay of Bengal),17.6868,83.2185,4.5,2014 Very Severe Cyclone Hudhud,2014-10-05T13:00,0.0,1005.6,3.4,12.6,0.226,0.221,0.275
vizag_harbor,Visakhapatnam,Andhra Pradesh,East Coast (Bay of Bengal),17.6868,83.2185,4.5,2014 Very Severe Cyclone Hudhud,2014-10-05T14:00,0.1,1006.3,5.1,12.6,0.227,0.221,0.274
vizag_harbor,Visakhapatnam,Andhra Pradesh,East Coast (Bay of Bengal),17.6868,83.2185,4.5,2014 Very Severe Cyclone Hudhud,2014-10-05T15:00,0.1,1007.1,9.5,11.5,0.229,0.221,0.274
vizag_harbor,Visakhapatnam,Andhra Pradesh,East Coast (Bay of Bengal),17.6868,83.2185,4.5,2014 Very Severe Cyclone Hudhud,2014-10-05T16:00,0.0,1007.6,6.7,13.3,0.229,0.221,0.274
vizag_harbor,Visakhapatnam,Andhra Pradesh,East Coast (Bay of Bengal),17.6868,83.2185,4.5,2014 Very Severe Cyclone Hudhud,2014-10-05T17:00,0.0,1007.5,7.0,14.4,0.229,0.222,0.274
vizag_harbor,Visakhapatnam,Andhra Pradesh,East Coast (Bay of Bengal),17.6868,83.2185,4.5,2014 Very Severe Cyclone Hudhud,2014-10-05T18:00,0.5,1007.0,6.3,13.0,0.241,0.222,0.274
vizag_harbor,Visakhapatnam,Andhra Pradesh,East Coast (Bay of Bengal),17.6868,83.2185,4.5,2014 Very Severe Cyclone Hudhud,2014-10-05T19:00,0.0,1006.5,5.9,11.9,0.241,0.222,0.274
vizag_harbor,Visakhapatnam,Andhra Pradesh,East Coast (Bay of Bengal),17.6868,83.2185,4.5,2014 Very Severe Cyclone Hudhud,2014-10-05T20:00,0.1,1005.8,5.1,10.8,0.243,0.222,0.274
vizag_harbor,Visakhapatnam,Andhra Pradesh,East Coast (Bay of Bengal),17.6868,83.2185,4.5,2014 Very Severe Cyclone Hudhud,2014-10-05T21:00,0.2,1005.3,3.6,9.4,0.247,0.222,0.274
vizag_harbor,Visakhapatnam,Andhra Pradesh,East Coast (Bay of Bengal),17.6868,83.2185,4.5,2014 Very Severe Cyclone Hudhud,2014-10-05T22:00,0.0,1005.4,2.6,7.9,0.246,0.222,0.274
vizag_harbor,Visakhapatnam,Andhra Pradesh,East Coast (Bay of Bengal),17.6868,83.2185,4.5,2014 Very Severe Cyclone Hudhud,2014-10-05T23:00,0.0,1005.5,4.0,8.6,0.246,0.223,0.274
vizag_harbor,Visakhapatnam,Andhra Pradesh,East Coast (Bay of Bengal),17.6868,83.2185,4.5,2014 Very Severe Cyclone Hudhud,2014-10-06T00:00,0.0,1006.0,4.7,8.6,0.246,0.223,0.274
vizag_harbor,Visakhapatnam,Andhra Pradesh,East Coast (Bay of Bengal),17.6868,83.2185,4.5,2014 Very Severe Cyclone Hudhud,2014-10-06T01:00,0.0,1007.0,6.3,11.5,0.246,0.223,0.274
vizag_harbor,Visakhapatnam,Andhra Pradesh,East Coast (Bay of Bengal),17.6868,83.2185,4.5,2014 Very Severe Cyclone Hudhud,2014-10-06T02:00,0.3,1007.9,6.8,15.5,0.251,0.223,0.274
vizag_harbor,Visakhapatnam,Andhra Pradesh,East Coast (Bay of Bengal),17.6868,83.2185,4.5,2014 Very Severe Cyclone Hudhud,2014-10-06T03:00,0.2,1008.1,8.6,18.7,0.253,0.223,0.274
vizag_harbor,Visakhapatnam,Andhra Pradesh,East Coast (Bay of Bengal),17.6868,83.2185,4.5,2014 Very Severe Cyclone Hudhud,2014-10-06T04:00,0.1,1008.1,7.7,19.8,0.253,0.224,0.274
vizag_harbor,Visakhapatnam,Andhra Pradesh,East Coast (Bay of Bengal),17.6868,83.2185,4.5,2014 Very Severe Cyclone Hudhud,2014-10-06T05:00,0.2,1007.8,6.4,21.2,0.252,0.223,0.274
vizag_harbor,Visakhapatnam,Andhra Pradesh,East Coast (Bay of Bengal),17.6868,83.2185,4.5,2014 Very Severe Cyclone Hudhud,2014-10-06T06:00,0.1,1006.7,6.1,23.4,0.25,0.223,0.273
vizag_harbor,Visakhapatnam,Andhra Pradesh,East Coast (Bay of Bengal),17.6868,83.2185,4.5,2014 Very Severe Cyclone Hudhud,2014-10-06T07:00,0.2,1005.7,7.3,19.8,0.249,0.223,0.273
vizag_harbor,Visakhapatnam,Andhra Pradesh,East Coast (Bay of Bengal),17.6868,83.2185,4.5,2014 Very Severe Cyclone Hudhud,2014-10-06T08:00,0.0,1004.4,8.9,21.6,0.248,0.223,0.273
vizag_harbor,Visakhapatnam,Andhra Pradesh,East Coast (Bay of Bengal),17.6868,83.2185,4.5,2014 Very Severe Cyclone Hudhud,2014-10-06T09:00,0.0,1003.7,8.4,22.3,0.247,0.222,0.273
vizag_harbor,Visakhapatnam,Andhra Pradesh,East Coast (Bay of Bengal),17.6868,83.2185,4.5,2014 Very Severe Cyclone Hudhud,2014-10-06T10:00,0.0,1002.5,9.1,20.9,0.246,0.222,0.273
vizag_harbor,Visakhapatnam,Andhra Pradesh,East Coast (Bay of Bengal),17.6868,83.2185,4.5,2014 Very Severe Cyclone Hudhud,2014-10-06T11:00,0.0,1002.8,8.4,19.8,0.246,0.222,0.272
vizag_harbor,Visakhapatnam,Andhra Pradesh,East Coast (Bay of Bengal),17.6868,83.2185,4.5,2014 Very Severe Cyclone Hudhud,2014-10-06T12:00,0.0,1003.2,7.3,18.7,0.246,0.222,0.272
vizag_harbor,Visakhapatnam,Andhra Pradesh,East Coast (Bay of Bengal),17.6868,83.2185,4.5,2014 Very Severe Cyclone Hudhud,2014-10-06T13:00,1.2,1004.0,7.8,14.4,0.254,0.222,0.272
vizag_harbor,Visakhapatnam,Andhra Pradesh,East Coast (Bay of Bengal),17.6868,83.2185,4.5,2014 Very Severe Cyclone Hudhud,2014-10-06T14:00,0.5,1004.8,10.2,19.4,0.258,0.223,0.272
vizag_harbor,Visakhapatnam,Andhra Pradesh,East Coast (Bay of Bengal),17.6868,83.2185,4.5,2014 Very Severe Cyclone Hudhud,2014-10-06T15:00,0.1,1005.6,10.4,20.2,0.258,0.223,0.272
vizag_harbor,Visakhapatnam,Andhra Pradesh,East Coast (Bay of Bengal),17.6868,83.2185,4.5,2014 Very Severe Cyclone Hudhud,2014-10-06T16:00,0.0,1006.1,8.4,19.8,0.257,0.223,0.272
vizag_harbor,Visakhapatnam,Andhra Pradesh,East Coast (Bay of Bengal),17.6868,83.2185,4.5,2014 Very Severe Cyclone Hudhud,2014-10-06T17:00,0.0,1006.0,6.8,17.3,0.257,0.224,0.272
vizag_harbor,Visakhapatnam,Andhra Pradesh,East Coast (Bay of Bengal),17.6868,83.2185,4.5,2014 Very Severe Cyclone Hudhud,2014-10-06T18:00,0.0,1005.5,6.3,14.0,0.257,0.224,0.272
vizag_harbor,Visakhapatnam,Andhra Pradesh,East Coast (Bay of Bengal),17.6868,83.2185,4.5,2014 Very Severe Cyclone Hudhud,2014-10-06T19:00,0.0,1005.0,5.9,11.2,0.256,0.224,0.272
vizag_harbor,Visakhapatnam,Andhra Pradesh,East Coast (Bay of Bengal),17.6868,83.2185,4.5,2014 Very Severe Cyclone Hudhud,2014-10-06T20:00,0.0,1004.2,6.5,11.2,0.256,0.224,0.272
vizag_harbor,Visakhapatnam,Andhra Pradesh,East Coast (Bay of Bengal),17.6868,83.2185,4.5,2014 Very Severe Cyclone Hudhud,2014-10-06T21:00,0.1,1003.9,7.5,11.5,0.256,0.225,0.272
vizag_harbor,Visakhapatnam,Andhra Pradesh,East Coast (Bay of Bengal),17.6868,83.2185,4.5,2014 Very Severe Cyclone Hudhud,2014-10-06T22:00,0.3,1004.3,8.9,13.7,0.259,0.225,0.272
vizag_harbor,Visakhapatnam,Andhra Pradesh,East Coast (Bay of Bengal),17.6868,83.2185,4.5,2014 Very Severe Cyclone Hudhud,2014-10-06T23:00,0.4,1004.3,9.0,15.8,0.263,0.225,0.272
vizag_harbor,Visakhapatnam,Andhra Pradesh,East Coast (Bay of Bengal),17.6868,83.2185,4.5,2014 Very Severe Cyclone Hudhud,2014-10-07T00:00,0.4,1004.7,7.8,15.8,0.27,0.226,0.272
vizag_harbor,Visakhapatnam,Andhra Pradesh,East Coast (Bay of Bengal),17.6868,83.2185,4.5,2014 Very Severe Cyclone Hudhud,2014-10-07T01:00,0.4,1005.3,9.4,15.1,0.275,0.226,0.272
vizag_harbor,Visakhapatnam,Andhra Pradesh,East Coast (Bay of Bengal),17.6868,83.2185,4.5,2014 Very Severe Cyclone Hudhud,2014-10-07T02:00,0.0,1006.3,10.2,19.1,0.275,0.227,0.272
vizag_harbor,Visakhapatnam,Andhra Pradesh,East Coast (Bay of Bengal),17.6868,83.2185,4.5,2014 Very Severe Cyclone Hudhud,2014-10-07T03:00,0.0,1006.5,12.2,22.7,0.273,0.227,0.272
vizag_harbor,Visakhapatnam,Andhra Pradesh,East Coast (Bay of Bengal),17.6868,83.2185,4.5,2014 Very Severe Cyclone Hudhud,2014-10-07T04:00,0.0,1006.7,11.8,24.5,0.271,0.228,0.272
vizag_harbor,Visakhapatnam,Andhra Pradesh,East Coast (Bay of Bengal),17.6868,83.2185,4.5,2014 Very Severe Cyclone Hudhud,2014-10-07T05:00,0.0,1006.3,12.2,25.6,0.268,0.227,0.271
vizag_harbor,Visakhapatnam,Andhra Pradesh,East Coast (Bay of Bengal),17.6868,83.2185,4.5,2014 Very Severe Cyclone Hudhud,2014-10-07T06:00,0.1,1005.5,13.7,28.4,0.266,0.227,0.271
vizag_harbor,Visakhapatnam,Andhra Pradesh,East Coast (Bay of Bengal),17.6868,83.2185,4.5,2014 Very Severe Cyclone Hudhud,2014-10-07T07:00,0.0,1004.7,14.4,28.1,0.263,0.227,0.271
vizag_harbor,Visakhapatnam,Andhra Pradesh,East Coast (Bay of Bengal),17.6868,83.2185,4.5,2014 Very Severe Cyclone Hudhud,2014-10-07T08:00,0.0,1003.1,14.5,28.1,0.26,0.227,0.271
vizag_harbor,Visakhapatnam,Andhra Pradesh,East Coast (Bay of Bengal),17.6868,83.2185,4.5,2014 Very Severe Cyclone Hudhud,2014-10-07T09:00,0.3,1002.3,13.1,28.4,0.26,0.226,0.27
vizag_harbor,Visakhapatnam,Andhra Pradesh,East Coast (Bay of Bengal),17.6868,83.2185,4.5,2014 Very Severe Cyclone Hudhud,2014-10-07T10:00,0.2,1001.7,13.8,27.4,0.26,0.226,0.27
vizag_harbor,Visakhapatnam,Andhra Pradesh,East Coast (Bay of Bengal),17.6868,83.2185,4.5,2014 Very Severe Cyclone Hudhud,2014-10-07T11:00,0.0,1001.6,12.6,26.6,0.259,0.227,0.27
vizag_harbor,Visakhapatnam,Andhra Pradesh,East Coast (Bay of Bengal),17.6868,83.2185,4.5,2014 Very Severe Cyclone Hudhud,2014-10-07T12:00,0.0,1002.1,10.6,20.5,0.259,0.227,0.27
vizag_harbor,Visakhapatnam,Andhra Pradesh,East Coast (Bay of Bengal),17.6868,83.2185,4.5,2014 Very Severe Cyclone Hudhud,2014-10-07T13:00,0.1,1003.3,8.5,15.5,0.259,0.227,0.27
vizag_harbor,Visakhapatnam,Andhra Pradesh,East Coast (Bay of Bengal),17.6868,83.2185,4.5,2014 Very Severe Cyclone Hudhud,2014-10-07T14:00,0.1,1003.8,8.1,13.0,0.259,0.227,0.27
vizag_harbor,Visakhapatnam,Andhra Pradesh,East Coast (Bay of Bengal),17.6868,83.2185,4.5,2014 Very Severe Cyclone Hudhud,2014-10-07T15:00,0.3,1004.7,7.2,14.4,0.26,0.228,0.27
vizag_harbor,Visakhapatnam,Andhra Pradesh,East Coast (Bay of Bengal),17.6868,83.2185,4.5,2014 Very Severe Cyclone Hudhud,2014-10-07T16:00,0.3,1005.1,6.9,14.8,0.261,0.228,0.27
vizag_harbor,Visakhapatnam,Andhra Pradesh,East Coast (Bay of Bengal),17.6868,83.2185,4.5,2014 Very Severe Cyclone Hudhud,2014-10-07T17:00,0.5,1005.2,6.4,15.1,0.267,0.228,0.27
vizag_harbor,Visakhapatnam,Andhra Pradesh,East Coast (Bay of Bengal),17.6868,83.2185,4.5,2014 Very Severe Cyclone Hudhud,2014-10-07T18:00,0.3,1004.9,6.5,14.4,0.27,0.229,0.27
vizag_harbor,Visakhapatnam,Andhra Pradesh,East Coast (Bay of Bengal),17.6868,83.2185,4.5,2014 Very Severe Cyclone Hudhud,2014-10-07T19:00,0.0,1004.3,6.1,12.2,0.269,0.229,0.27
vizag_harbor,Visakhapatnam,Andhra Pradesh,East Coast (Bay of Bengal),17.6868,83.2185,4.5,2014 Very Severe Cyclone Hudhud,2014-10-07T20:00,0.0,1003.6,7.9,13.7,0.268,0.229,0.27
vizag_harbor,Visakhapatnam,Andhra Pradesh,East Coast (Bay of Bengal),17.6868,83.2185,4.5,2014 Very Severe Cyclone Hudhud,2014-10-07T21:00,0.0,1002.5,9.2,16.9,0.268,0.23,0.27
vizag_harbor,Visakhapatnam,Andhra Pradesh,East Coast (Bay of Bengal),17.6868,83.2185,4.5,2014 Very Severe Cyclone Hudhud,2014-10-07T22:00,0.0,1003.1,11.6,17.6,0.267,0.23,0.27
vizag_harbor,Visakhapatnam,Andhra Pradesh,East Coast (Bay of Bengal),17.6868,83.2185,4.5,2014 Very Severe Cyclone Hudhud,2014-10-07T23:00,0.1,1002.9,11.6,17.6,0.268,0.231,0.27
vizag_harbor,Visakhapatnam,Andhra Pradesh,East Coast (Bay of Bengal),17.6868,83.2185,4.5,2014 Very Severe Cyclone Hudhud,2014-10-08T00:00,0.3,1003.6,10.9,18.4,0.271,0.231,0.27
vizag_harbor,Visakhapatnam,Andhra Pradesh,East Coast (Bay of Bengal),17.6868,83.2185,4.5,2014 Very Severe Cyclone Hudhud,2014-10-08T01:00,0.4,1004.8,11.0,18.4,0.276,0.231,0.27
vizag_harbor,Visakhapatnam,Andhra Pradesh,East Coast (Bay of Bengal),17.6868,83.2185,4.5,2014 Very Severe Cyclone Hudhud,2014-10-08T02:00,0.3,1005.9,11.0,20.2,0.278,0.232,0.27
vizag_harbor,Visakhapatnam,Andhra Pradesh,East Coast (Bay of Bengal),17.6868,83.2185,4.5,2014 Very Severe Cyclone Hudhud,2014-10-08T03:00,0.2,1006.2,11.8,23.4,0.278,0.233,0.27
vizag_harbor,Visakhapatnam,Andhra Pradesh,East Coast (Bay of Bengal),17.6868,83.2185,4.5,2014 Very Severe Cyclone Hudhud,2014-10-08T04:00,0.2,1006.6,12.0,23.4,0.278,0.233,0.27
vizag_harbor,Visakhapatnam,Andhra Pradesh,East Coast (Bay of Bengal),17.6868,83.2185,4.5,2014 Very Severe Cyclone Hudhud,2014-10-08T05:00,0.2,1006.2,12.0,23.4,0.276,0.233,0.269
vizag_harbor,Visakhapatnam,Andhra Pradesh,East Coast (Bay of Bengal),17.6868,83.2185,4.5,2014 Very Severe Cyclone Hudhud,2014-10-08T06:00,0.0,1005.5,12.6,24.1,0.273,0.233,0.269
vizag_harbor,Visakhapatnam,Andhra Pradesh,East Coast (Bay of Bengal),17.6868,83.2185,4.5,2014 Very Severe Cyclone Hudhud,2014-10-08T07:00,0.0,1004.4,12.4,25.2,0.269,0.233,0.269
vizag_harbor,Visakhapatnam,Andhra Pradesh,East Coast (Bay of Bengal),17.6868,83.2185,4.5,2014 Very Severe Cyclone Hudhud,2014-10-08T08:00,0.0,1003.1,12.7,25.6,0.265,0.232,0.269
vizag_harbor,Visakhapatnam,Andhra Pradesh,East Coast (Bay of Bengal),17.6868,83.2185,4.5,2014 Very Severe Cyclone Hudhud,2014-10-08T09:00,0.0,1002.0,12.3,25.2,0.263,0.232,0.268
vizag_harbor,Visakhapatnam,Andhra Pradesh,East Coast (Bay of Bengal),17.6868,83.2185,4.5,2014 Very Severe Cyclone Hudhud,2014-10-08T10:00,0.0,1001.0,13.0,24.5,0.261,0.232,0.268
vizag_harbor,Visakhapatnam,Andhra Pradesh,East Coast (Bay of Bengal),17.6868,83.2185,4.5,2014 Very Severe Cyclone Hudhud,2014-10-08T11:00,0.0,1002.4,12.3,23.8,0.261,0.232,0.268
vizag_harbor,Visakhapatnam,Andhra Pradesh,East Coast (Bay of Bengal),17.6868,83.2185,4.5,2014 Very Severe Cyclone Hudhud,2014-10-08T12:00,1.0,1002.7,8.4,21.2,0.267,0.232,0.268
vizag_harbor,Visakhapatnam,Andhra Pradesh,East Coast (Bay of Bengal),17.6868,83.2185,4.5,2014 Very Severe Cyclone Hudhud,2014-10-08T13:00,0.0,1004.1,5.7,19.1,0.266,0.232,0.268
vizag_harbor,Visakhapatnam,Andhra Pradesh,East Coast (Bay of Bengal),17.6868,83.2185,4.5,2014 Very Severe Cyclone Hudhud,2014-10-08T14:00,0.0,1004.6,7.2,11.9,0.266,0.233,0.268
vizag_harbor,Visakhapatnam,Andhra Pradesh,East Coast (Bay of Bengal),17.6868,83.2185,4.5,2014 Very Severe Cyclone Hudhud,2014-10-08T15:00,0.0,1005.2,7.2,11.5,0.265,0.233,0.268
vizag_harbor,Visakhapatnam,Andhra Pradesh,East Coast (Bay of Bengal),17.6868,83.2185,4.5,2014 Very Severe Cyclone Hudhud,2014-10-08T16:00,0.0,1005.5,7.0,11.5,0.264,0.233,0.268
vizag_harbor,Visakhapatnam,Andhra Pradesh,East Coast (Bay of Bengal),17.6868,83.2185,4.5,2014 Very Severe Cyclone Hudhud,2014-10-08T17:00,0.0,1005.5,6.8,11.2,0.264,0.234,0.268
vizag_harbor,Visakhapatnam,Andhra Pradesh,East Coast (Bay of Bengal),17.6868,83.2185,4.5,2014 Very Severe Cyclone Hudhud,2014-10-08T18:00,0.0,1005.0,6.1,11.2,0.263,0.234,0.268
vizag_harbor,Visakhapatnam,Andhra Pradesh,East Coast (Bay of Bengal),17.6868,83.2185,4.5,2014 Very Severe Cyclone Hudhud,2014-10-08T19:00,0.0,1004.5,5.9,11.2,0.262,0.234,0.268
vizag_harbor,Visakhapatnam,Andhra Pradesh,East Coast (Bay of Bengal),17.6868,83.2185,4.5,2014 Very Severe Cyclone Hudhud,2014-10-08T20:00,0.0,1003.4,6.9,12.2,0.262,0.234,0.268
vizag_harbor,Visakhapatnam,Andhra Pradesh,East Coast (Bay of Bengal),17.6868,83.2185,4.5,2014 Very Severe Cyclone Hudhud,2014-10-08T21:00,0.0,1002.9,8.3,14.4,0.261,0.235,0.268
vizag_harbor,Visakhapatnam,Andhra Pradesh,East Coast (Bay of Bengal),17.6868,83.2185,4.5,2014 Very Severe Cyclone Hudhud,2014-10-08T22:00,0.0,1003.4,6.8,14.8,0.26,0.235,0.268
vizag_harbor,Visakhapatnam,Andhra Pradesh,East Coast (Bay of Bengal),17.6868,83.2185,4.5,2014 Very Severe Cyclone Hudhud,2014-10-08T23:00,0.0,1003.4,7.9,14.0,0.26,0.235,0.268
vizag_harbor,Visakhapatnam,Andhra Pradesh,East Coast (Bay of Bengal),17.6868,83.2185,4.5,2014 Very Severe Cyclone Hudhud,2014-10-09T00:00,0.0,1003.8,8.7,15.5,0.259,0.235,0.268
vizag_harbor,Visakhapatnam,Andhra Pradesh,East Coast (Bay of Bengal),17.6868,83.2185,4.5,2014 Very Severe Cyclone Hudhud,2014-10-09T01:00,0.0,1004.7,9.0,16.6,0.259,0.235,0.268
vizag_harbor,Visakhapatnam,Andhra Pradesh,East Coast (Bay of Bengal),17.6868,83.2185,4.5,2014 Very Severe Cyclone Hudhud,2014-10-09T02:00,0.0,1005.7,8.7,18.4,0.258,0.236,0.268
vizag_harbor,Visakhapatnam,Andhra Pradesh,East Coast (Bay of Bengal),17.6868,83.2185,4.5,2014 Very Severe Cyclone Hudhud,2014-10-09T03:00,0.0,1005.7,9.1,20.5,0.257,0.235,0.268
vizag_harbor,Visakhapatnam,Andhra Pradesh,East Coast (Bay of Bengal),17.6868,83.2185,4.5,2014 Very Severe Cyclone Hudhud,2014-10-09T04:00,0.0,1005.7,9.9,23.0,0.254,0.235,0.267
vizag_harbor,Visakhapatnam,Andhra Pradesh,East Coast (Bay of Bengal),17.6868,83.2185,4.5,2014 Very Severe Cyclone Hudhud,2014-10-09T05:00,0.0,1005.2,10.4,23.8,0.252,0.234,0.267
vizag_harbor,Visakhapatnam,Andhra Pradesh,East Coast (Bay of Bengal),17.6868,83.2185,4.5,2014 Very Severe Cyclone Hudhud,2014-10-09T06:00,0.0,1004.0,10.6,23.4,0.249,0.234,0.267
vizag_harbor,Visakhapatnam,Andhra Pradesh,East Coast (Bay of Bengal),17.6868,83.2185,4.5,2014 Very Severe Cyclone Hudhud,2014-10-09T07:00,0.0,1003.0,10.1,20.9,0.246,0.233,0.267
vizag_harbor,Visakhapatnam,Andhra Pradesh,East Coast (Bay of Bengal),17.6868,83.2185,4.5,2014 Very Severe Cyclone Hudhud,2014-10-09T08:00,0.0,1001.9,9.5,20.2,0.244,0.232,0.266
vizag_harbor,Visakhapatnam,Andhra Pradesh,East Coast (Bay of Bengal),17.6868,83.2185,4.5,2014 Very Severe Cyclone Hudhud,2014-10-09T09:00,0.0,1001.1,9.5,19.8,0.241,0.232,0.266
vizag_harbor,Visakhapatnam,Andhra Pradesh,East Coast (Bay of Bengal),17.6868,83.2185,4.5,2014 Very Severe Cyclone Hudhud,2014-10-09T10:00,0.0,1000.2,9.7,19.4,0.24,0.231,0.266
vizag_harbor,Visakhapatnam,Andhra Pradesh,East Coast (Bay of Bengal),17.6868,83.2185,4.5,2014 Very Severe Cyclone Hudhud,2014-10-09T11:00,0.0,1000.6,8.0,17.6,0.238,0.231,0.266
vizag_harbor,Visakhapatnam,Andhra Pradesh,East Coast (Bay of Bengal),17.6868,83.2185,4.5,2014 Very Severe Cyclone Hudhud,2014-10-09T12:00,0.0,1001.3,6.1,14.4,0.238,0.231,0.266
vizag_harbor,Visakhapatnam,Andhra Pradesh,East Coast (Bay of Bengal),17.6868,83.2185,4.5,2014 Very Severe Cyclone Hudhud,2014-10-09T13:00,0.0,1001.9,7.6,12.6,0.238,0.231,0.266
vizag_harbor,Visakhapatnam,Andhra Pradesh,East Coast (Bay of Bengal),17.6868,83.2185,4.5,2014 Very Severe Cyclone Hudhud,2014-10-09T14:00,0.0,1002.5,8.0,12.2,0.237,0.231,0.266
vizag_harbor,Visakhapatnam,Andhra Pradesh,East Coast (Bay of Bengal),17.6868,83.2185,4.5,2014 Very Severe Cyclone Hudhud,2014-10-09T15:00,0.0,1003.0,7.4,12.2,0.237,0.231,0.266
vizag_harbor,Visakhapatnam,Andhra Pradesh,East Coast (Bay of Bengal),17.6868,83.2185,4.5,2014 Very Severe Cyclone Hudhud,2014-10-09T16:00,0.0,1003.2,4.8,12.2,0.237,0.231,0.266
vizag_harbor,Visakhapatnam,Andhra Pradesh,East Coast (Bay of Bengal),17.6868,83.2185,4.5,2014 Very Severe Cyclone Hudhud,2014-10-09T17:00,0.0,1003.0,5.2,10.1,0.237,0.231,0.266
vizag_harbor,Visakhapatnam,Andhra Pradesh,East Coast (Bay of Bengal),17.6868,83.2185,4.5,2014 Very Severe Cyclone Hudhud,2014-10-09T18:00,0.0,1002.7,5.3,9.7,0.237,0.231,0.266
vizag_harbor,Visakhapatnam,Andhra Pradesh,East Coast (Bay of Bengal),17.6868,83.2185,4.5,2014 Very Severe Cyclone Hudhud,2014-10-09T19:00,0.0,1002.0,5.7,10.4,0.237,0.231,0.266
vizag_harbor,Visakhapatnam,Andhra Pradesh,East Coast (Bay of Bengal),17.6868,83.2185,4.5,2014 Very Severe Cyclone Hudhud,2014-10-09T20:00,0.0,1001.2,6.4,11.2,0.237,0.231,0.266
vizag_harbor,Visakhapatnam,Andhra Pradesh,East Coast (Bay of Bengal),17.6868,83.2185,4.5,2014 Very Severe Cyclone Hudhud,2014-10-09T21:00,0.0,1000.8,6.6,11.9,0.237,0.231,0.266
vizag_harbor,Visakhapatnam,Andhra Pradesh,East Coast (Bay of Bengal),17.6868,83.2185,4.5,2014 Very Severe Cyclone Hudhud,2014-10-09T22:00,0.0,1000.5,7.0,11.5,0.236,0.231,0.266
vizag_harbor,Visakhapatnam,Andhra Pradesh,East Coast (Bay of Bengal),17.6868,83.2185,4.5,2014 Very Severe Cyclone Hudhud,2014-10-09T23:00,0.0,1000.6,7.3,11.5,0.236,0.231,0.265
vizag_harbor,Visakhapatnam,Andhra Pradesh,East Coast (Bay of Bengal),17.6868,83.2185,4.5,2014 Very Severe Cyclone Hudhud,2014-10-10T00:00,0.0,1000.7,6.9,11.5,0.236,0.231,0.265
vizag_harbor,Visakhapatnam,Andhra Pradesh,East Coast (Bay of Bengal),17.6868,83.2185,4.5,2014 Very Severe Cyclone Hudhud,2014-10-10T01:00,0.0,1001.6,6.4,12.2,0.236,0.231,0.265
vizag_harbor,Visakhapatnam,Andhra Pradesh,East Coast (Bay of Bengal),17.6868,83.2185,4.5,2014 Very Severe Cyclone Hudhud,2014-10-10T02:00,0.0,1002.3,7.1,14.0,0.236,0.231,0.265
vizag_harbor,Visakhapatnam,Andhra Pradesh,East Coast (Bay of Bengal),17.6868,83.2185,4.5,2014 Very Severe Cyclone Hudhud,2014-10-10T03:00,0.0,1002.7,8.7,16.2,0.235,0.231,0.265
vizag_harbor,Visakhapatnam,Andhra Pradesh,East Coast (Bay of Bengal),17.6868,83.2185,4.5,2014 Very Severe Cyclone Hudhud,2014-10-10T04:00,0.0,1002.8,13.1,21.6,0.233,0.231,0.265
vizag_harbor,Visakhapatnam,Andhra Pradesh,East Coast (Bay of Bengal),17.6868,83.2185,4.5,2014 Very Severe Cyclone Hudhud,2014-10-10T05:00,0.0,1002.4,15.8,27.7,0.231,0.23,0.265
vizag_harbor,Visakhapatnam,Andhra Pradesh,East Coast (Bay of Bengal),17.6868,83.2185,4.5,2014 Very Severe Cyclone Hudhud,2014-10-10T06:00,0.0,1001.3,17.4,31.3,0.229,0.229,0.265
vizag_harbor,Visakhapatnam,Andhra Pradesh,East Coast (Bay of Bengal),17.6868,83.2185,4.5,2014 Very Severe Cyclone Hudhud,2014-10-10T07:00,0.0,1000.2,17.9,31.0,0.227,0.228,0.264
vizag_harbor,Visakhapatnam,Andhra Pradesh,East Coast (Bay of Bengal),17.6868,83.2185,4.5,2014 Very Severe Cyclone Hudhud,2014-10-10T08:00,0.0,998.9,17.6,31.3,0.225,0.228,0.264
vizag_harbor,Visakhapatnam,Andhra Pradesh,East Coast (Bay of Bengal),17.6868,83.2185,4.5,2014 Very Severe Cyclone Hudhud,2014-10-10T09:00,0.0,998.2,17.7,31.3,0.223,0.227,0.264
vizag_harbor,Visakhapatnam,Andhra Pradesh,East Coast (Bay of Bengal),17.6868,83.2185,4.5,2014 Very Severe Cyclone Hudhud,2014-10-10T10:00,0.0,996.9,14.8,30.2,0.222,0.227,0.264
vizag_harbor,Visakhapatnam,Andhra Pradesh,East Coast (Bay of Bengal),17.6868,83.2185,4.5,2014 Very Severe Cyclone Hudhud,2014-10-10T11:00,0.0,997.8,15.6,27.4,0.221,0.226,0.264
vizag_harbor,Visakhapatnam,Andhra Pradesh,East Coast (Bay of Bengal),17.6868,83.2185,4.5,2014 Very Severe Cyclone Hudhud,2014-10-10T12:00,0.0,998.4,15.1,25.9,0.221,0.226,0.264
vizag_harbor,Visakhapatnam,Andhra Pradesh,East Coast (Bay of Bengal),17.6868,83.2185,4.5,2014 Very Severe Cyclone Hudhud,2014-10-10T13:00,0.0,999.1,14.3,25.6,0.22,0.226,0.264
vizag_harbor,Visakhapatnam,Andhra Pradesh,East Coast (Bay of Bengal),17.6868,83.2185,4.5,2014 Very Severe Cyclone Hudhud,2014-10-10T14:00,0.0,999.3,14.0,24.8,0.22,0.226,0.263
vizag_harbor,Visakhapatnam,Andhra Pradesh,East Coast (Bay of Bengal),17.6868,83.2185,4.5,2014 Very Severe Cyclone Hudhud,2014-10-10T15:00,0.0,999.9,14.8,23.4,0.22,0.226,0.263
vizag_harbor,Visakhapatnam,Andhra Pradesh,East Coast (Bay of Bengal),17.6868,83.2185,4.5,2014 Very Severe Cyclone Hudhud,2014-10-10T16:00,0.0,1000.0,14.8,23.8,0.22,0.226,0.263
vizag_harbor,Visakhapatnam,Andhra Pradesh,East Coast (Bay of Bengal),17.6868,83.2185,4.5,2014 Very Severe Cyclone Hudhud,2014-10-10T17:00,0.0,999.3,14.4,23.8,0.22,0.226,0.263
vizag_harbor,Visakhapatnam,Andhra Pradesh,East Coast (Bay of Bengal),17.6868,83.2185,4.5,2014 Very Severe Cyclone Hudhud,2014-10-10T18:00,0.0,998.6,14.4,24.1,0.22,0.226,0.263
vizag_harbor,Visakhapatnam,Andhra Pradesh,East Coast (Bay of Bengal),17.6868,83.2185,4.5,2014 Very Severe Cyclone Hudhud,2014-10-10T19:00,0.0,998.4,15.2,26.3,0.219,0.226,0.263
vizag_harbor,Visakhapatnam,Andhra Pradesh,East Coast (Bay of Bengal),17.6868,83.2185,4.5,2014 Very Severe Cyclone Hudhud,2014-10-10T20:00,0.0,997.9,16.5,29.2,0.219,0.226,0.263
vizag_harbor,Visakhapatnam,Andhra Pradesh,East Coast (Bay of Bengal),17.6868,83.2185,4.5,2014 Very Severe Cyclone Hudhud,2014-10-10T21:00,0.0,997.4,19.5,34.6,0.219,0.226,0.263
vizag_harbor,Visakhapatnam,Andhra Pradesh,East Coast (Bay of Bengal),17.6868,83.2185,4.5,2014 Very Severe Cyclone Hudhud,2014-10-10T22:00,0.0,996.8,22.8,37.1,0.219,0.226,0.263
vizag_harbor,Visakhapatnam,Andhra Pradesh,East Coast (Bay of Bengal),17.6868,83.2185,4.5,2014 Very Severe Cyclone Hudhud,2014-10-10T23:00,0.0,995.9,25.9,40.3,0.219,0.226,0.263
vizag_harbor,Visakhapatnam,Andhra Pradesh,East Coast (Bay of Bengal),17.6868,83.2185,4.5,2014 Very Severe Cyclone Hudhud,2014-10-11T00:00,0.0,995.7,28.1,44.3,0.219,0.226,0.263
vizag_harbor,Visakhapatnam,Andhra Pradesh,East Coast (Bay of Bengal),17.6868,83.2185,4.5,2014 Very Severe Cyclone Hudhud,2014-10-11T01:00,0.0,996.1,28.8,49.7,0.218,0.226,0.263
vizag_harbor,Visakhapatnam,Andhra Pradesh,East Coast (Bay of Bengal),17.6868,83.2185,4.5,2014 Very Severe Cyclone Hudhud,2014-10-11T02:00,0.0,996.2,29.9,52.6,0.218,0.226,0.263
vizag_harbor,Visakhapatnam,Andhra Pradesh,East Coast (Bay of Bengal),17.6868,83.2185,4.5,2014 Very Severe Cyclone Hudhud,2014-10-11T03:00,0.0,996.9,29.1,52.9,0.217,0.226,0.263
vizag_harbor,Visakhapatnam,Andhra Pradesh,East Coast (Bay of Bengal),17.6868,83.2185,4.5,2014 Very Severe Cyclone Hudhud,2014-10-11T04:00,0.0,997.8,30.1,56.5,0.216,0.225,0.263
vizag_harbor,Visakhapatnam,Andhra Pradesh,East Coast (Bay of Bengal),17.6868,83.2185,4.5,2014 Very Severe Cyclone Hudhud,2014-10-11T05:00,0.0,997.7,32.3,61.2,0.215,0.225,0.262
vizag_harbor,Visakhapatnam,Andhra Pradesh,East Coast (Bay of Bengal),17.6868,83.2185,4.5,2014 Very Severe Cyclone Hudhud,2014-10-11T06:00,0.4,996.7,32.7,65.9,0.217,0.224,0.262
vizag_harbor,Visakhapatnam,Andhra Pradesh,East Coast (Bay of Bengal),17.6868,83.2185,4.5,2014 Very Severe Cyclone Hudhud,2014-10-11T07:00,0.2,995.7,35.1,59.8,0.218,0.224,0.262
vizag_harbor,Visakhapatnam,Andhra Pradesh,East Coast (Bay of Bengal),17.6868,83.2185,4.5,2014 Very Severe Cyclone Hudhud,2014-10-11T08:00,0.0,994.0,35.2,59.0,0.218,0.224,0.262
vizag_harbor,Visakhapatnam,Andhra Pradesh,East Coast (Bay of Bengal),17.6868,83.2185,4.5,2014 Very Severe Cyclone Hudhud,2014-10-11T09:00,0.0,993.3,35.9,59.8,0.217,0.223,0.262
vizag_harbor,Visakhapatnam,Andhra Pradesh,East Coast (Bay of Bengal),17.6868,83.2185,4.5,2014 Very Severe Cyclone Hudhud,2014-10-11T10:00,0.0,992.2,33.1,56.5,0.217,0.223,0.262
vizag_harbor,Visakhapatnam,Andhra Pradesh,East Coast (Bay of Bengal),17.6868,83.2185,4.5,2014 Very Severe Cyclone Hudhud,2014-10-11T11:00,0.0,993.3,35.5,59.0,0.217,0.223,0.262
vizag_harbor,Visakhapatnam,Andhra Pradesh,East Coast (Bay of Bengal),17.6868,83.2185,4.5,2014 Very Severe Cyclone Hudhud,2014-10-11T12:00,0.0,993.1,34.6,58.3,0.217,0.223,0.262
vizag_harbor,Visakhapatnam,Andhra Pradesh,East Coast (Bay of Bengal),17.6868,83.2185,4.5,2014 Very Severe Cyclone Hudhud,2014-10-11T13:00,0.0,993.7,34.4,58.7,0.217,0.223,0.262
vizag_harbor,Visakhapatnam,Andhra Pradesh,East Coast (Bay of Bengal),17.6868,83.2185,4.5,2014 Very Severe Cyclone Hudhud,2014-10-11T14:00,0.0,993.6,35.6,61.6,0.218,0.223,0.262
vizag_harbor,Visakhapatnam,Andhra Pradesh,East Coast (Bay of Bengal),17.6868,83.2185,4.5,2014 Very Severe Cyclone Hudhud,2014-10-11T15:00,0.0,994.3,35.3,62.3,0.218,0.223,0.262
vizag_harbor,Visakhapatnam,Andhra Pradesh,East Coast (Bay of Bengal),17.6868,83.2185,4.5,2014 Very Severe Cyclone Hudhud,2014-10-11T16:00,0.1,994.3,35.3,64.4,0.219,0.223,0.262
vizag_harbor,Visakhapatnam,Andhra Pradesh,East Coast (Bay of Bengal),17.6868,83.2185,4.5,2014 Very Severe Cyclone Hudhud,2014-10-11T17:00,0.4,993.2,35.6,67.0,0.222,0.223,0.262
vizag_harbor,Visakhapatnam,Andhra Pradesh,East Coast (Bay of Bengal),17.6868,83.2185,4.5,2014 Very Severe Cyclone Hudhud,2014-10-11T18:00,0.6,992.4,36.4,68.4,0.228,0.223,0.262
vizag_harbor,Visakhapatnam,Andhra Pradesh,East Coast (Bay of Bengal),17.6868,83.2185,4.5,2014 Very Severe Cyclone Hudhud,2014-10-11T19:00,1.4,990.9,39.0,73.4,0.243,0.223,0.261
vizag_harbor,Visakhapatnam,Andhra Pradesh,East Coast (Bay of Bengal),17.6868,83.2185,4.5,2014 Very Severe Cyclone Hudhud,2014-10-11T20:00,2.2,988.9,42.4,81.0,0.269,0.223,0.261
vizag_harbor,Visakhapatnam,Andhra Pradesh,East Coast (Bay of Bengal),17.6868,83.2185,4.5,2014 Very Severe Cyclone Hudhud,2014-10-11T21:00,3.2,986.7,46.2,85.3,0.308,0.224,0.261
vizag_harbor,Visakhapatnam,Andhra Pradesh,East Coast (Bay of Bengal),17.6868,83.2185,4.5,2014 Very Severe Cyclone Hudhud,2014-10-11T22:00,3.7,986.0,46.8,91.8,0.345,0.227,0.261
vizag_harbor,Visakhapatnam,Andhra Pradesh,East Coast (Bay of Bengal),17.6868,83.2185,4.5,2014 Very Severe Cyclone Hudhud,2014-10-11T23:00,5.1,985.2,50.9,105.1,0.379,0.236,0.261
vizag_harbor,Visakhapatnam,Andhra Pradesh,East Coast (Bay of Bengal),17.6868,83.2185,4.5,2014 Very Severe Cyclone Hudhud,2014-10-12T00:00,7.1,982.8,57.3,118.4,0.386,0.266,0.261
vizag_harbor,Visakhapatnam,Andhra Pradesh,East Coast (Bay of Bengal),17.6868,83.2185,4.5,2014 Very Severe Cyclone Hudhud,2014-10-12T01:00,15.0,979.9,64.6,127.1,0.41,0.305,0.261
vizag_harbor,Visakhapatnam,Andhra Pradesh,East Coast (Bay of Bengal),17.6868,83.2185,4.5,2014 Very Severe Cyclone Hudhud,2014-10-12T02:00,25.8,977.7,66.5,146.9,0.403,0.402,0.262
vizag_harbor,Visakhapatnam,Andhra Pradesh,East Coast (Bay of Bengal),17.6868,83.2185,4.5,2014 Very Severe Cyclone Hudhud,2014-10-12T03:00,31.3,973.8,70.2,150.5,0.411,0.411,0.276
vizag_harbor,Visakhapatnam,Andhra Pradesh,East Coast (Bay of Bengal),17.6868,83.2185,4.5,2014 Very Severe Cyclone Hudhud,2014-10-12T04:00,20.2,970.7,68.9,144.0,0.372,0.371,0.315
vizag_harbor,Visakhapatnam,Andhra Pradesh,East Coast (Bay of Bengal),17.6868,83.2185,4.5,2014 Very Severe Cyclone Hudhud,2014-10-12T05:00,11.0,970.0,35.9,121.3,0.411,0.381,0.318
vizag_harbor,Visakhapatnam,Andhra Pradesh,East Coast (Bay of Bengal),17.6868,83.2185,4.5,2014 Very Severe Cyclone Hudhud,2014-10-12T06:00,10.5,971.8,27.9,94.0,0.407,0.411,0.321
vizag_harbor,Visakhapatnam,Andhra Pradesh,East Coast (Bay of Bengal),17.6868,83.2185,4.5,2014 Very Severe Cyclone Hudhud,2014-10-12T07:00,7.4,974.9,34.8,83.2,0.356,0.366,0.347
vizag_harbor,Visakhapatnam,Andhra Pradesh,East Coast (Bay of Bengal),17.6868,83.2185,4.5,2014 Very Severe Cyclone Hudhud,2014-10-12T08:00,5.9,976.9,43.9,91.8,0.397,0.369,0.348
vizag_harbor,Visakhapatnam,Andhra Pradesh,East Coast (Bay of Bengal),17.6868,83.2185,4.5,2014 Very Severe Cyclone Hudhud,2014-10-12T09:00,4.9,979.5,52.7,97.9,0.394,0.383,0.349
vizag_harbor,Visakhapatnam,Andhra Pradesh,East Coast (Bay of Bengal),17.6868,83.2185,4.5,2014 Very Severe Cyclone Hudhud,2014-10-12T10:00,4.1,979.4,54.7,101.2,0.397,0.389,0.351
vizag_harbor,Visakhapatnam,Andhra Pradesh,East Coast (Bay of Bengal),17.6868,83.2185,4.5,2014 Very Severe Cyclone Hudhud,2014-10-12T11:00,2.8,980.8,54.6,101.2,0.391,0.391,0.354
vizag_harbor,Visakhapatnam,Andhra Pradesh,East Coast (Bay of Bengal),17.6868,83.2185,4.5,2014 Very Severe Cyclone Hudhud,2014-10-12T12:00,2.5,982.0,55.5,101.9,0.391,0.39,0.356
vizag_harbor,Visakhapatnam,Andhra Pradesh,East Coast (Bay of Bengal),17.6868,83.2185,4.5,2014 Very Severe Cyclone Hudhud,2014-10-12T13:00,2.3,983.4,54.6,101.2,0.39,0.389,0.359
vizag_harbor,Visakhapatnam,Andhra Pradesh,East Coast (Bay of Bengal),17.6868,83.2185,4.5,2014 Very Severe Cyclone Hudhud,2014-10-12T14:00,1.4,985.1,54.1,100.8,0.383,0.387,0.36
vizag_harbor,Visakhapatnam,Andhra Pradesh,East Coast (Bay of Bengal),17.6868,83.2185,4.5,2014 Very Severe Cyclone Hudhud,2014-10-12T15:00,1.3,987.2,54.9,95.4,0.378,0.385,0.362
vizag_harbor,Visakhapatnam,Andhra Pradesh,East Coast (Bay of Bengal),17.6868,83.2185,4.5,2014 Very Severe Cyclone Hudhud,2014-10-12T16:00,0.9,989.2,56.3,83.9,0.373,0.382,0.362
vizag_harbor,Visakhapatnam,Andhra Pradesh,East Coast (Bay of Bengal),17.6868,83.2185,4.5,2014 Very Severe Cyclone Hudhud,2014-10-12T17:00,0.7,990.9,54.2,78.8,0.369,0.379,0.363
vizag_harbor,Visakhapatnam,Andhra Pradesh,East Coast (Bay of Bengal),17.6868,83.2185,4.5,2014 Very Severe Cyclone Hudhud,2014-10-12T18:00,0.5,992.1,52.8,77.8,0.364,0.377,0.363
vizag_harbor,Visakhapatnam,Andhra Pradesh,East Coast (Bay of Bengal),17.6868,83.2185,4.5,2014 Very Severe Cyclone Hudhud,2014-10-12T19:00,1.9,993.1,50.2,90.0,0.373,0.376,0.363
vizag_harbor,Visakhapatnam,Andhra Pradesh,East Coast (Bay of Bengal),17.6868,83.2185,4.5,2014 Very Severe Cyclone Hudhud,2014-10-12T20:00,1.7,993.7,46.9,84.6,0.375,0.377,0.363
vizag_harbor,Visakhapatnam,Andhra Pradesh,East Coast (Bay of Bengal),17.6868,83.2185,4.5,2014 Very Severe Cyclone Hudhud,2014-10-12T21:00,1.4,994.1,42.0,78.1,0.375,0.376,0.364
vizag_harbor,Visakhapatnam,Andhra Pradesh,East Coast (Bay of Bengal),17.6868,83.2185,4.5,2014 Very Severe Cyclone Hudhud,2014-10-12T22:00,1.1,994.7,35.3,70.2,0.372,0.376,0.364
vizag_harbor,Visakhapatnam,Andhra Pradesh,East Coast (Bay of Bengal),17.6868,83.2185,4.5,2014 Very Severe Cyclone Hudhud,2014-10-12T23:00,0.8,995.7,31.6,64.4,0.368,0.375,0.364
vizag_harbor,Visakhapatnam,Andhra Pradesh,East Coast (Bay of Bengal),17.6868,83.2185,4.5,2014 Very Severe Cyclone Hudhud,2014-10-13T00:00,0.3,996.4,26.8,60.8,0.363,0.373,0.364
vizag_harbor,Visakhapatnam,Andhra Pradesh,East Coast (Bay of Bengal),17.6868,83.2185,4.5,2014 Very Severe Cyclone Hudhud,2014-10-13T01:00,0.0,997.8,23.2,54.4,0.357,0.37,0.364
vizag_harbor,Visakhapatnam,Andhra Pradesh,East Coast (Bay of Bengal),17.6868,83.2185,4.5,2014 Very Severe Cyclone Hudhud,2014-10-13T02:00,0.0,999.4,21.2,48.2,0.353,0.368,0.363
vizag_harbor,Visakhapatnam,Andhra Pradesh,East Coast (Bay of Bengal),17.6868,83.2185,4.5,2014 Very Severe Cyclone Hudhud,2014-10-13T03:00,0.0,1000.3,21.1,42.8,0.348,0.365,0.363
vizag_harbor,Visakhapatnam,Andhra Pradesh,East Coast (Bay of Bengal),17.6868,83.2185,4.5,2014 Very Severe Cyclone Hudhud,2014-10-13T04:00,0.0,1001.1,23.6,38.5,0.344,0.362,0.363
vizag_harbor,Visakhapatnam,Andhra Pradesh,East Coast (Bay of Bengal),17.6868,83.2185,4.5,2014 Very Severe Cyclone Hudhud,2014-10-13T05:00,0.0,1001.2,29.2,39.2,0.341,0.359,0.362
vizag_harbor,Visakhapatnam,Andhra Pradesh,East Coast (Bay of Bengal),17.6868,83.2185,4.5,2014 Very Severe Cyclone Hudhud,2014-10-13T06:00,0.1,1000.8,33.2,49.3,0.337,0.356,0.362
vizag_harbor,Visakhapatnam,Andhra Pradesh,East Coast (Bay of Bengal),17.6868,83.2185,4.5,2014 Very Severe Cyclone Hudhud,2014-10-13T07:00,0.2,1000.3,32.5,56.9,0.335,0.353,0.361
vizag_harbor,Visakhapatnam,Andhra Pradesh,East Coast (Bay of Bengal),17.6868,83.2185,4.5,2014 Very Severe Cyclone Hudhud,2014-10-13T08:00,0.2,999.8,31.5,54.7,0.334,0.35,0.36
vizag_harbor,Visakhapatnam,Andhra Pradesh,East Coast (Bay of Bengal),17.6868,83.2185,4.5,2014 Very Severe Cyclone Hudhud,2014-10-13T09:00,0.0,999.7,30.0,53.3,0.332,0.348,0.36
vizag_harbor,Visakhapatnam,Andhra Pradesh,East Coast (Bay of Bengal),17.6868,83.2185,4.5,2014 Very Severe Cyclone Hudhud,2014-10-13T10:00,0.5,999.5,28.6,52.2,0.332,0.346,0.359
vizag_harbor,Visakhapatnam,Andhra Pradesh,East Coast (Bay of Bengal),17.6868,83.2185,4.5,2014 Very Severe Cyclone Hudhud,2014-10-13T11:00,0.0,1000.0,26.8,47.9,0.33,0.344,0.359
vizag_harbor,Visakhapatnam,Andhra Pradesh,East Coast (Bay of Bengal),17.6868,83.2185,4.5,2014 Very Severe Cyclone Hudhud,2014-10-13T12:00,0.1,1000.9,23.8,43.6,0.33,0.342,0.359
vizag_harbor,Visakhapatnam,Andhra Pradesh,East Coast (Bay of Bengal),17.6868,83.2185,4.5,2014 Very Severe Cyclone Hudhud,2014-10-13T13:00,0.3,1002.0,21.9,40.0,0.33,0.341,0.358
vizag_harbor,Visakhapatnam,Andhra Pradesh,East Coast (Bay of Bengal),17.6868,83.2185,4.5,2014 Very Severe Cyclone Hudhud,2014-10-13T14:00,0.0,1002.8,20.4,36.4,0.329,0.339,0.358
vizag_harbor,Visakhapatnam,Andhra Pradesh,East Coast (Bay of Bengal),17.6868,83.2185,4.5,2014 Very Severe Cyclone Hudhud,2014-10-13T15:00,0.0,1003.9,18.1,33.1,0.328,0.338,0.357
vizag_harbor,Visakhapatnam,Andhra Pradesh,East Coast (Bay of Bengal),17.6868,83.2185,4.5,2014 Very Severe Cyclone Hudhud,2014-10-13T16:00,0.0,1004.5,17.7,29.5,0.327,0.336,0.357
vizag_harbor,Visakhapatnam,Andhra Pradesh,East Coast (Bay of Bengal),17.6868,83.2185,4.5,2014 Very Severe Cyclone Hudhud,2014-10-13T17:00,0.0,1004.5,17.3,27.0,0.326,0.335,0.356
vizag_harbor,Visakhapatnam,Andhra Pradesh,East Coast (Bay of Bengal),17.6868,83.2185,4.5,2014 Very Severe Cyclone Hudhud,2014-10-13T18:00,0.0,1004.3,17.0,25.2,0.326,0.334,0.356
vizag_harbor,Visakhapatnam,Andhra Pradesh,East Coast (Bay of Bengal),17.6868,83.2185,4.5,2014 Very Severe Cyclone Hudhud,2014-10-13T19:00,0.0,1004.2,15.9,27.4,0.325,0.333,0.356
vizag_harbor,Visakhapatnam,Andhra Pradesh,East Coast (Bay of Bengal),17.6868,83.2185,4.5,2014 Very Severe Cyclone Hudhud,2014-10-13T20:00,0.0,1003.8,15.2,25.9,0.325,0.332,0.355
vizag_harbor,Visakhapatnam,Andhra Pradesh,East Coast (Bay of Bengal),17.6868,83.2185,4.5,2014 Very Severe Cyclone Hudhud,2014-10-13T21:00,0.1,1003.7,13.8,24.1,0.325,0.331,0.355
vizag_harbor,Visakhapatnam,Andhra Pradesh,East Coast (Bay of Bengal),17.6868,83.2185,4.5,2014 Very Severe Cyclone Hudhud,2014-10-13T22:00,0.2,1004.5,12.2,23.4,0.325,0.33,0.354
vizag_harbor,Visakhapatnam,Andhra Pradesh,East Coast (Bay of Bengal),17.6868,83.2185,4.5,2014 Very Severe Cyclone Hudhud,2014-10-13T23:00,0.2,1004.7,12.1,22.7,0.326,0.329,0.354
vizag_harbor,Visakhapatnam,Andhra Pradesh,East Coast (Bay of Bengal),17.6868,83.2185,4.5,2014 Very Severe Cyclone Hudhud,2014-10-14T00:00,0.0,1005.1,11.8,19.4,0.326,0.328,0.354
vizag_harbor,Visakhapatnam,Andhra Pradesh,East Coast (Bay of Bengal),17.6868,83.2185,4.5,2014 Very Severe Cyclone Hudhud,2014-10-14T01:00,0.0,1006.2,8.7,18.7,0.325,0.327,0.353
vizag_harbor,Visakhapatnam,Andhra Pradesh,East Coast (Bay of Bengal),17.6868,83.2185,4.5,2014 Very Severe Cyclone Hudhud,2014-10-14T02:00,0.0,1006.9,8.4,16.9,0.324,0.326,0.353
vizag_harbor,Visakhapatnam,Andhra Pradesh,East Coast (Bay of Bengal),17.6868,83.2185,4.5,2014 Very Severe Cyclone Hudhud,2014-10-14T03:00,0.0,1007.4,7.4,19.1,0.324,0.326,0.352
vizag_harbor,Visakhapatnam,Andhra Pradesh,East Coast (Bay of Bengal),17.6868,83.2185,4.5,2014 Very Severe Cyclone Hudhud,2014-10-14T04:00,0.0,1007.4,7.2,19.1,0.322,0.325,0.352
vizag_harbor,Visakhapatnam,Andhra Pradesh,East Coast (Bay of Bengal),17.6868,83.2185,4.5,2014 Very Severe Cyclone Hudhud,2014-10-14T05:00,0.2,1007.6,8.0,23.4,0.32,0.323,0.351
vizag_harbor,Visakhapatnam,Andhra Pradesh,East Coast (Bay of Bengal),17.6868,83.2185,4.5,2014 Very Severe Cyclone Hudhud,2014-10-14T06:00,0.2,1006.3,8.5,21.6,0.317,0.322,0.351
vizag_harbor,Visakhapatnam,Andhra Pradesh,East Coast (Bay of Bengal),17.6868,83.2185,4.5,2014 Very Severe Cyclone Hudhud,2014-10-14T07:00,0.0,1005.8,9.6,20.5,0.315,0.32,0.35
vizag_harbor,Visakhapatnam,Andhra Pradesh,East Coast (Bay of Bengal),17.6868,83.2185,4.5,2014 Very Severe Cyclone Hudhud,2014-10-14T08:00,0.0,1004.8,11.4,23.0,0.312,0.318,0.35
vizag_harbor,Visakhapatnam,Andhra Pradesh,East Coast (Bay of Bengal),17.6868,83.2185,4.5,2014 Very Severe Cyclone Hudhud,2014-10-14T09:00,0.2,1004.5,12.3,24.8,0.311,0.317,0.349
vizag_harbor,Visakhapatnam,Andhra Pradesh,East Coast (Bay of Bengal),17.6868,83.2185,4.5,2014 Very Severe Cyclone Hudhud,2014-10-14T10:00,0.2,1004.4,12.0,25.2,0.311,0.316,0.349
vizag_harbor,Visakhapatnam,Andhra Pradesh,East Coast (Bay of Bengal),17.6868,83.2185,4.5,2014 Very Severe Cyclone Hudhud,2014-10-14T11:00,0.3,1004.2,11.0,24.5,0.311,0.315,0.348
vizag_harbor,Visakhapatnam,Andhra Pradesh,East Coast (Bay of Bengal),17.6868,83.2185,4.5,2014 Very Severe Cyclone Hudhud,2014-10-14T12:00,0.3,1005.3,9.2,20.9,0.312,0.314,0.348
vizag_harbor,Visakhapatnam,Andhra Pradesh,East Coast (Bay of Bengal),17.6868,83.2185,4.5,2014 Very Severe Cyclone Hudhud,2014-10-14T13:00,0.4,1006.0,7.4,15.1,0.313,0.314,0.348
vizag_harbor,Visakhapatnam,Andhra Pradesh,East Coast (Bay of Bengal),17.6868,83.2185,4.5,2014 Very Severe Cyclone Hudhud,2014-10-14T14:00,0.1,1007.1,8.4,11.2,0.313,0.313,0.347
vizag_harbor,Visakhapatnam,Andhra Pradesh,East Coast (Bay of Bengal),17.6868,83.2185,4.5,2014 Very Severe Cyclone Hudhud,2014-10-14T15:00,0.0,1007.7,6.4,9.7,0.313,0.313,0.347
vizag_harbor,Visakhapatnam,Andhra Pradesh,East Coast (Bay of Bengal),17.6868,83.2185,4.5,2014 Very Severe Cyclone Hudhud,2014-10-14T16:00,0.0,1008.1,5.8,9.7,0.313,0.312,0.347
vizag_harbor,Visakhapatnam,Andhra Pradesh,East Coast (Bay of Bengal),17.6868,83.2185,4.5,2014 Very Severe Cyclone Hudhud,2014-10-14T17:00,0.1,1008.1,5.0,9.0,0.313,0.312,0.346
vizag_harbor,Visakhapatnam,Andhra Pradesh,East Coast (Bay of Bengal),17.6868,83.2185,4.5,2014 Very Severe Cyclone Hudhud,2014-10-14T18:00,0.1,1008.1,5.4,8.3,0.315,0.312,0.346
vizag_harbor,Visakhapatnam,Andhra Pradesh,East Coast (Bay of Bengal),17.6868,83.2185,4.5,2014 Very Severe Cyclone Hudhud,2014-10-14T19:00,0.2,1007.8,4.3,9.7,0.316,0.311,0.346
vizag_harbor,Visakhapatnam,Andhra Pradesh,East Coast (Bay of Bengal),17.6868,83.2185,4.5,2014 Very Severe Cyclone Hudhud,2014-10-14T20:00,0.1,1007.7,2.2,8.6,0.316,0.311,0.345
vizag_harbor,Visakhapatnam,Andhra Pradesh,East Coast (Bay of Bengal),17.6868,83.2185,4.5,2014 Very Severe Cyclone Hudhud,2014-10-14T21:00,0.2,1007.3,2.0,6.5,0.317,0.311,0.345
vizag_harbor,Visakhapatnam,Andhra Pradesh,East Coast (Bay of Bengal),17.6868,83.2185,4.5,2014 Very Severe Cyclone Hudhud,2014-10-14T22:00,0.3,1007.5,1.9,6.1,0.319,0.311,0.345
vizag_harbor,Visakhapatnam,Andhra Pradesh,East Coast (Bay of Bengal),17.6868,83.2185,4.5,2014 Very Severe Cyclone Hudhud,2014-10-14T23:00,0.2,1007.5,3.3,6.5,0.32,0.311,0.344
vizag_harbor,Visakhapatnam,Andhra Pradesh,East Coast (Bay of Bengal),17.6868,83.2185,4.5,2014 Very Severe Cyclone Hudhud,2014-10-15T00:00,0.0,1008.2,4.5,10.1,0.319,0.311,0.344
vizag_harbor,Visakhapatnam,Andhra Pradesh,East Coast (Bay of Bengal),17.6868,83.2185,4.5,2014 Very Severe Cyclone Hudhud,2014-10-15T01:00,0.0,1008.9,5.5,12.6,0.318,0.311,0.344
vizag_harbor,Visakhapatnam,Andhra Pradesh,East Coast (Bay of Bengal),17.6868,83.2185,4.5,2014 Very Severe Cyclone Hudhud,2014-10-15T02:00,0.0,1009.4,6.1,14.4,0.317,0.311,0.343
vizag_harbor,Visakhapatnam,Andhra Pradesh,East Coast (Bay of Bengal),17.6868,83.2185,4.5,2014 Very Severe Cyclone Hudhud,2014-10-15T03:00,0.1,1010.0,7.5,18.0,0.316,0.31,0.343
vizag_harbor,Visakhapatnam,Andhra Pradesh,East Coast (Bay of Bengal),17.6868,83.2185,4.5,2014 Very Severe Cyclone Hudhud,2014-10-15T04:00,0.1,1010.4,8.1,19.8,0.314,0.31,0.343
vizag_harbor,Visakhapatnam,Andhra Pradesh,East Coast (Bay of Bengal),17.6868,83.2185,4.5,2014 Very Severe Cyclone Hudhud,2014-10-15T05:00,0.1,1010.0,8.0,19.1,0.312,0.309,0.342
vizag_harbor,Visakhapatnam,Andhra Pradesh,East Coast (Bay of Bengal),17.6868,83.2185,4.5,2014 Very Severe Cyclone Hudhud,2014-10-15T06:00,0.3,1009.3,7.2,18.7,0.311,0.308,0.342
vizag_harbor,Visakhapatnam,Andhra Pradesh,East Coast (Bay of Bengal),17.6868,83.2185,4.5,2014 Very Severe Cyclone Hudhud,2014-10-15T07:00,0.0,1008.3,7.3,18.7,0.308,0.307,0.341
vizag_harbor,Visakhapatnam,Andhra Pradesh,East Coast (Bay of Bengal),17.6868,83.2185,4.5,2014 Very Severe Cyclone Hudhud,2014-10-15T08:00,0.0,1007.2,7.5,18.0,0.305,0.306,0.341
vizag_harbor,Visakhapatnam,Andhra Pradesh,East Coast (Bay of Bengal),17.6868,83.2185,4.5,2014 Very Severe Cyclone Hudhud,2014-10-15T09:00,0.0,1006.7,6.6,16.9,0.303,0.305,0.341
vizag_harbor,Visakhapatnam,Andhra Pradesh,East Coast (Bay of Bengal),17.6868,83.2185,4.5,2014 Very Severe Cyclone Hudhud,2014-10-15T10:00,0.0,1006.2,7.1,18.0,0.302,0.304,0.34
vizag_harbor,Visakhapatnam,Andhra Pradesh,East Coast (Bay of Bengal),17.6868,83.2185,4.5,2014 Very Severe Cyclone Hudhud,2014-10-15T11:00,0.0,1006.0,8.2,18.7,0.301,0.303,0.34
vizag_harbor,Visakhapatnam,Andhra Pradesh,East Coast (Bay of Bengal),17.6868,83.2185,4.5,2014 Very Severe Cyclone Hudhud,2014-10-15T12:00,0.0,1006.9,4.7,14.8,0.3,0.303,0.339
vizag_harbor,Visakhapatnam,Andhra Pradesh,East Coast (Bay of Bengal),17.6868,83.2185,4.5,2014 Very Severe Cyclone Hudhud,2014-10-15T13:00,0.0,1007.6,1.1,8.3,0.299,0.303,0.339
vizag_harbor,Visakhapatnam,Andhra Pradesh,East Coast (Bay of Bengal),17.6868,83.2185,4.5,2014 Very Severe Cyclone Hudhud,2014-10-15T14:00,0.0,1007.9,4.7,9.7,0.299,0.302,0.339
vizag_harbor,Visakhapatnam,Andhra Pradesh,East Coast (Bay of Bengal),17.6868,83.2185,4.5,2014 Very Severe Cyclone Hudhud,2014-10-15T15:00,0.0,1008.4,6.0,10.4,0.299,0.302,0.339
vizag_harbor,Visakhapatnam,Andhra Pradesh,East Coast (Bay of Bengal),17.6868,83.2185,4.5,2014 Very Severe Cyclone Hudhud,2014-10-15T16:00,0.0,1008.3,5.7,10.4,0.298,0.302,0.338
vizag_harbor,Visakhapatnam,Andhra Pradesh,East Coast (Bay of Bengal),17.6868,83.2185,4.5,2014 Very Severe Cyclone Hudhud,2014-10-15T17:00,0.0,1008.1,4.5,10.4,0.298,0.301,0.338
vizag_harbor,Visakhapatnam,Andhra Pradesh,East Coast (Bay of Bengal),17.6868,83.2185,4.5,2014 Very Severe Cyclone Hudhud,2014-10-15T18:00,0.0,1007.8,4.1,9.7,0.297,0.301,0.338
vizag_harbor,Visakhapatnam,Andhra Pradesh,East Coast (Bay of Bengal),17.6868,83.2185,4.5,2014 Very Severe Cyclone Hudhud,2014-10-15T19:00,0.0,1007.8,3.7,7.9,0.297,0.301,0.338
vizag_harbor,Visakhapatnam,Andhra Pradesh,East Coast (Bay of Bengal),17.6868,83.2185,4.5,2014 Very Severe Cyclone Hudhud,2014-10-15T20:00,0.0,1007.3,4.5,7.9,0.297,0.3,0.337
vizag_harbor,Visakhapatnam,Andhra Pradesh,East Coast (Bay of Bengal),17.6868,83.2185,4.5,2014 Very Severe Cyclone Hudhud,2014-10-15T21:00,0.0,1007.0,4.4,8.3,0.297,0.3,0.337
vizag_harbor,Visakhapatnam,Andhra Pradesh,East Coast (Bay of Bengal),17.6868,83.2185,4.5,2014 Very Severe Cyclone Hudhud,2014-10-15T22:00,0.0,1007.1,4.3,10.4,0.297,0.3,0.337
vizag_harbor,Visakhapatnam,Andhra Pradesh,East Coast (Bay of Bengal),17.6868,83.2185,4.5,2014 Very Severe Cyclone Hudhud,2014-10-15T23:00,0.0,1007.0,4.7,10.4,0.297,0.3,0.337
vizag_harbor,Visakhapatnam,Andhra Pradesh,East Coast (Bay of Bengal),17.6868,83.2185,4.5,2014 Very Severe Cyclone Hudhud,2014-10-16T00:00,0.0,1007.7,4.3,10.4,0.298,0.299,0.336
vizag_harbor,Visakhapatnam,Andhra Pradesh,East Coast (Bay of Bengal),17.6868,83.2185,4.5,2014 Very Severe Cyclone Hudhud,2014-10-16T01:00,0.2,1008.1,5.1,10.8,0.299,0.299,0.336
vizag_harbor,Visakhapatnam,Andhra Pradesh,East Coast (Bay of Bengal),17.6868,83.2185,4.5,2014 Very Severe Cyclone Hudhud,2014-10-16T02:00,0.0,1008.9,5.5,13.3,0.298,0.299,0.336
vizag_harbor,Visakhapatnam,Andhra Pradesh,East Coast (Bay of Bengal),17.6868,83.2185,4.5,2014 Very Severe Cyclone Hudhud,2014-10-16T03:00,0.0,1009.2,6.9,16.6,0.298,0.298,0.336
vizag_harbor,Visakhapatnam,Andhra Pradesh,East Coast (Bay of Bengal),17.6868,83.2185,4.5,2014 Very Severe Cyclone Hudhud,2014-10-16T04:00,0.0,1009.6,6.4,17.6,0.296,0.298,0.335
vizag_harbor,Visakhapatnam,Andhra Pradesh,East Coast (Bay of Bengal),17.6868,83.2185,4.5,2014 Very Severe Cyclone Hudhud,2014-10-16T05:00,0.2,1009.2,6.2,17.6,0.294,0.297,0.335
vizag_harbor,Visakhapatnam,Andhra Pradesh,East Coast (Bay of Bengal),17.6868,83.2185,4.5,2014 Very Severe Cyclone Hudhud,2014-10-16T06:00,0.0,1008.5,6.9,18.7,0.292,0.296,0.335
vizag_harbor,Visakhapatnam,Andhra Pradesh,East Coast (Bay of Bengal),17.6868,83.2185,4.5,2014 Very Severe Cyclone Hudhud,2014-10-16T07:00,0.0,1007.4,8.3,18.0,0.29,0.295,0.334
vizag_harbor,Visakhapatnam,Andhra Pradesh,East Coast (Bay of Bengal),17.6868,83.2185,4.5,2014 Very Severe Cyclone Hudhud,2014-10-16T08:00,0.0,1006.7,9.0,19.4,0.287,0.293,0.334
vizag_harbor,Visakhapatnam,Andhra Pradesh,East Coast (Bay of Bengal),17.6868,83.2185,4.5,2014 Very Severe Cyclone Hudhud,2014-10-16T09:00,0.0,1006.1,9.0,19.8,0.286,0.293,0.333
vizag_harbor,Visakhapatnam,Andhra Pradesh,East Coast (Bay of Bengal),17.6868,83.2185,4.5,2014 Very Severe Cyclone Hudhud,2014-10-16T10:00,1.0,1005.3,9.3,20.5,0.294,0.292,0.333
vizag_harbor,Visakhapatnam,Andhra Pradesh,East Coast (Bay of Bengal),17.6868,83.2185,4.5,2014 Very Severe Cyclone Hudhud,2014-10-16T11:00,0.0,1005.7,5.1,19.8,0.294,0.292,0.333
vizag_harbor,Visakhapatnam,Andhra Pradesh,East Coast (Bay of Bengal),17.6868,83.2185,4.5,2014 Very Severe Cyclone Hudhud,2014-10-16T12:00,0.3,1006.5,5.1,9.4,0.299,0.292,0.332
vizag_harbor,Visakhapatnam,Andhra Pradesh,East Coast (Bay of Bengal),17.6868,83.2185,4.5,2014 Very Severe Cyclone Hudhud,2014-10-16T13:00,0.3,1007.3,4.0,8.3,0.303,0.292,0.332
vizag_harbor,Visakhapatnam,Andhra Pradesh,East Coast (Bay of Bengal),17.6868,83.2185,4.5,2014 Very Severe Cyclone Hudhud,2014-10-16T14:00,0.0,1008.2,0.4,7.2,0.302,0.292,0.332
vizag_harbor,Visakhapatnam,Andhra Pradesh,East Coast (Bay of Bengal),17.6868,83.2185,4.5,2014 Very Severe Cyclone Hudhud,2014-10-16T15:00,0.0,1009.0,1.1,8.6,0.302,0.292,0.332
vizag_harbor,Visakhapatnam,Andhra Pradesh,East Coast (Bay of Bengal),17.6868,83.2185,4.5,2014 Very Severe Cyclone Hudhud,2014-10-16T16:00,0.0,1009.3,1.0,7.6,0.301,0.292,0.332
vizag_harbor,Visakhapatnam,Andhra Pradesh,East Coast (Bay of Bengal),17.6868,83.2185,4.5,2014 Very Severe Cyclone Hudhud,2014-10-16T17:00,0.0,1009.4,4.2,6.5,0.3,0.292,0.331
vizag_harbor,Visakhapatnam,Andhra Pradesh,East Coast (Bay of Bengal),17.6868,83.2185,4.5,2014 Very Severe Cyclone Hudhud,2014-10-16T18:00,0.0,1009.3,5.2,7.2,0.3,0.292,0.331
vizag_harbor,Visakhapatnam,Andhra Pradesh,East Coast (Bay of Bengal),17.6868,83.2185,4.5,2014 Very Severe Cyclone Hudhud,2014-10-16T19:00,0.0,1008.3,4.2,9.7,0.299,0.292,0.331
vizag_harbor,Visakhapatnam,Andhra Pradesh,East Coast (Bay of Bengal),17.6868,83.2185,4.5,2014 Very Severe Cyclone Hudhud,2014-10-16T20:00,0.0,1007.6,2.9,7.9,0.298,0.292,0.331
vizag_harbor,Visakhapatnam,Andhra Pradesh,East Coast (Bay of Bengal),17.6868,83.2185,4.5,2014 Very Severe Cyclone Hudhud,2014-10-16T21:00,0.0,1007.2,3.3,7.2,0.297,0.292,0.331
vizag_harbor,Visakhapatnam,Andhra Pradesh,East Coast (Bay of Bengal),17.6868,83.2185,4.5,2014 Very Severe Cyclone Hudhud,2014-10-16T22:00,0.0,1007.7,4.3,10.4,0.297,0.292,0.33
vizag_harbor,Visakhapatnam,Andhra Pradesh,East Coast (Bay of Bengal),17.6868,83.2185,4.5,2014 Very Severe Cyclone Hudhud,2014-10-16T23:00,0.0,1007.3,4.8,12.2,0.297,0.292,0.33
vizag_harbor,Visakhapatnam,Andhra Pradesh,East Coast (Bay of Bengal),17.6868,83.2185,4.5,2014 Very Severe Cyclone Hudhud,2014-10-17T00:00,0.0,1008.0,6.5,14.0,0.296,0.292,0.33
vizag_harbor,Visakhapatnam,Andhra Pradesh,East Coast (Bay of Bengal),17.6868,83.2185,4.5,2014 Very Severe Cyclone Hudhud,2014-10-17T01:00,0.0,1008.4,7.4,16.2,0.296,0.292,0.33
vizag_harbor,Visakhapatnam,Andhra Pradesh,East Coast (Bay of Bengal),17.6868,83.2185,4.5,2014 Very Severe Cyclone Hudhud,2014-10-17T02:00,0.0,1009.1,6.6,18.4,0.295,0.292,0.33
vizag_harbor,Visakhapatnam,Andhra Pradesh,East Coast (Bay of Bengal),17.6868,83.2185,4.5,2014 Very Severe Cyclone Hudhud,2014-10-17T03:00,0.0,1009.3,6.8,19.4,0.294,0.292,0.329
vizag_harbor,Visakhapatnam,Andhra Pradesh,East Coast (Bay of Bengal),17.6868,83.2185,4.5,2014 Very Severe Cyclone Hudhud,2014-10-17T04:00,0.0,1009.6,7.4,20.5,0.293,0.291,0.329
vizag_harbor,Visakhapatnam,Andhra Pradesh,East Coast (Bay of Bengal),17.6868,83.2185,4.5,2014 Very Severe Cyclone Hudhud,2014-10-17T05:00,0.0,1009.1,7.0,20.2,0.29,0.29,0.329
vizag_harbor,Visakhapatnam,Andhra Pradesh,East Coast (Bay of Bengal),17.6868,83.2185,4.5,2014 Very Severe Cyclone Hudhud,2014-10-17T06:00,0.0,1008.3,7.2,19.1,0.288,0.289,0.328
vizag_harbor,Visakhapatnam,Andhra Pradesh,East Coast (Bay of Bengal),17.6868,83.2185,4.5,2014 Very Severe Cyclone Hudhud,2014-10-17T07:00,0.0,1007.4,8.4,18.7,0.286,0.288,0.328
vizag_harbor,Visakhapatnam,Andhra Pradesh,East Coast (Bay of Bengal),17.6868,83.2185,4.5,2014 Very Severe Cyclone Hudhud,2014-10-17T08:00,0.0,1006.4,9.4,20.2,0.283,0.287,0.327
vizag_harbor,Visakhapatnam,Andhra Pradesh,East Coast (Bay of Bengal),17.6868,83.2185,4.5,2014 Very Severe Cyclone Hudhud,2014-10-17T09:00,0.5,1005.5,12.0,22.7,0.283,0.286,0.327
vizag_harbor,Visakhapatnam,Andhra Pradesh,East Coast (Bay of Bengal),17.6868,83.2185,4.5,2014 Very Severe Cyclone Hudhud,2014-10-17T10:00,0.1,1005.4,7.8,23.0,0.284,0.286,0.327
vizag_harbor,Visakhapatnam,Andhra Pradesh,East Coast (Bay of Bengal),17.6868,83.2185,4.5,2014 Very Severe Cyclone Hudhud,2014-10-17T11:00,0.0,1005.5,7.0,18.7,0.284,0.286,0.327
vizag_harbor,Visakhapatnam,Andhra Pradesh,East Coast (Bay of Bengal),17.6868,83.2185,4.5,2014 Very Severe Cyclone Hudhud,2014-10-17T12:00,0.2,1006.6,5.1,15.5,0.285,0.285,0.326
vizag_harbor,Visakhapatnam,Andhra Pradesh,East Coast (Bay of Bengal),17.6868,83.2185,4.5,2014 Very Severe Cyclone Hudhud,2014-10-17T13:00,2.4,1007.7,5.2,14.0,0.307,0.286,0.326
vizag_harbor,Visakhapatnam,Andhra Pradesh,East Coast (Bay of Bengal),17.6868,83.2185,4.5,2014 Very Severe Cyclone Hudhud,2014-10-17T14:00,0.6,1008.8,5.4,15.1,0.314,0.286,0.326
vizag_harbor,Visakhapatnam,Andhra Pradesh,East Coast (Bay of Bengal),17.6868,83.2185,4.5,2014 Very Severe Cyclone Hudhud,2014-10-17T15:00,0.0,1009.1,6.9,13.0,0.311,0.287,0.326
vizag_harbor,Visakhapatnam,Andhra Pradesh,East Coast (Bay of Bengal),17.6868,83.2185,4.5,2014 Very Severe Cyclone Hudhud,2014-10-17T16:00,0.0,1009.1,6.2,12.6,0.308,0.288,0.326
vizag_harbor,Visakhapatnam,Andhra Pradesh,East Coast (Bay of Bengal),17.6868,83.2185,4.5,2014 Very Severe Cyclone Hudhud,2014-10-17T17:00,0.0,1008.5,5.2,10.8,0.306,0.288,0.326
vizag_harbor,Visakhapatnam,Andhra Pradesh,East Coast (Bay of Bengal),17.6868,83.2185,4.5,2014 Very Severe Cyclone Hudhud,2014-10-17T18:00,0.0,1007.9,4.4,8.6,0.304,0.289,0.325
vizag_harbor,Visakhapatnam,Andhra Pradesh,East Coast (Bay of Bengal),17.6868,83.2185,4.5,2014 Very Severe Cyclone Hudhud,2014-10-17T19:00,0.0,1007.0,4.7,9.4,0.303,0.289,0.325
vizag_harbor,Visakhapatnam,Andhra Pradesh,East Coast (Bay of Bengal),17.6868,83.2185,4.5,2014 Very Severe Cyclone Hudhud,2014-10-17T20:00,0.0,1006.6,5.1,9.7,0.302,0.289,0.325
vizag_harbor,Visakhapatnam,Andhra Pradesh,East Coast (Bay of Bengal),17.6868,83.2185,4.5,2014 Very Severe Cyclone Hudhud,2014-10-17T21:00,0.0,1006.2,5.8,10.1,0.301,0.289,0.325
vizag_harbor,Visakhapatnam,Andhra Pradesh,East Coast (Bay of Bengal),17.6868,83.2185,4.5,2014 Very Severe Cyclone Hudhud,2014-10-17T22:00,0.0,1006.2,5.6,11.5,0.3,0.29,0.325
vizag_harbor,Visakhapatnam,Andhra Pradesh,East Coast (Bay of Bengal),17.6868,83.2185,4.5,2014 Very Severe Cyclone Hudhud,2014-10-17T23:00,0.0,1006.2,7.3,13.7,0.299,0.29,0.325
vizag_harbor,Visakhapatnam,Andhra Pradesh,East Coast (Bay of Bengal),17.6868,83.2185,4.5,2014 Very Severe Cyclone Hudhud,2014-10-18T00:00,0.1,1007.0,7.8,15.1,0.299,0.29,0.324
vizag_harbor,Visakhapatnam,Andhra Pradesh,East Coast (Bay of Bengal),17.6868,83.2185,4.5,2014 Very Severe Cyclone Hudhud,2014-10-18T01:00,0.2,1007.9,8.5,16.2,0.3,0.29,0.324
vizag_harbor,Visakhapatnam,Andhra Pradesh,East Coast (Bay of Bengal),17.6868,83.2185,4.5,2014 Very Severe Cyclone Hudhud,2014-10-18T02:00,0.2,1009.1,7.7,17.6,0.301,0.29,0.324
vizag_harbor,Visakhapatnam,Andhra Pradesh,East Coast (Bay of Bengal),17.6868,83.2185,4.5,2014 Very Severe Cyclone Hudhud,2014-10-18T03:00,0.0,1009.3,9.0,20.2,0.3,0.29,0.324
vizag_harbor,Visakhapatnam,Andhra Pradesh,East Coast (Bay of Bengal),17.6868,83.2185,4.5,2014 Very Severe Cyclone Hudhud,2014-10-18T04:00,0.2,1009.4,10.1,23.4,0.299,0.29,0.324
vizag_harbor,Visakhapatnam,Andhra Pradesh,East Coast (Bay of Bengal),17.6868,83.2185,4.5,2014 Very Severe Cyclone Hudhud,2014-10-18T05:00,0.2,1008.9,10.0,23.4,0.297,0.289,0.324
vizag_harbor,Visakhapatnam,Andhra Pradesh,East Coast (Bay of Bengal),17.6868,83.2185,4.5,2014 Very Severe Cyclone Hudhud,2014-10-18T06:00,0.0,1008.1,8.9,23.4,0.295,0.289,0.323
vizag_harbor,Visakhapatnam,Andhra Pradesh,East Coast (Bay of Bengal),17.6868,83.2185,4.5,2014 Very Severe Cyclone Hudhud,2014-10-18T07:00,0.2,1007.5,8.4,20.5,0.293,0.288,0.323
vizag_harbor,Visakhapatnam,Andhra Pradesh,East Coast (Bay of Bengal),17.6868,83.2185,4.5,2014 Very Severe Cyclone Hudhud,2014-10-18T08:00,1.1,1006.4,9.1,20.5,0.296,0.287,0.323
vizag_harbor,Visakhapatnam,Andhra Pradesh,East Coast (Bay of Bengal),17.6868,83.2185,4.5,2014 Very Severe Cyclone Hudhud,2014-10-18T09:00,0.6,1005.8,10.2,23.8,0.298,0.287,0.322
vizag_harbor,Visakhapatnam,Andhra Pradesh,East Coast (Bay of Bengal),17.6868,83.2185,4.5,2014 Very Severe Cyclone Hudhud,2014-10-18T10:00,0.2,1005.9,11.9,25.2,0.305,0.287,0.322
vizag_harbor,Visakhapatnam,Andhra Pradesh,East Coast (Bay of Bengal),17.6868,83.2185,4.5,2014 Very Severe Cyclone Hudhud,2014-10-18T11:00,0.2,1005.9,8.4,21.2,0.306,0.287,0.322
vizag_harbor,Visakhapatnam,Andhra Pradesh,East Coast (Bay of Bengal),17.6868,83.2185,4.5,2014 Very Severe Cyclone Hudhud,2014-10-18T12:00,1.0,1006.6,8.4,14.4,0.314,0.288,0.322
vizag_harbor,Visakhapatnam,Andhra Pradesh,East Coast (Bay of Bengal),17.6868,83.2185,4.5,2014 Very Severe Cyclone Hudhud,2014-10-18T13:00,1.3,1007.5,7.8,15.1,0.323,0.289,0.322
vizag_harbor,Visakhapatnam,Andhra Pradesh,East Coast (Bay of Bengal),17.6868,83.2185,4.5,2014 Very Severe Cyclone Hudhud,2014-10-18T14:00,1.0,1008.4,10.4,15.5,0.327,0.291,0.322
vizag_harbor,Visakhapatnam,Andhra Pradesh,East Coast (Bay of Bengal),17.6868,83.2185,4.5,2014 Very Severe Cyclone Hudhud,2014-10-18T15:00,0.2,1008.6,9.7,16.2,0.324,0.293,0.322
vizag_harbor,Visakhapatnam,Andhra Pradesh,East Coast (Bay of Bengal),17.6868,83.2185,4.5,2014 Very Severe Cyclone Hudhud,2014-10-18T16:00,0.0,1008.4,7.3,15.8,0.32,0.294,0.321
vizag_harbor,Visakhapatnam,Andhra Pradesh,East Coast (Bay of Bengal),17.6868,83.2185,4.5,2014 Very Severe Cyclone Hudhud,2014-10-18T17:00,0.0,1007.7,6.5,14.4,0.317,0.294,0.321
vizag_harbor,Visakhapatnam,Andhra Pradesh,East Coast (Bay of Bengal),17.6868,83.2185,4.5,2014 Very Severe Cyclone Hudhud,2014-10-18T18:00,0.0,1007.4,6.4,13.0,0.315,0.295,0.321
vizag_harbor,Visakhapatnam,Andhra Pradesh,East Coast (Bay of Bengal),17.6868,83.2185,4.5,2014 Very Severe Cyclone Hudhud,2014-10-18T19:00,0.0,1006.9,6.5,12.6,0.313,0.296,0.321
vizag_harbor,Visakhapatnam,Andhra Pradesh,East Coast (Bay of Bengal),17.6868,83.2185,4.5,2014 Very Severe Cyclone Hudhud,2014-10-18T20:00,0.0,1006.2,6.7,11.9,0.311,0.296,0.321
vizag_harbor,Visakhapatnam,Andhra Pradesh,East Coast (Bay of Bengal),17.6868,83.2185,4.5,2014 Very Severe Cyclone Hudhud,2014-10-18T21:00,0.0,1006.0,8.0,13.3,0.309,0.296,0.321
vizag_harbor,Visakhapatnam,Andhra Pradesh,East Coast (Bay of Bengal),17.6868,83.2185,4.5,2014 Very Severe Cyclone Hudhud,2014-10-18T22:00,0.0,1005.9,10.4,15.5,0.308,0.296,0.321
vizag_harbor,Visakhapatnam,Andhra Pradesh,East Coast (Bay of Bengal),17.6868,83.2185,4.5,2014 Very Severe Cyclone Hudhud,2014-10-18T23:00,0.0,1005.9,10.4,16.9,0.306,0.296,0.321
vizag_harbor,Visakhapatnam,Andhra Pradesh,East Coast (Bay of Bengal),17.6868,83.2185,4.5,2014 Very Severe Cyclone Hudhud,2014-10-19T00:00,0.0,1006.3,11.0,18.0,0.305,0.297,0.321
vizag_harbor,Visakhapatnam,Andhra Pradesh,East Coast (Bay of Bengal),17.6868,83.2185,4.5,2014 Very Severe Cyclone Hudhud,2014-10-19T01:00,0.0,1007.0,11.7,19.8,0.304,0.297,0.321
vizag_harbor,Visakhapatnam,Andhra Pradesh,East Coast (Bay of Bengal),17.6868,83.2185,4.5,2014 Very Severe Cyclone Hudhud,2014-10-19T02:00,0.0,1007.8,13.2,22.7,0.303,0.297,0.32
vizag_harbor,Visakhapatnam,Andhra Pradesh,East Coast (Bay of Bengal),17.6868,83.2185,4.5,2014 Very Severe Cyclone Hudhud,2014-10-19T03:00,0.0,1008.3,14.6,25.6,0.302,0.296,0.32
vizag_harbor,Visakhapatnam,Andhra Pradesh,East Coast (Bay of Bengal),17.6868,83.2185,4.5,2014 Very Severe Cyclone Hudhud,2014-10-19T04:00,0.0,1008.6,15.0,27.7,0.299,0.296,0.32
vizag_harbor,Visakhapatnam,Andhra Pradesh,East Coast (Bay of Bengal),17.6868,83.2185,4.5,2014 Very Severe Cyclone Hudhud,2014-10-19T05:00,0.0,1008.1,14.3,28.1,0.297,0.295,0.32
vizag_harbor,Visakhapatnam,Andhra Pradesh,East Coast (Bay of Bengal),17.6868,83.2185,4.5,2014 Very Severe Cyclone Hudhud,2014-10-19T06:00,0.0,1007.7,14.3,27.7,0.294,0.294,0.319
vizag_harbor,Visakhapatnam,Andhra Pradesh,East Coast (Bay of Bengal),17.6868,83.2185,4.5,2014 Very Severe Cyclone Hudhud,2014-10-19T07:00,0.0,1007.0,14.2,26.6,0.291,0.293,0.319
vizag_harbor,Visakhapatnam,Andhra Pradesh,East Coast (Bay of Bengal),17.6868,83.2185,4.5,2014 Very Severe Cyclone Hudhud,2014-10-19T08:00,0.0,1005.9,14.7,26.3,0.288,0.292,0.319
vizag_harbor,Visakhapatnam,Andhra Pradesh,East Coast (Bay of Bengal),17.6868,83.2185,4.5,2014 Very Severe Cyclone Hudhud,2014-10-19T09:00,0.0,1005.4,14.8,26.6,0.286,0.291,0.319
vizag_harbor,Visakhapatnam,Andhra Pradesh,East Coast (Bay of Bengal),17.6868,83.2185,4.5,2014 Very Severe Cyclone Hudhud,2014-10-19T10:00,0.0,1005.5,12.6,26.3,0.284,0.29,0.318
vizag_harbor,Visakhapatnam,Andhra Pradesh,East Coast (Bay of Bengal),17.6868,83.2185,4.5,2014 Very Severe Cyclone Hudhud,2014-10-19T11:00,0.0,1005.8,11.2,24.8,0.283,0.289,0.318
vizag_harbor,Visakhapatnam,Andhra Pradesh,East Coast (Bay of Bengal),17.6868,83.2185,4.5,2014 Very Severe Cyclone Hudhud,2014-10-19T12:00,0.0,1006.3,9.0,21.6,0.283,0.289,0.318
vizag_harbor,Visakhapatnam,Andhra Pradesh,East Coast (Bay of Bengal),17.6868,83.2185,4.5,2014 Very Severe Cyclone Hudhud,2014-10-19T13:00,0.0,1006.9,8.3,16.9,0.283,0.289,0.318
vizag_harbor,Visakhapatnam,Andhra Pradesh,East Coast (Bay of Bengal),17.6868,83.2185,4.5,2014 Very Severe Cyclone Hudhud,2014-10-19T14:00,0.0,1007.7,9.3,14.4,0.282,0.288,0.318
vizag_harbor,Visakhapatnam,Andhra Pradesh,East Coast (Bay of Bengal),17.6868,83.2185,4.5,2014 Very Severe Cyclone Hudhud,2014-10-19T15:00,0.0,1008.2,9.3,14.4,0.282,0.288,0.318
vizag_harbor,Visakhapatnam,Andhra Pradesh,East Coast (Bay of Bengal),17.6868,83.2185,4.5,2014 Very Severe Cyclone Hudhud,2014-10-19T16:00,0.0,1008.2,8.4,13.7,0.282,0.288,0.318
vizag_harbor,Visakhapatnam,Andhra Pradesh,East Coast (Bay of Bengal),17.6868,83.2185,4.5,2014 Very Severe Cyclone Hudhud,2014-10-19T17:00,0.0,1007.9,7.7,12.6,0.282,0.288,0.317
vizag_harbor,Visakhapatnam,Andhra Pradesh,East Coast (Bay of Bengal),17.6868,83.2185,4.5,2014 Very Severe Cyclone Hudhud,2014-10-19T18:00,0.0,1007.7,7.4,11.9,0.282,0.288,0.317
vizag_harbor,Visakhapatnam,Andhra Pradesh,East Coast (Bay of Bengal),17.6868,83.2185,4.5,2014 Very Severe Cyclone Hudhud,2014-10-19T19:00,0.0,1007.3,6.6,12.2,0.282,0.288,0.317
vizag_harbor,Visakhapatnam,Andhra Pradesh,East Coast (Bay of Bengal),17.6868,83.2185,4.5,2014 Very Severe Cyclone Hudhud,2014-10-19T20:00,0.0,1006.9,6.4,11.2,0.282,0.288,0.317
vizag_harbor,Visakhapatnam,Andhra Pradesh,East Coast (Bay of Bengal),17.6868,83.2185,4.5,2014 Very Severe Cyclone Hudhud,2014-10-19T21:00,0.0,1006.5,6.6,11.5,0.282,0.287,0.317
vizag_harbor,Visakhapatnam,Andhra Pradesh,East Coast (Bay of Bengal),17.6868,83.2185,4.5,2014 Very Severe Cyclone Hudhud,2014-10-19T22:00,0.0,1006.7,7.3,13.3,0.281,0.287,0.317
vizag_harbor,Visakhapatnam,Andhra Pradesh,East Coast (Bay of Bengal),17.6868,83.2185,4.5,2014 Very Severe Cyclone Hudhud,2014-10-19T23:00,0.0,1006.5,8.5,15.1,0.281,0.287,0.317
vizag_harbor,Visakhapatnam,Andhra Pradesh,East Coast (Bay of Bengal),17.6868,83.2185,4.5,2014 Very Severe Cyclone Hudhud,2014-10-20T00:00,0.0,1007.0,9.3,15.8,0.281,0.287,0.317
vizag_harbor,Visakhapatnam,Andhra Pradesh,East Coast (Bay of Bengal),17.6868,83.2185,4.5,2014 Very Severe Cyclone Hudhud,2014-10-20T01:00,0.0,1007.9,10.6,17.6,0.281,0.287,0.317
vizag_harbor,Visakhapatnam,Andhra Pradesh,East Coast (Bay of Bengal),17.6868,83.2185,4.5,2014 Very Severe Cyclone Hudhud,2014-10-20T02:00,0.0,1008.4,11.2,20.2,0.281,0.287,0.317
vizag_harbor,Visakhapatnam,Andhra Pradesh,East Coast (Bay of Bengal),17.6868,83.2185,4.5,2014 Very Severe Cyclone Hudhud,2014-10-20T03:00,0.0,1008.9,11.9,22.7,0.279,0.286,0.316
vizag_harbor,Visakhapatnam,Andhra Pradesh,East Coast (Bay of Bengal),17.6868,83.2185,4.5,2014 Very Severe Cyclone Hudhud,2014-10-20T04:00,0.0,1009.3,11.5,24.1,0.278,0.285,0.316
vizag_harbor,Visakhapatnam,Andhra Pradesh,East Coast (Bay of Bengal),17.6868,83.2185,4.5,2014 Very Severe Cyclone Hudhud,2014-10-20T05:00,0.0,1009.0,11.0,24.5,0.275,0.284,0.316
vizag_harbor,Visakhapatnam,Andhra Pradesh,East Coast (Bay of Bengal),17.6868,83.2185,4.5,2014 Very Severe Cyclone Hudhud,2014-10-20T06:00,0.0,1008.3,11.4,25.2,0.273,0.283,0.315
vizag_harbor,Visakhapatnam,Andhra Pradesh,East Coast (Bay of Bengal),17.6868,83.2185,4.5,2014 Very Severe Cyclone Hudhud,2014-10-20T07:00,0.0,1007.3,12.3,23.8,0.27,0.282,0.315
vizag_harbor,Visakhapatnam,Andhra Pradesh,East Coast (Bay of Bengal),17.6868,83.2185,4.5,2014 Very Severe Cyclone Hudhud,2014-10-20T08:00,0.0,1006.6,12.6,24.5,0.267,0.28,0.315
vizag_harbor,Visakhapatnam,Andhra Pradesh,East Coast (Bay of Bengal),17.6868,83.2185,4.5,2014 Very Severe Cyclone Hudhud,2014-10-20T09:00,0.0,1006.0,13.4,25.6,0.265,0.279,0.314
vizag_harbor,Visakhapatnam,Andhra Pradesh,East Coast (Bay of Bengal),17.6868,83.2185,4.5,2014 Very Severe Cyclone Hudhud,2014-10-20T10:00,0.0,1006.1,12.5,25.6,0.264,0.278,0.314
vizag_harbor,Visakhapatnam,Andhra Pradesh,East Coast (Bay of Bengal),17.6868,83.2185,4.5,2014 Very Severe Cyclone Hudhud,2014-10-20T11:00,0.0,1006.2,11.4,25.2,0.263,0.278,0.314
vizag_harbor,Visakhapatnam,Andhra Pradesh,East Coast (Bay of Bengal),17.6868,83.2185,4.5,2014 Very Severe Cyclone Hudhud,2014-10-20T12:00,0.0,1006.8,8.2,21.2,0.263,0.278,0.314
vizag_harbor,Visakhapatnam,Andhra Pradesh,East Coast (Bay of Bengal),17.6868,83.2185,4.5,2014 Very Severe Cyclone Hudhud,2014-10-20T13:00,0.0,1007.6,8.0,14.8,0.263,0.277,0.314
vizag_harbor,Visakhapatnam,Andhra Pradesh,East Coast (Bay of Bengal),17.6868,83.2185,4.5,2014 Very Severe Cyclone Hudhud,2014-10-20T14:00,0.0,1008.4,6.6,12.6,0.263,0.277,0.314
vizag_harbor,Visakhapatnam,Andhra Pradesh,East Coast (Bay of Bengal),17.6868,83.2185,4.5,2014 Very Severe Cyclone Hudhud,2014-10-20T15:00,0.0,1009.0,5.9,10.8,0.263,0.277,0.313
vizag_harbor,Visakhapatnam,Andhra Pradesh,East Coast (Bay of Bengal),17.6868,83.2185,4.5,2014 Very Severe Cyclone Hudhud,2014-10-20T16:00,0.0,1009.0,6.3,10.8,0.263,0.277,0.313
vizag_harbor,Visakhapatnam,Andhra Pradesh,East Coast (Bay of Bengal),17.6868,83.2185,4.5,2014 Very Severe Cyclone Hudhud,2014-10-20T17:00,0.0,1008.8,6.3,11.2,0.263,0.277,0.313
vizag_harbor,Visakhapatnam,Andhra Pradesh,East Coast (Bay of Bengal),17.6868,83.2185,4.5,2014 Very Severe Cyclone Hudhud,2014-10-20T18:00,0.0,1008.6,7.1,12.2,0.264,0.277,0.313
vizag_harbor,Visakhapatnam,Andhra Pradesh,East Coast (Bay of Bengal),17.6868,83.2185,4.5,2014 Very Severe Cyclone Hudhud,2014-10-20T19:00,0.0,1008.3,7.9,13.3,0.264,0.276,0.313
vizag_harbor,Visakhapatnam,Andhra Pradesh,East Coast (Bay of Bengal),17.6868,83.2185,4.5,2014 Very Severe Cyclone Hudhud,2014-10-20T20:00,0.0,1007.7,7.6,13.3,0.264,0.276,0.313
vizag_harbor,Visakhapatnam,Andhra Pradesh,East Coast (Bay of Bengal),17.6868,83.2185,4.5,2014 Very Severe Cyclone Hudhud,2014-10-20T21:00,0.0,1007.7,7.3,13.0,0.265,0.276,0.313
vizag_harbor,Visakhapatnam,Andhra Pradesh,East Coast (Bay of Bengal),17.6868,83.2185,4.5,2014 Very Severe Cyclone Hudhud,2014-10-20T22:00,0.0,1007.9,6.9,13.0,0.265,0.276,0.313
vizag_harbor,Visakhapatnam,Andhra Pradesh,East Coast (Bay of Bengal),17.6868,83.2185,4.5,2014 Very Severe Cyclone Hudhud,2014-10-20T23:00,0.0,1007.9,7.0,12.6,0.265,0.276,0.313
vizag_harbor,Visakhapatnam,Andhra Pradesh,East Coast (Bay of Bengal),17.6868,83.2185,4.5,2014 Very Severe Cyclone Hudhud,2014-10-21T00:00,0.0,1008.3,7.5,13.0,0.266,0.276,0.313
vizag_harbor,Visakhapatnam,Andhra Pradesh,East Coast (Bay of Bengal),17.6868,83.2185,4.5,2014 Very Severe Cyclone Hudhud,2014-10-21T01:00,0.0,1009.3,8.9,14.4,0.266,0.276,0.312
vizag_harbor,Visakhapatnam,Andhra Pradesh,East Coast (Bay of Bengal),17.6868,83.2185,4.5,2014 Very Severe Cyclone Hudhud,2014-10-21T02:00,0.0,1009.8,8.9,16.9,0.266,0.276,0.312
vizag_harbor,Visakhapatnam,Andhra Pradesh,East Coast (Bay of Bengal),17.6868,83.2185,4.5,2014 Very Severe Cyclone Hudhud,2014-10-21T03:00,0.1,1010.5,11.7,21.6,0.267,0.275,0.312
vizag_harbor,Visakhapatnam,Andhra Pradesh,East Coast (Bay of Bengal),17.6868,83.2185,4.5,2014 Very Severe Cyclone Hudhud,2014-10-21T04:00,0.3,1011.1,13.4,25.9,0.267,0.275,0.312
vizag_harbor,Visakhapatnam,Andhra Pradesh,East Coast (Bay of Bengal),17.6868,83.2185,4.5,2014 Very Severe Cyclone Hudhud,2014-10-21T05:00,0.0,1010.5,13.6,27.4,0.266,0.274,0.312
vizag_harbor,Visakhapatnam,Andhra Pradesh,East Coast (Bay of Bengal),17.6868,83.2185,4.5,2014 Very Severe Cyclone Hudhud,2014-10-21T06:00,0.0,1009.9,13.8,27.7,0.264,0.273,0.311
vizag_harbor,Visakhapatnam,Andhra Pradesh,East Coast (Bay of Bengal),17.6868,83.2185,4.5,2014 Very Severe Cyclone Hudhud,2014-10-21T07:00,0.0,1009.2,13.3,27.0,0.263,0.273,0.311
vizag_harbor,Visakhapatnam,Andhra Pradesh,East Coast (Bay of Bengal),17.6868,83.2185,4.5,2014 Very Severe Cyclone Hudhud,2014-10-21T08:00,0.0,1008.0,13.7,27.0,0.262,0.272,0.311
vizag_harbor,Visakhapatnam,Andhra Pradesh,East Coast (Bay of Bengal),17.6868,83.2185,4.5,2014 Very Severe Cyclone Hudhud,2014-10-21T09:00,0.0,1007.3,13.4,26.6,0.261,0.271,0.311
vizag_harbor,Visakhapatnam,Andhra Pradesh,East Coast (Bay of Bengal),17.6868,83.2185,4.5,2014 Very Severe Cyclone Hudhud,2014-10-21T10:00,0.0,1007.2,11.5,25.6,0.26,0.27,0.31
vizag_harbor,Visakhapatnam,Andhra Pradesh,East Coast (Bay of Bengal),17.6868,83.2185,4.5,2014 Very Severe Cyclone Hudhud,2014-10-21T11:00,0.0,1007.0,12.2,24.1,0.259,0.27,0.31
vizag_harbor,Visakhapatnam,Andhra Pradesh,East Coast (Bay of Bengal),17.6868,83.2185,4.5,2014 Very Severe Cyclone Hudhud,2014-10-21T12:00,0.2,1007.5,10.6,21.2,0.26,0.27,0.31
vizag_harbor,Visakhapatnam,Andhra Pradesh,East Coast (Bay of Bengal),17.6868,83.2185,4.5,2014 Very Severe Cyclone Hudhud,2014-10-21T13:00,0.0,1008.0,9.4,16.2,0.26,0.27,0.31
vizag_harbor,Visakhapatnam,Andhra Pradesh,East Coast (Bay of Bengal),17.6868,83.2185,4.5,2014 Very Severe Cyclone Hudhud,2014-10-21T14:00,0.0,1009.0,9.3,14.4,0.26,0.27,0.31
vizag_harbor,Visakhapatnam,Andhra Pradesh,East Coast (Bay of Bengal),17.6868,83.2185,4.5,2014 Very Severe Cyclone Hudhud,2014-10-21T15:00,0.0,1009.4,8.3,14.4,0.26,0.27,0.31
vizag_harbor,Visakhapatnam,Andhra Pradesh,East Coast (Bay of Bengal),17.6868,83.2185,4.5,2014 Very Severe Cyclone Hudhud,2014-10-21T16:00,0.0,1010.1,6.9,13.7,0.26,0.27,0.31
vizag_harbor,Visakhapatnam,Andhra Pradesh,East Coast (Bay of Bengal),17.6868,83.2185,4.5,2014 Very Severe Cyclone Hudhud,2014-10-21T17:00,0.0,1010.2,6.3,12.6,0.26,0.27,0.31
vizag_harbor,Visakhapatnam,Andhra Pradesh,East Coast (Bay of Bengal),17.6868,83.2185,4.5,2014 Very Severe Cyclone Hudhud,2014-10-21T18:00,0.0,1010.3,5.8,11.5,0.26,0.269,0.309
vizag_harbor,Visakhapatnam,Andhra Pradesh,East Coast (Bay of Bengal),17.6868,83.2185,4.5,2014 Very Severe Cyclone Hudhud,2014-10-21T19:00,0.0,1010.0,5.5,11.9,0.26,0.269,0.309
vizag_harbor,Visakhapatnam,Andhra Pradesh,East Coast (Bay of Bengal),17.6868,83.2185,4.5,2014 Very Severe Cyclone Hudhud,2014-10-21T20:00,0.0,1009.3,5.2,10.8,0.26,0.269,0.309
vizag_harbor,Visakhapatnam,Andhra Pradesh,East Coast (Bay of Bengal),17.6868,83.2185,4.5,2014 Very Severe Cyclone Hudhud,2014-10-21T21:00,0.0,1009.0,5.8,11.2,0.261,0.269,0.309
vizag_harbor,Visakhapatnam,Andhra Pradesh,East Coast (Bay of Bengal),17.6868,83.2185,4.5,2014 Very Severe Cyclone Hudhud,2014-10-21T22:00,0.0,1009.5,5.2,11.5,0.262,0.269,0.309
vizag_harbor,Visakhapatnam,Andhra Pradesh,East Coast (Bay of Bengal),17.6868,83.2185,4.5,2014 Very Severe Cyclone Hudhud,2014-10-21T23:00,0.0,1009.3,6.4,12.2,0.262,0.269,0.309
vizag_harbor,Visakhapatnam,Andhra Pradesh,East Coast (Bay of Bengal),17.6868,83.2185,4.5,2014 Very Severe Cyclone Hudhud,2014-10-22T00:00,0.0,1009.9,7.0,12.6,0.262,0.269,0.309
vizag_harbor,Visakhapatnam,Andhra Pradesh,East Coast (Bay of Bengal),17.6868,83.2185,4.5,2014 Very Severe Cyclone Hudhud,2014-10-22T01:00,0.0,1010.2,8.9,14.8,0.263,0.269,0.309
vizag_harbor,Visakhapatnam,Andhra Pradesh,East Coast (Bay of Bengal),17.6868,83.2185,4.5,2014 Very Severe Cyclone Hudhud,2014-10-22T02:00,0.0,1011.3,10.0,18.7,0.263,0.269,0.309
vizag_harbor,Visakhapatnam,Andhra Pradesh,East Coast (Bay of Bengal),17.6868,83.2185,4.5,2014 Very Severe Cyclone Hudhud,2014-10-22T03:00,0.0,1011.7,12.3,23.8,0.262,0.269,0.309
vizag_harbor,Visakhapatnam,Andhra Pradesh,East Coast (Bay of Bengal),17.6868,83.2185,4.5,2014 Very Severe Cyclone Hudhud,2014-10-22T04:00,0.0,1011.9,12.7,25.9,0.261,0.268,0.308
vizag_harbor,Visakhapatnam,Andhra Pradesh,East Coast (Bay of Bengal),17.6868,83.2185,4.5,2014 Very Severe Cyclone Hudhud,2014-10-22T05:00,0.0,1011.4,12.8,26.6,0.259,0.267,0.308
vizag_harbor,Visakhapatnam,Andhra Pradesh,East Coast (Bay of Bengal),17.6868,83.2185,4.5,2014 Very Severe Cyclone Hudhud,2014-10-22T06:00,0.0,1010.1,13.7,27.0,0.257,0.266,0.308
vizag_harbor,Visakhapatnam,Andhra Pradesh,East Coast (Bay of Bengal),17.6868,83.2185,4.5,2014 Very Severe Cyclone Hudhud,2014-10-22T07:00,0.0,1009.3,14.5,26.6,0.255,0.265,0.307
vizag_harbor,Visakhapatnam,Andhra Pradesh,East Coast (Bay of Bengal),17.6868,83.2185,4.5,2014 Very Severe Cyclone Hudhud,2014-10-22T08:00,0.0,1008.2,15.0,27.0,0.253,0.265,0.307
vizag_harbor,Visakhapatnam,Andhra Pradesh,East Coast (Bay of Bengal),17.6868,83.2185,4.5,2014 Very Severe Cyclone Hudhud,2014-10-22T09:00,0.0,1007.7,16.0,28.4,0.251,0.264,0.307
vizag_harbor,Visakhapatnam,Andhra Pradesh,East Coast (Bay of Bengal),17.6868,83.2185,4.5,2014 Very Severe Cyclone Hudhud,2014-10-22T10:00,0.0,1007.4,15.2,29.5,0.25,0.263,0.307
vizag_harbor,Visakhapatnam,Andhra Pradesh,East Coast (Bay of Bengal),17.6868,83.2185,4.5,2014 Very Severe Cyclone Hudhud,2014-10-22T11:00,0.0,1007.1,14.8,29.5,0.249,0.263,0.306
vizag_harbor,Visakhapatnam,Andhra Pradesh,East Coast (Bay of Bengal),17.6868,83.2185,4.5,2014 Very Severe Cyclone Hudhud,2014-10-22T12:00,0.0,1007.7,12.6,26.3,0.249,0.263,0.306
vizag_harbor,Visakhapatnam,Andhra Pradesh,East Coast (Bay of Bengal),17.6868,83.2185,4.5,2014 Very Severe Cyclone Hudhud,2014-10-22T13:00,0.0,1008.0,11.3,23.4,0.249,0.262,0.306
vizag_harbor,Visakhapatnam,Andhra Pradesh,East Coast (Bay of Bengal),17.6868,83.2185,4.5,2014 Very Severe Cyclone Hudhud,2014-10-22T14:00,0.0,1009.1,10.7,20.2,0.249,0.262,0.306
vizag_harbor,Visakhapatnam,Andhra Pradesh,East Coast (Bay of Bengal),17.6868,83.2185,4.5,2014 Very Severe Cyclone Hudhud,2014-10-22T15:00,0.0,1009.5,9.5,17.6,0.249,0.262,0.306
vizag_harbor,Visakhapatnam,Andhra Pradesh,East Coast (Bay of Bengal),17.6868,83.2185,4.5,2014 Very Severe Cyclone Hudhud,2014-10-22T16:00,0.0,1009.9,7.9,16.2,0.25,0.262,0.306
vizag_harbor,Visakhapatnam,Andhra Pradesh,East Coast (Bay of Bengal),17.6868,83.2185,4.5,2014 Very Severe Cyclone Hudhud,2014-10-22T17:00,0.0,1009.9,6.6,14.4,0.251,0.262,0.306
vizag_harbor,Visakhapatnam,Andhra Pradesh,East Coast (Bay of Bengal),17.6868,83.2185,4.5,2014 Very Severe Cyclone Hudhud,2014-10-22T18:00,0.0,1009.5,6.2,13.3,0.251,0.262,0.306
vizag_harbor,Visakhapatnam,Andhra Pradesh,East Coast (Bay of Bengal),17.6868,83.2185,4.5,2014 Very Severe Cyclone Hudhud,2014-10-22T19:00,0.0,1009.1,6.3,11.5,0.252,0.262,0.306
vizag_harbor,Visakhapatnam,Andhra Pradesh,East Coast (Bay of Bengal),17.6868,83.2185,4.5,2014 Very Severe Cyclone Hudhud,2014-10-22T20:00,0.0,1008.6,7.0,11.9,0.252,0.262,0.305
vizag_harbor,Visakhapatnam,Andhra Pradesh,East Coast (Bay of Bengal),17.6868,83.2185,4.5,2014 Very Severe Cyclone Hudhud,2014-10-22T21:00,0.0,1008.0,8.0,13.0,0.252,0.262,0.305
vizag_harbor,Visakhapatnam,Andhra Pradesh,East Coast (Bay of Bengal),17.6868,83.2185,4.5,2014 Very Severe Cyclone Hudhud,2014-10-22T22:00,0.0,1007.9,8.7,14.0,0.253,0.262,0.305
vizag_harbor,Visakhapatnam,Andhra Pradesh,East Coast (Bay of Bengal),17.6868,83.2185,4.5,2014 Very Severe Cyclone Hudhud,2014-10-22T23:00,0.0,1007.9,8.8,15.5,0.253,0.262,0.305
vizag_harbor,Visakhapatnam,Andhra Pradesh,East Coast (Bay of Bengal),17.6868,83.2185,4.5,2014 Very Severe Cyclone Hudhud,2014-10-23T00:00,0.0,1008.7,8.3,15.8,0.253,0.262,0.305
vizag_harbor,Visakhapatnam,Andhra Pradesh,East Coast (Bay of Bengal),17.6868,83.2185,4.5,2014 Very Severe Cyclone Hudhud,2014-10-23T01:00,0.0,1009.3,9.2,16.9,0.253,0.262,0.305
vizag_harbor,Visakhapatnam,Andhra Pradesh,East Coast (Bay of Bengal),17.6868,83.2185,4.5,2014 Very Severe Cyclone Hudhud,2014-10-23T02:00,0.0,1010.2,10.0,19.8,0.253,0.262,0.305
vizag_harbor,Visakhapatnam,Andhra Pradesh,East Coast (Bay of Bengal),17.6868,83.2185,4.5,2014 Very Severe Cyclone Hudhud,2014-10-23T03:00,0.0,1010.3,11.6,24.1,0.253,0.262,0.305
vizag_harbor,Visakhapatnam,Andhra Pradesh,East Coast (Bay of Bengal),17.6868,83.2185,4.5,2014 Very Severe Cyclone Hudhud,2014-10-23T04:00,0.0,1010.4,12.8,27.4,0.251,0.261,0.305
vizag_harbor,Visakhapatnam,Andhra Pradesh,East Coast (Bay of Bengal),17.6868,83.2185,4.5,2014 Very Severe Cyclone Hudhud,2014-10-23T05:00,0.0,1010.0,13.2,28.8,0.25,0.26,0.304
vizag_harbor,Visakhapatnam,Andhra Pradesh,East Coast (Bay of Bengal),17.6868,83.2185,4.5,2014 Very Severe Cyclone Hudhud,2014-10-23T06:00,0.2,1009.2,13.2,29.2,0.249,0.259,0.304
vizag_harbor,Visakhapatnam,Andhra Pradesh,East Coast (Bay of Bengal),17.6868,83.2185,4.5,2014 Very Severe Cyclone Hudhud,2014-10-23T07:00,0.0,1008.5,12.9,25.2,0.247,0.259,0.304
vizag_harbor,Visakhapatnam,Andhra Pradesh,East Coast (Bay of Bengal),17.6868,83.2185,4.5,2014 Very Severe Cyclone Hudhud,2014-10-23T08:00,0.3,1007.5,12.3,24.8,0.246,0.258,0.303
vizag_harbor,Visakhapatnam,Andhra Pradesh,East Coast (Bay of Bengal),17.6868,83.2185,4.5,2014 Very Severe Cyclone Hudhud,2014-10-23T09:00,0.4,1006.8,12.6,24.5,0.247,0.257,0.303
vizag_harbor,Visakhapatnam,Andhra Pradesh,East Coast (Bay of Bengal),17.6868,83.2185,4.5,2014 Very Severe Cyclone Hudhud,2014-10-23T10:00,0.0,1006.4,11.9,23.4,0.246,0.257,0.303
vizag_harbor,Visakhapatnam,Andhra Pradesh,East Coast (Bay of Bengal),17.6868,83.2185,4.5,2014 Very Severe Cyclone Hudhud,2014-10-23T11:00,0.0,1006.4,10.1,22.3,0.245,0.256,0.303
vizag_harbor,Visakhapatnam,Andhra Pradesh,East Coast (Bay of Bengal),17.6868,83.2185,4.5,2014 Very Severe Cyclone Hudhud,2014-10-23T12:00,0.0,1007.3,8.6,20.2,0.245,0.256,0.303
vizag_harbor,Visakhapatnam,Andhra Pradesh,East Coast (Bay of Bengal),17.6868,83.2185,4.5,2014 Very Severe Cyclone Hudhud,2014-10-23T13:00,0.0,1007.7,8.7,18.0,0.245,0.256,0.303
vizag_harbor,Visakhapatnam,Andhra Pradesh,East Coast (Bay of Bengal),17.6868,83.2185,4.5,2014 Very Severe Cyclone Hudhud,2014-10-23T14:00,0.0,1008.4,8.7,17.3,0.245,0.256,0.302
vizag_harbor,Visakhapatnam,Andhra Pradesh,East Coast (Bay of Bengal),17.6868,83.2185,4.5,2014 Very Severe Cyclone Hudhud,2014-10-23T15:00,0.0,1009.1,8.0,16.6,0.245,0.256,0.302
vizag_harbor,Visakhapatnam,Andhra Pradesh,East Coast (Bay of Bengal),17.6868,83.2185,4.5,2014 Very Severe Cyclone Hudhud,2014-10-23T16:00,0.0,1009.3,7.9,14.8,0.245,0.256,0.302
vizag_harbor,Visakhapatnam,Andhra Pradesh,East Coast (Bay of Bengal),17.6868,83.2185,4.5,2014 Very Severe Cyclone Hudhud,2014-10-23T17:00,0.0,1009.2,5.4,12.2,0.245,0.256,0.302
vizag_harbor,Visakhapatnam,Andhra Pradesh,East Coast (Bay of Bengal),17.6868,83.2185,4.5,2014 Very Severe Cyclone Hudhud,2014-10-23T18:00,0.0,1008.9,4.7,11.2,0.245,0.256,0.302
vizag_harbor,Visakhapatnam,Andhra Pradesh,East Coast (Bay of Bengal),17.6868,83.2185,4.5,2014 Very Severe Cyclone Hudhud,2014-10-23T19:00,0.0,1008.5,4.0,9.4,0.245,0.256,0.302
vizag_harbor,Visakhapatnam,Andhra Pradesh,East Coast (Bay of Bengal),17.6868,83.2185,4.5,2014 Very Severe Cyclone Hudhud,2014-10-23T20:00,0.0,1007.8,4.7,9.0,0.245,0.256,0.302
vizag_harbor,Visakhapatnam,Andhra Pradesh,East Coast (Bay of Bengal),17.6868,83.2185,4.5,2014 Very Severe Cyclone Hudhud,2014-10-23T21:00,0.0,1007.4,4.7,9.4,0.246,0.256,0.302
vizag_harbor,Visakhapatnam,Andhra Pradesh,East Coast (Bay of Bengal),17.6868,83.2185,4.5,2014 Very Severe Cyclone Hudhud,2014-10-23T22:00,0.0,1007.2,6.0,9.7,0.246,0.256,0.302
vizag_harbor,Visakhapatnam,Andhra Pradesh,East Coast (Bay of Bengal),17.6868,83.2185,4.5,2014 Very Severe Cyclone Hudhud,2014-10-23T23:00,0.0,1007.1,6.6,10.8,0.246,0.256,0.302
vizag_harbor,Visakhapatnam,Andhra Pradesh,East Coast (Bay of Bengal),17.6868,83.2185,4.5,2014 Very Severe Cyclone Hudhud,2014-10-24T00:00,0.0,1007.6,7.9,13.0,0.246,0.256,0.302
vizag_harbor,Visakhapatnam,Andhra Pradesh,East Coast (Bay of Bengal),17.6868,83.2185,4.5,2014 Very Severe Cyclone Hudhud,2014-10-24T01:00,0.0,1008.6,9.2,15.8,0.246,0.256,0.301
vizag_harbor,Visakhapatnam,Andhra Pradesh,East Coast (Bay of Bengal),17.6868,83.2185,4.5,2014 Very Severe Cyclone Hudhud,2014-10-24T02:00,0.0,1009.1,10.3,19.8,0.246,0.256,0.301
vizag_harbor,Visakhapatnam,Andhra Pradesh,East Coast (Bay of Bengal),17.6868,83.2185,4.5,2014 Very Severe Cyclone Hudhud,2014-10-24T03:00,0.0,1009.6,11.3,22.3,0.245,0.256,0.301
vizag_harbor,Visakhapatnam,Andhra Pradesh,East Coast (Bay of Bengal),17.6868,83.2185,4.5,2014 Very Severe Cyclone Hudhud,2014-10-24T04:00,0.0,1009.8,10.2,22.3,0.244,0.255,0.301
vizag_harbor,Visakhapatnam,Andhra Pradesh,East Coast (Bay of Bengal),17.6868,83.2185,4.5,2014 Very Severe Cyclone Hudhud,2014-10-24T05:00,0.0,1009.5,8.9,21.2,0.242,0.254,0.301
vizag_harbor,Visakhapatnam,Andhra Pradesh,East Coast (Bay of Bengal),17.6868,83.2185,4.5,2014 Very Severe Cyclone Hudhud,2014-10-24T06:00,0.0,1008.4,8.7,19.8,0.24,0.253,0.3
vizag_harbor,Visakhapatnam,Andhra Pradesh,East Coast (Bay of Bengal),17.6868,83.2185,4.5,2014 Very Severe Cyclone Hudhud,2014-10-24T07:00,0.0,1007.6,8.5,19.4,0.238,0.252,0.3
vizag_harbor,Visakhapatnam,Andhra Pradesh,East Coast (Bay of Bengal),17.6868,83.2185,4.5,2014 Very Severe Cyclone Hudhud,2014-10-24T08:00,0.0,1006.6,9.5,19.4,0.236,0.252,0.3
vizag_harbor,Visakhapatnam,Andhra Pradesh,East Coast (Bay of Bengal),17.6868,83.2185,4.5,2014 Very Severe Cyclone Hudhud,2014-10-24T09:00,0.2,1005.6,11.3,21.2,0.236,0.251,0.299
vizag_harbor,Visakhapatnam,Andhra Pradesh,East Coast (Bay of Bengal),17.6868,83.2185,4.5,2014 Very Severe Cyclone Hudhud,2014-10-24T10:00,0.0,1005.7,7.2,21.2,0.235,0.251,0.299
vizag_harbor,Visakhapatnam,Andhra Pradesh,East Coast (Bay of Bengal),17.6868,83.2185,4.5,2014 Very Severe Cyclone Hudhud,2014-10-24T11:00,0.0,1005.6,6.9,16.6,0.234,0.25,0.299
vizag_harbor,Visakhapatnam,Andhra Pradesh,East Coast (Bay of Bengal),17.6868,83.2185,4.5,2014 Very Severe Cyclone Hudhud,2014-10-24T12:00,0.0,1005.8,7.2,13.3,0.234,0.25,0.299
vizag_harbor,Visakhapatnam,Andhra Pradesh,East Coast (Bay of Bengal),17.6868,83.2185,4.5,2014 Very Severe Cyclone Hudhud,2014-10-24T13:00,0.0,1006.7,7.7,13.3,0.234,0.25,0.299
vizag_harbor,Visakhapatnam,Andhra Pradesh,East Coast (Bay of Bengal),17.6868,83.2185,4.5,2014 Very Severe Cyclone Hudhud,2014-10-24T14:00,0.0,1007.1,8.3,12.6,0.234,0.25,0.299
vizag_harbor,Visakhapatnam,Andhra Pradesh,East Coast (Bay of Bengal),17.6868,83.2185,4.5,2014 Very Severe Cyclone Hudhud,2014-10-24T15:00,0.0,1007.6,8.5,12.6,0.234,0.25,0.299
vizag_harbor,Visakhapatnam,Andhra Pradesh,East Coast (Bay of Bengal),17.6868,83.2185,4.5,2014 Very Severe Cyclone Hudhud,2014-10-24T16:00,0.0,1007.8,8.0,11.9,0.234,0.25,0.299
vizag_harbor,Visakhapatnam,Andhra Pradesh,East Coast (Bay of Bengal),17.6868,83.2185,4.5,2014 Very Severe Cyclone Hudhud,2014-10-24T17:00,0.0,1007.5,6.9,11.2,0.235,0.25,0.299
vizag_harbor,Visakhapatnam,Andhra Pradesh,East Coast (Bay of Bengal),17.6868,83.2185,4.5,2014 Very Severe Cyclone Hudhud,2014-10-24T18:00,0.0,1007.2,6.0,10.8,0.235,0.25,0.298
vizag_harbor,Visakhapatnam,Andhra Pradesh,East Coast (Bay of Bengal),17.6868,83.2185,4.5,2014 Very Severe Cyclone Hudhud,2014-10-24T19:00,0.0,1007.1,4.7,10.4,0.235,0.25,0.298
vizag_harbor,Visakhapatnam,Andhra Pradesh,East Coast (Bay of Bengal),17.6868,83.2185,4.5,2014 Very Severe Cyclone Hudhud,2014-10-24T20:00,0.0,1006.9,4.0,9.0,0.235,0.25,0.298
vizag_harbor,Visakhapatnam,Andhra Pradesh,East Coast (Bay of Bengal),17.6868,83.2185,4.5,2014 Very Severe Cyclone Hudhud,2014-10-24T21:00,0.0,1006.8,4.3,8.6,0.236,0.25,0.298
vizag_harbor,Visakhapatnam,Andhra Pradesh,East Coast (Bay of Bengal),17.6868,83.2185,4.5,2014 Very Severe Cyclone Hudhud,2014-10-24T22:00,0.0,1007.1,3.0,8.6,0.236,0.25,0.298
vizag_harbor,Visakhapatnam,Andhra Pradesh,East Coast (Bay of Bengal),17.6868,83.2185,4.5,2014 Very Severe Cyclone Hudhud,2014-10-24T23:00,0.0,1006.7,4.0,9.4,0.237,0.25,0.298
vizag_harbor,Visakhapatnam,Andhra Pradesh,East Coast (Bay of Bengal),17.6868,83.2185,4.5,2014 Very Severe Cyclone Hudhud,2014-10-25T00:00,0.0,1007.1,3.6,10.4,0.237,0.25,0.298
vizag_harbor,Visakhapatnam,Andhra Pradesh,East Coast (Bay of Bengal),17.6868,83.2185,4.5,2014 Very Severe Cyclone Hudhud,2014-10-25T01:00,0.0,1008.1,6.5,12.2,0.237,0.25,0.298
vizag_harbor,Visakhapatnam,Andhra Pradesh,East Coast (Bay of Bengal),17.6868,83.2185,4.5,2014 Very Severe Cyclone Hudhud,2014-10-25T02:00,0.0,1009.2,8.1,15.8,0.238,0.25,0.298
vizag_harbor,Visakhapatnam,Andhra Pradesh,East Coast (Bay of Bengal),17.6868,83.2185,4.5,2014 Very Severe Cyclone Hudhud,2014-10-25T03:00,0.1,1009.9,9.0,20.5,0.239,0.25,0.298
vizag_harbor,Visakhapatnam,Andhra Pradesh,East Coast (Bay of Bengal),17.6868,83.2185,4.5,2014 Very Severe Cyclone Hudhud,2014-10-25T04:00,0.0,1010.2,8.0,21.2,0.238,0.249,0.298
vizag_harbor,Visakhapatnam,Andhra Pradesh,East Coast (Bay of Bengal),17.6868,83.2185,4.5,2014 Very Severe Cyclone Hudhud,2014-10-25T05:00,0.0,1009.4,6.6,21.2,0.237,0.249,0.297
vizag_harbor,Visakhapatnam,Andhra Pradesh,East Coast (Bay of Bengal),17.6868,83.2185,4.5,2014 Very Severe Cyclone Hudhud,2014-10-25T06:00,0.0,1008.4,5.8,20.2,0.235,0.248,0.297
vizag_harbor,Visakhapatnam,Andhra Pradesh,East Coast (Bay of Bengal),17.6868,83.2185,4.5,2014 Very Severe Cyclone Hudhud,2014-10-25T07:00,0.0,1007.2,5.8,16.2,0.233,0.247,0.297
vizag_harbor,Visakhapatnam,Andhra Pradesh,East Coast (Bay of Bengal),17.6868,83.2185,4.5,2014 Very Severe Cyclone Hudhud,2014-10-25T08:00,0.0,1006.3,6.5,16.2,0.231,0.246,0.296
vizag_harbor,Visakhapatnam,Andhra Pradesh,East Coast (Bay of Bengal),17.6868,83.2185,4.5,2014 Very Severe Cyclone Hudhud,2014-10-25T09:00,0.0,1005.3,8.7,18.4,0.23,0.246,0.296
vizag_harbor,Visakhapatnam,Andhra Pradesh,East Coast (Bay of Bengal),17.6868,83.2185,4.5,2014 Very Severe Cyclone Hudhud,2014-10-25T10:00,0.0,1005.0,5.4,19.1,0.229,0.245,0.296
vizag_harbor,Visakhapatnam,Andhra Pradesh,East Coast (Bay of Bengal),17.6868,83.2185,4.5,2014 Very Severe Cyclone Hudhud,2014-10-25T11:00,0.0,1005.0,6.5,16.6,0.229,0.245,0.296
vizag_harbor,Visakhapatnam,Andhra Pradesh,East Coast (Bay of Bengal),17.6868,83.2185,4.5,2014 Very Severe Cyclone Hudhud,2014-10-25T12:00,0.0,1005.5,6.6,13.3,0.229,0.245,0.296
vizag_harbor,Visakhapatnam,Andhra Pradesh,East Coast (Bay of Bengal),17.6868,83.2185,4.5,2014 Very Severe Cyclone Hudhud,2014-10-25T13:00,0.0,1006.5,6.9,11.2,0.229,0.245,0.296
vizag_harbor,Visakhapatnam,Andhra Pradesh,East Coast (Bay of Bengal),17.6868,83.2185,4.5,2014 Very Severe Cyclone Hudhud,2014-10-25T14:00,0.0,1007.2,6.6,11.9,0.229,0.245,0.295
vizag_harbor,Visakhapatnam,Andhra Pradesh,East Coast (Bay of Bengal),17.6868,83.2185,4.5,2014 Very Severe Cyclone Hudhud,2014-10-25T15:00,0.0,1008.0,6.9,11.9,0.229,0.245,0.295
vizag_harbor,Visakhapatnam,Andhra Pradesh,East Coast (Bay of Bengal),17.6868,83.2185,4.5,2014 Very Severe Cyclone Hudhud,2014-10-25T16:00,0.0,1008.2,7.0,11.9,0.229,0.245,0.295
vizag_harbor,Visakhapatnam,Andhra Pradesh,East Coast (Bay of Bengal),17.6868,83.2185,4.5,2014 Very Severe Cyclone Hudhud,2014-10-25T17:00,0.0,1008.3,6.1,11.9,0.229,0.245,0.295
vizag_harbor,Visakhapatnam,Andhra Pradesh,East Coast (Bay of Bengal),17.6868,83.2185,4.5,2014 Very Severe Cyclone Hudhud,2014-10-25T18:00,0.0,1007.8,5.4,11.9,0.229,0.245,0.295
vizag_harbor,Visakhapatnam,Andhra Pradesh,East Coast (Bay of Bengal),17.6868,83.2185,4.5,2014 Very Severe Cyclone Hudhud,2014-10-25T19:00,0.0,1007.8,5.0,10.8,0.229,0.245,0.295
vizag_harbor,Visakhapatnam,Andhra Pradesh,East Coast (Bay of Bengal),17.6868,83.2185,4.5,2014 Very Severe Cyclone Hudhud,2014-10-25T20:00,0.0,1007.3,5.0,9.7,0.229,0.245,0.295
vizag_harbor,Visakhapatnam,Andhra Pradesh,East Coast (Bay of Bengal),17.6868,83.2185,4.5,2014 Very Severe Cyclone Hudhud,2014-10-25T21:00,0.0,1007.4,5.6,10.8,0.23,0.245,0.295
vizag_harbor,Visakhapatnam,Andhra Pradesh,East Coast (Bay of Bengal),17.6868,83.2185,4.5,2014 Very Severe Cyclone Hudhud,2014-10-25T22:00,0.0,1007.7,5.8,11.5,0.23,0.245,0.295
vizag_harbor,Visakhapatnam,Andhra Pradesh,East Coast (Bay of Bengal),17.6868,83.2185,4.5,2014 Very Severe Cyclone Hudhud,2014-10-25T23:00,0.0,1007.5,6.2,13.0,0.23,0.245,0.295
vizag_harbor,Visakhapatnam,Andhra Pradesh,East Coast (Bay of Bengal),17.6868,83.2185,4.5,2014 Very Severe Cyclone Hudhud,2014-10-26T00:00,0.0,1008.1,5.8,14.0,0.231,0.245,0.295
vizag_harbor,Visakhapatnam,Andhra Pradesh,East Coast (Bay of Bengal),17.6868,83.2185,4.5,2014 Very Severe Cyclone Hudhud,2014-10-26T01:00,0.0,1009.2,7.2,14.4,0.232,0.245,0.295
vizag_harbor,Visakhapatnam,Andhra Pradesh,East Coast (Bay of Bengal),17.6868,83.2185,4.5,2014 Very Severe Cyclone Hudhud,2014-10-26T02:00,0.1,1010.4,7.9,14.8,0.234,0.245,0.294
vizag_harbor,Visakhapatnam,Andhra Pradesh,East Coast (Bay of Bengal),17.6868,83.2185,4.5,2014 Very Severe Cyclone Hudhud,2014-10-26T03:00,0.2,1011.0,9.5,16.9,0.237,0.245,0.294
vizag_harbor,Visakhapatnam,Andhra Pradesh,East Coast (Bay of Bengal),17.6868,83.2185,4.5,2014 Very Severe Cyclone Hudhud,2014-10-26T04:00,0.2,1011.5,11.4,20.5,0.238,0.245,0.294
vizag_harbor,Visakhapatnam,Andhra Pradesh,East Coast (Bay of Bengal),17.6868,83.2185,4.5,2014 Very Severe Cyclone Hudhud,2014-10-26T05:00,0.1,1011.2,12.0,21.2,0.239,0.245,0.294
vizag_harbor,Visakhapatnam,Andhra Pradesh,East Coast (Bay of Bengal),17.6868,83.2185,4.5,2014 Very Severe Cyclone Hudhud,2014-10-26T06:00,0.1,1010.5,12.1,20.2,0.24,0.245,0.294
vizag_harbor,Visakhapatnam,Andhra Pradesh,East Coast (Bay of Bengal),17.6868,83.2185,4.5,2014 Very Severe Cyclone Hudhud,2014-10-26T07:00,0.0,1009.6,12.0,23.0,0.238,0.244,0.294
vizag_harbor,Visakhapatnam,Andhra Pradesh,East Coast (Bay of Bengal),17.6868,83.2185,4.5,2014 Very Severe Cyclone Hudhud,2014-10-26T08:00,0.0,1008.4,11.2,22.3,0.237,0.244,0.294
vizag_harbor,Visakhapatnam,Andhra Pradesh,East Coast (Bay of Bengal),17.6868,83.2185,4.5,2014 Very Severe Cyclone Hudhud,2014-10-26T09:00,0.0,1007.7,10.6,20.9,0.235,0.243,0.293
vizag_harbor,Visakhapatnam,Andhra Pradesh,East Coast (Bay of Bengal),17.6868,83.2185,4.5,2014 Very Severe Cyclone Hudhud,2014-10-26T10:00,0.0,1007.9,11.8,19.4,0.234,0.243,0.293
vizag_harbor,Visakhapatnam,Andhra Pradesh,East Coast (Bay of Bengal),17.6868,83.2185,4.5,2014 Very Severe Cyclone Hudhud,2014-10-26T11:00,0.0,1007.5,9.9,18.7,0.234,0.242,0.293
vizag_harbor,Visakhapatnam,Andhra Pradesh,East Coast (Bay of Bengal),17.6868,83.2185,4.5,2014 Very Severe Cyclone Hudhud,2014-10-26T12:00,0.0,1008.0,8.4,15.8,0.233,0.242,0.293
vizag_harbor,Visakhapatnam,Andhra Pradesh,East Coast (Bay of Bengal),17.6868,83.2185,4.5,2014 Very Severe Cyclone Hudhud,2014-10-26T13:00,0.0,1008.8,9.3,14.4,0.233,0.242,0.293
vizag_harbor,Visakhapatnam,Andhra Pradesh,East Coast (Bay of Bengal),17.6868,83.2185,4.5,2014 Very Severe Cyclone Hudhud,2014-10-26T14:00,0.0,1009.5,9.7,14.4,0.233,0.242,0.293
vizag_harbor,Visakhapatnam,Andhra Pradesh,East Coast (Bay of Bengal),17.6868,83.2185,4.5,2014 Very Severe Cyclone Hudhud,2014-10-26T15:00,0.0,1010.2,10.0,14.0,0.233,0.242,0.293
vizag_harbor,Visakhapatnam,Andhra Pradesh,East Coast (Bay of Bengal),17.6868,83.2185,4.5,2014 Very Severe Cyclone Hudhud,2014-10-26T16:00,0.0,1010.4,10.7,14.8,0.233,0.242,0.292
vizag_harbor,Visakhapatnam,Andhra Pradesh,East Coast (Bay of Bengal),17.6868,83.2185,4.5,2014 Very Severe Cyclone Hudhud,2014-10-26T17:00,0.0,1010.3,9.4,14.8,0.233,0.242,0.292
vizag_harbor,Visakhapatnam,Andhra Pradesh,East Coast (Bay of Bengal),17.6868,83.2185,4.5,2014 Very Severe Cyclone Hudhud,2014-10-26T18:00,0.0,1010.1,9.2,14.8,0.233,0.242,0.292
vizag_harbor,Visakhapatnam,Andhra Pradesh,East Coast (Bay of Bengal),17.6868,83.2185,4.5,2014 Very Severe Cyclone Hudhud,2014-10-26T19:00,0.0,1009.7,10.6,17.6,0.233,0.242,0.292
vizag_harbor,Visakhapatnam,Andhra Pradesh,East Coast (Bay of Bengal),17.6868,83.2185,4.5,2014 Very Severe Cyclone Hudhud,2014-10-26T20:00,0.0,1008.6,11.7,19.4,0.233,0.242,0.292
vizag_harbor,Visakhapatnam,Andhra Pradesh,East Coast (Bay of Bengal),17.6868,83.2185,4.5,2014 Very Severe Cyclone Hudhud,2014-10-26T21:00,0.0,1007.8,11.7,20.5,0.233,0.243,0.292
vizag_harbor,Visakhapatnam,Andhra Pradesh,East Coast (Bay of Bengal),17.6868,83.2185,4.5,2014 Very Severe Cyclone Hudhud,2014-10-26T22:00,0.0,1008.2,12.6,20.5,0.233,0.243,0.292
vizag_harbor,Visakhapatnam,Andhra Pradesh,East Coast (Bay of Bengal),17.6868,83.2185,4.5,2014 Very Severe Cyclone Hudhud,2014-10-26T23:00,0.0,1007.7,12.7,20.9,0.234,0.243,0.292
vizag_harbor,Visakhapatnam,Andhra Pradesh,East Coast (Bay of Bengal),17.6868,83.2185,4.5,2014 Very Severe Cyclone Hudhud,2014-10-27T00:00,0.0,1007.8,13.0,20.9,0.234,0.243,0.292
vizag_harbor,Visakhapatnam,Andhra Pradesh,East Coast (Bay of Bengal),17.6868,83.2185,4.5,2014 Very Severe Cyclone Hudhud,2014-10-27T01:00,0.0,1008.5,12.9,20.9,0.234,0.243,0.292
vizag_harbor,Visakhapatnam,Andhra Pradesh,East Coast (Bay of Bengal),17.6868,83.2185,4.5,2014 Very Severe Cyclone Hudhud,2014-10-27T02:00,0.0,1009.6,14.0,22.7,0.235,0.243,0.292
vizag_harbor,Visakhapatnam,Andhra Pradesh,East Coast (Bay of Bengal),17.6868,83.2185,4.5,2014 Very Severe Cyclone Hudhud,2014-10-27T03:00,0.0,1010.0,15.5,26.3,0.235,0.242,0.291
vizag_harbor,Visakhapatnam,Andhra Pradesh,East Coast (Bay of Bengal),17.6868,83.2185,4.5,2014 Very Severe Cyclone Hudhud,2014-10-27T04:00,0.0,1010.5,15.5,29.5,0.234,0.242,0.291
vizag_harbor,Visakhapatnam,Andhra Pradesh,East Coast (Bay of Bengal),17.6868,83.2185,4.5,2014 Very Severe Cyclone Hudhud,2014-10-27T05:00,0.0,1010.4,14.4,29.9,0.232,0.241,0.291
vizag_harbor,Visakhapatnam,Andhra Pradesh,East Coast (Bay of Bengal),17.6868,83.2185,4.5,2014 Very Severe Cyclone Hudhud,2014-10-27T06:00,0.0,1009.5,12.9,28.4,0.231,0.241,0.291
vizag_harbor,Visakhapatnam,Andhra Pradesh,East Coast (Bay of Bengal),17.6868,83.2185,4.5,2014 Very Severe Cyclone Hudhud,2014-10-27T07:00,0.0,1008.8,12.0,24.1,0.23,0.24,0.29
vizag_harbor,Visakhapatnam,Andhra Pradesh,East Coast (Bay of Bengal),17.6868,83.2185,4.5,2014 Very Severe Cyclone Hudhud,2014-10-27T08:00,0.3,1007.8,11.6,24.5,0.232,0.24,0.29
vizag_harbor,Visakhapatnam,Andhra Pradesh,East Coast (Bay of Bengal),17.6868,83.2185,4.5,2014 Very Severe Cyclone Hudhud,2014-10-27T09:00,0.4,1007.4,9.7,23.0,0.235,0.24,0.29
vizag_harbor,Visakhapatnam,Andhra Pradesh,East Coast (Bay of Bengal),17.6868,83.2185,4.5,2014 Very Severe Cyclone Hudhud,2014-10-27T10:00,1.1,1006.9,10.5,20.2,0.246,0.24,0.29
vizag_harbor,Visakhapatnam,Andhra Pradesh,East Coast (Bay of Bengal),17.6868,83.2185,4.5,2014 Very Severe Cyclone Hudhud,2014-10-27T11:00,1.2,1007.4,10.3,18.0,0.257,0.24,0.29
vizag_harbor,Visakhapatnam,Andhra Pradesh,East Coast (Bay of Bengal),17.6868,83.2185,4.5,2014 Very Severe Cyclone Hudhud,2014-10-27T12:00,0.3,1007.3,10.2,15.8,0.259,0.24,0.29
vizag_harbor,Visakhapatnam,Andhra Pradesh,East Coast (Bay of Bengal),17.6868,83.2185,4.5,2014 Very Severe Cyclone Hudhud,2014-10-27T13:00,0.2,1008.3,12.3,18.0,0.261,0.24,0.29
vizag_harbor,Visakhapatnam,Andhra Pradesh,East Coast (Bay of Bengal),17.6868,83.2185,4.5,2014 Very Severe Cyclone Hudhud,2014-10-27T14:00,0.2,1008.9,12.6,18.7,0.264,0.24,0.29
vizag_harbor,Visakhapatnam,Andhra Pradesh,East Coast (Bay of Bengal),17.6868,83.2185,4.5,2014 Very Severe Cyclone Hudhud,2014-10-27T15:00,0.3,1009.6,12.1,18.0,0.267,0.241,0.29
vizag_harbor,Visakhapatnam,Andhra Pradesh,East Coast (Bay of Bengal),17.6868,83.2185,4.5,2014 Very Severe Cyclone Hudhud,2014-10-27T16:00,0.2,1009.6,10.7,14.4,0.269,0.241,0.29
vizag_harbor,Visakhapatnam,Andhra Pradesh,East Coast (Bay of Bengal),17.6868,83.2185,4.5,2014 Very Severe Cyclone Hudhud,2014-10-27T17:00,0.0,1009.2,9.7,12.2,0.27,0.241,0.289
vizag_harbor,Visakhapatnam,Andhra Pradesh,East Coast (Bay of Bengal),17.6868,83.2185,4.5,2014 Very Severe Cyclone Hudhud,2014-10-27T18:00,0.1,1008.7,9.3,11.5,0.27,0.242,0.289
vizag_harbor,Visakhapatnam,Andhra Pradesh,East Coast (Bay of Bengal),17.6868,83.2185,4.5,2014 Very Severe Cyclone Hudhud,2014-10-27T19:00,0.0,1008.4,8.2,16.2,0.27,0.242,0.289
vizag_harbor,Visakhapatnam,Andhra Pradesh,East Coast (Bay of Bengal),17.6868,83.2185,4.5,2014 Very Severe Cyclone Hudhud,2014-10-27T20:00,0.0,1007.6,8.5,16.6,0.27,0.242,0.289
vizag_harbor,Visakhapatnam,Andhra Pradesh,East Coast (Bay of Bengal),17.6868,83.2185,4.5,2014 Very Severe Cyclone Hudhud,2014-10-27T21:00,0.0,1007.1,9.7,18.0,0.269,0.243,0.289
vizag_harbor,Visakhapatnam,Andhra Pradesh,East Coast (Bay of Bengal),17.6868,83.2185,4.5,2014 Very Severe Cyclone Hudhud,2014-10-27T22:00,0.0,1007.3,13.1,20.5,0.269,0.243,0.289
vizag_harbor,Visakhapatnam,Andhra Pradesh,East Coast (Bay of Bengal),17.6868,83.2185,4.5,2014 Very Severe Cyclone Hudhud,2014-10-27T23:00,0.0,1007.2,14.0,20.9,0.269,0.243,0.289
vizag_harbor,Visakhapatnam,Andhra Pradesh,East Coast (Bay of Bengal),17.6868,83.2185,4.5,2014 Very Severe Cyclone Hudhud,2014-10-28T00:00,0.2,1007.3,13.4,21.6,0.27,0.244,0.289
vizag_harbor,Visakhapatnam,Andhra Pradesh,East Coast (Bay of Bengal),17.6868,83.2185,4.5,2014 Very Severe Cyclone Hudhud,2014-10-28T01:00,0.2,1008.0,13.2,21.6,0.271,0.244,0.289
vizag_harbor,Visakhapatnam,Andhra Pradesh,East Coast (Bay of Bengal),17.6868,83.2185,4.5,2014 Very Severe Cyclone Hudhud,2014-10-28T02:00,0.2,1008.7,13.6,20.9,0.272,0.244,0.289
vizag_harbor,Visakhapatnam,Andhra Pradesh,East Coast (Bay of Bengal),17.6868,83.2185,4.5,2014 Very Severe Cyclone Hudhud,2014-10-28T03:00,0.3,1009.0,15.4,21.6,0.273,0.244,0.289
vizag_harbor,Visakhapatnam,Andhra Pradesh,East Coast (Bay of Bengal),17.6868,83.2185,4.5,2014 Very Severe Cyclone Hudhud,2014-10-28T04:00,0.4,1009.3,15.5,22.7,0.276,0.245,0.289
vizag_harbor,Visakhapatnam,Andhra Pradesh,East Coast (Bay of Bengal),17.6868,83.2185,4.5,2014 Very Severe Cyclone Hudhud,2014-10-28T05:00,0.1,1009.0,16.0,25.2,0.276,0.245,0.289
vizag_harbor,Visakhapatnam,Andhra Pradesh,East Coast (Bay of Bengal),17.6868,83.2185,4.5,2014 Very Severe Cyclone Hudhud,2014-10-28T06:00,0.0,1008.0,16.3,29.2,0.274,0.245,0.288
vizag_harbor,Visakhapatnam,Andhra Pradesh,East Coast (Bay of Bengal),17.6868,83.2185,4.5,2014 Very Severe Cyclone Hudhud,2014-10-28T07:00,0.0,1006.9,15.4,28.8,0.271,0.245,0.288
vizag_harbor,Visakhapatnam,Andhra Pradesh,East Coast (Bay of Bengal),17.6868,83.2185,4.5,2014 Very Severe Cyclone Hudhud,2014-10-28T08:00,0.0,1005.8,15.0,28.1,0.268,0.245,0.288
vizag_harbor,Visakhapatnam,Andhra Pradesh,East Coast (Bay of Bengal),17.6868,83.2185,4.5,2014 Very Severe Cyclone Hudhud,2014-10-28T09:00,0.0,1005.4,14.5,27.4,0.266,0.244,0.288
vizag_harbor,Visakhapatnam,Andhra Pradesh,East Coast (Bay of Bengal),17.6868,83.2185,4.5,2014 Very Severe Cyclone Hudhud,2014-10-28T10:00,0.0,1005.3,12.9,25.9,0.264,0.244,0.288
vizag_harbor,Visakhapatnam,Andhra Pradesh,East Coast (Bay of Bengal),17.6868,83.2185,4.5,2014 Very Severe Cyclone Hudhud,2014-10-28T11:00,0.0,1005.4,12.6,23.4,0.263,0.244,0.287
vizag_harbor,Visakhapatnam,Andhra Pradesh,East Coast (Bay of Bengal),17.6868,83.2185,4.5,2014 Very Severe Cyclone Hudhud,2014-10-28T12:00,0.0,1005.7,11.4,21.6,0.262,0.244,0.287
vizag_harbor,Visakhapatnam,Andhra Pradesh,East Coast (Bay of Bengal),17.6868,83.2185,4.5,2014 Very Severe Cyclone Hudhud,2014-10-28T13:00,0.0,1006.5,9.5,19.1,0.262,0.245,0.287
vizag_harbor,Visakhapatnam,Andhra Pradesh,East Coast (Bay of Bengal),17.6868,83.2185,4.5,2014 Very Severe Cyclone Hudhud,2014-10-28T14:00,0.0,1007.2,8.9,16.2,0.261,0.245,0.287
vizag_harbor,Visakhapatnam,Andhra Pradesh,East Coast (Bay of Bengal),17.6868,83.2185,4.5,2014 Very Severe Cyclone Hudhud,2014-10-28T15:00,0.0,1007.8,9.3,14.4,0.261,0.245,0.287
vizag_harbor,Visakhapatnam,Andhra Pradesh,East Coast (Bay of Bengal),17.6868,83.2185,4.5,2014 Very Severe Cyclone Hudhud,2014-10-28T16:00,0.0,1008.0,9.5,16.2,0.26,0.245,0.287
vizag_harbor,Visakhapatnam,Andhra Pradesh,East Coast (Bay of Bengal),17.6868,83.2185,4.5,2014 Very Severe Cyclone Hudhud,2014-10-28T17:00,0.0,1007.9,9.4,16.6,0.26,0.245,0.287
vizag_harbor,Visakhapatnam,Andhra Pradesh,East Coast (Bay of Bengal),17.6868,83.2185,4.5,2014 Very Severe Cyclone Hudhud,2014-10-28T18:00,0.0,1007.8,9.4,15.1,0.26,0.245,0.287
vizag_harbor,Visakhapatnam,Andhra Pradesh,East Coast (Bay of Bengal),17.6868,83.2185,4.5,2014 Very Severe Cyclone Hudhud,2014-10-28T19:00,0.0,1007.6,9.4,16.6,0.26,0.245,0.287
vizag_harbor,Visakhapatnam,Andhra Pradesh,East Coast (Bay of Bengal),17.6868,83.2185,4.5,2014 Very Severe Cyclone Hudhud,2014-10-28T20:00,0.0,1007.4,10.1,17.3,0.26,0.246,0.287
vizag_harbor,Visakhapatnam,Andhra Pradesh,East Coast (Bay of Bengal),17.6868,83.2185,4.5,2014 Very Severe Cyclone Hudhud,2014-10-28T21:00,0.0,1007.1,10.7,17.6,0.26,0.246,0.287
vizag_harbor,Visakhapatnam,Andhra Pradesh,East Coast (Bay of Bengal),17.6868,83.2185,4.5,2014 Very Severe Cyclone Hudhud,2014-10-28T22:00,0.0,1007.4,11.0,18.0,0.26,0.246,0.287
vizag_harbor,Visakhapatnam,Andhra Pradesh,East Coast (Bay of Bengal),17.6868,83.2185,4.5,2014 Very Severe Cyclone Hudhud,2014-10-28T23:00,0.0,1007.2,10.7,18.0,0.26,0.246,0.287
vizag_harbor,Visakhapatnam,Andhra Pradesh,East Coast (Bay of Bengal),17.6868,83.2185,4.5,2014 Very Severe Cyclone Hudhud,2014-10-29T00:00,0.0,1007.5,10.7,18.0,0.259,0.246,0.286
vizag_harbor,Visakhapatnam,Andhra Pradesh,East Coast (Bay of Bengal),17.6868,83.2185,4.5,2014 Very Severe Cyclone Hudhud,2014-10-29T01:00,0.0,1008.2,11.8,19.1,0.259,0.246,0.286
vizag_harbor,Visakhapatnam,Andhra Pradesh,East Coast (Bay of Bengal),17.6868,83.2185,4.5,2014 Very Severe Cyclone Hudhud,2014-10-29T02:00,0.0,1009.0,12.2,22.0,0.258,0.246,0.286
vizag_harbor,Visakhapatnam,Andhra Pradesh,East Coast (Bay of Bengal),17.6868,83.2185,4.5,2014 Very Severe Cyclone Hudhud,2014-10-29T03:00,0.0,1009.3,14.2,25.6,0.257,0.246,0.286
vizag_harbor,Visakhapatnam,Andhra Pradesh,East Coast (Bay of Bengal),17.6868,83.2185,4.5,2014 Very Severe Cyclone Hudhud,2014-10-29T04:00,0.0,1009.4,16.3,29.5,0.255,0.246,0.286
vizag_harbor,Visakhapatnam,Andhra Pradesh,East Coast (Bay of Bengal),17.6868,83.2185,4.5,2014 Very Severe Cyclone Hudhud,2014-10-29T05:00,0.0,1008.8,17.1,31.7,0.252,0.245,0.286
vizag_harbor,Visakhapatnam,Andhra Pradesh,East Coast (Bay of Bengal),17.6868,83.2185,4.5,2014 Very Severe Cyclone Hudhud,2014-10-29T06:00,0.0,1007.8,16.8,31.7,0.25,0.244,0.285
vizag_harbor,Visakhapatnam,Andhra Pradesh,East Coast (Bay of Bengal),17.6868,83.2185,4.5,2014 Very Severe Cyclone Hudhud,2014-10-29T07:00,0.0,1007.0,16.3,30.6,0.247,0.243,0.285
vizag_harbor,Visakhapatnam,Andhra Pradesh,East Coast (Bay of Bengal),17.6868,83.2185,4.5,2014 Very Severe Cyclone Hudhud,2014-10-29T08:00,0.0,1006.2,15.9,29.5,0.244,0.242,0.285
vizag_harbor,Visakhapatnam,Andhra Pradesh,East Coast (Bay of Bengal),17.6868,83.2185,4.5,2014 Very Severe Cyclone Hudhud,2014-10-29T09:00,0.0,1005.6,15.6,28.1,0.242,0.241,0.284
vizag_harbor,Visakhapatnam,Andhra Pradesh,East Coast (Bay of Bengal),17.6868,83.2185,4.5,2014 Very Severe Cyclone Hudhud,2014-10-29T10:00,0.0,1005.4,15.7,28.1,0.24,0.241,0.284
vizag_harbor,Visakhapatnam,Andhra Pradesh,East Coast (Bay of Bengal),17.6868,83.2185,4.5,2014 Very Severe Cyclone Hudhud,2014-10-29T11:00,0.0,1005.8,15.9,28.4,0.239,0.241,0.284
vizag_harbor,Visakhapatnam,Andhra Pradesh,East Coast (Bay of Bengal),17.6868,83.2185,4.5,2014 Very Severe Cyclone Hudhud,2014-10-29T12:00,0.0,1005.8,15.9,28.1,0.239,0.241,0.284
vizag_harbor,Visakhapatnam,Andhra Pradesh,East Coast (Bay of Bengal),17.6868,83.2185,4.5,2014 Very Severe Cyclone Hudhud,2014-10-29T13:00,0.0,1006.2,15.7,27.7,0.238,0.241,0.284
vizag_harbor,Visakhapatnam,Andhra Pradesh,East Coast (Bay of Bengal),17.6868,83.2185,4.5,2014 Very Severe Cyclone Hudhud,2014-10-29T14:00,0.0,1006.6,14.0,27.0,0.238,0.241,0.284
vizag_harbor,Visakhapatnam,Andhra Pradesh,East Coast (Bay of Bengal),17.6868,83.2185,4.5,2014 Very Severe Cyclone Hudhud,2014-10-29T15:00,0.0,1007.5,12.4,24.8,0.238,0.241,0.284
vizag_harbor,Visakhapatnam,Andhra Pradesh,East Coast (Bay of Bengal),17.6868,83.2185,4.5,2014 Very Severe Cyclone Hudhud,2014-10-29T16:00,0.0,1007.6,11.2,22.0,0.238,0.241,0.284
vizag_harbor,Visakhapatnam,Andhra Pradesh,East Coast (Bay of Bengal),17.6868,83.2185,4.5,2014 Very Severe Cyclone Hudhud,2014-10-29T17:00,0.0,1007.6,10.4,19.4,0.238,0.241,0.283
vizag_harbor,Visakhapatnam,Andhra Pradesh,East Coast (Bay of Bengal),17.6868,83.2185,4.5,2014 Very Severe Cyclone Hudhud,2014-10-29T18:00,0.0,1007.3,9.8,18.0,0.239,0.241,0.283
vizag_harbor,Visakhapatnam,Andhra Pradesh,East Coast (Bay of Bengal),17.6868,83.2185,4.5,2014 Very Severe Cyclone Hudhud,2014-10-29T19:00,0.0,1007.5,9.0,17.3,0.239,0.241,0.283
vizag_harbor,Visakhapatnam,Andhra Pradesh,East Coast (Bay of Bengal),17.6868,83.2185,4.5,2014 Very Severe Cyclone Hudhud,2014-10-29T20:00,0.0,1006.9,8.6,15.8,0.239,0.241,0.283
vizag_harbor,Visakhapatnam,Andhra Pradesh,East Coast (Bay of Bengal),17.6868,83.2185,4.5,2014 Very Severe Cyclone Hudhud,2014-10-29T21:00,0.0,1006.8,9.1,15.8,0.24,0.241,0.283
vizag_harbor,Visakhapatnam,Andhra Pradesh,East Coast (Bay of Bengal),17.6868,83.2185,4.5,2014 Very Severe Cyclone Hudhud,2014-10-29T22:00,0.0,1006.7,10.8,15.8,0.24,0.241,0.283
vizag_harbor,Visakhapatnam,Andhra Pradesh,East Coast (Bay of Bengal),17.6868,83.2185,4.5,2014 Very Severe Cyclone Hudhud,2014-10-29T23:00,0.0,1006.6,10.1,16.6,0.24,0.241,0.283
vizag_harbor,Visakhapatnam,Andhra Pradesh,East Coast (Bay of Bengal),17.6868,83.2185,4.5,2014 Very Severe Cyclone Hudhud,2014-10-30T00:00,0.0,1006.9,9.7,16.9,0.24,0.241,0.283
vizag_harbor,Visakhapatnam,Andhra Pradesh,East Coast (Bay of Bengal),17.6868,83.2185,4.5,2014 Very Severe Cyclone Hudhud,2014-10-30T01:00,0.0,1007.4,10.5,18.0,0.24,0.241,0.283
vizag_harbor,Visakhapatnam,Andhra Pradesh,East Coast (Bay of Bengal),17.6868,83.2185,4.5,2014 Very Severe Cyclone Hudhud,2014-10-30T02:00,0.0,1008.4,11.9,22.3,0.239,0.241,0.283
vizag_harbor,Visakhapatnam,Andhra Pradesh,East Coast (Bay of Bengal),17.6868,83.2185,4.5,2014 Very Severe Cyclone Hudhud,2014-10-30T03:00,0.0,1008.7,14.8,27.0,0.238,0.241,0.283
vizag_harbor,Visakhapatnam,Andhra Pradesh,East Coast (Bay of Bengal),17.6868,83.2185,4.5,2014 Very Severe Cyclone Hudhud,2014-10-30T04:00,0.0,1008.9,18.4,32.0,0.237,0.24,0.282
vizag_harbor,Visakhapatnam,Andhra Pradesh,East Coast (Bay of Bengal),17.6868,83.2185,4.5,2014 Very Severe Cyclone Hudhud,2014-10-30T05:00,0.0,1008.4,19.9,36.0,0.234,0.239,0.282
vizag_harbor,Visakhapatnam,Andhra Pradesh,East Coast (Bay of Bengal),17.6868,83.2185,4.5,2014 Very Severe Cyclone Hudhud,2014-10-30T06:00,0.0,1007.3,19.9,37.1,0.232,0.238,0.282
vizag_harbor,Visakhapatnam,Andhra Pradesh,East Coast (Bay of Bengal),17.6868,83.2185,4.5,2014 Very Severe Cyclone Hudhud,2014-10-30T07:00,0.0,1006.6,20.3,35.6,0.229,0.237,0.281
vizag_harbor,Visakhapatnam,Andhra Pradesh,East Coast (Bay of Bengal),17.6868,83.2185,4.5,2014 Very Severe Cyclone Hudhud,2014-10-30T08:00,0.0,1005.6,19.6,35.6,0.227,0.237,0.281
vizag_harbor,Visakhapatnam,Andhra Pradesh,East Coast (Bay of Bengal),17.6868,83.2185,4.5,2014 Very Severe Cyclone Hudhud,2014-10-30T09:00,0.0,1005.2,19.0,34.6,0.225,0.236,0.281
vizag_harbor,Visakhapatnam,Andhra Pradesh,East Coast (Bay of Bengal),17.6868,83.2185,4.5,2014 Very Severe Cyclone Hudhud,2014-10-30T10:00,0.0,1005.1,18.3,33.1,0.224,0.235,0.281
vizag_harbor,Visakhapatnam,Andhra Pradesh,East Coast (Bay of Bengal),17.6868,83.2185,4.5,2014 Very Severe Cyclone Hudhud,2014-10-30T11:00,0.0,1005.3,16.5,31.0,0.223,0.235,0.28
vizag_harbor,Visakhapatnam,Andhra Pradesh,East Coast (Bay of Bengal),17.6868,83.2185,4.5,2014 Very Severe Cyclone Hudhud,2014-10-30T12:00,0.0,1005.5,15.8,28.1,0.223,0.235,0.28
vizag_harbor,Visakhapatnam,Andhra Pradesh,East Coast (Bay of Bengal),17.6868,83.2185,4.5,2014 Very Severe Cyclone Hudhud,2014-10-30T13:00,0.0,1006.0,15.8,26.6,0.223,0.235,0.28
vizag_harbor,Visakhapatnam,Andhra Pradesh,East Coast (Bay of Bengal),17.6868,83.2185,4.5,2014 Very Severe Cyclone Hudhud,2014-10-30T14:00,0.0,1006.9,15.3,25.6,0.222,0.235,0.28
vizag_harbor,Visakhapatnam,Andhra Pradesh,East Coast (Bay of Bengal),17.6868,83.2185,4.5,2014 Very Severe Cyclone Hudhud,2014-10-30T15:00,0.0,1007.4,13.9,24.5,0.222,0.235,0.28
vizag_harbor,Visakhapatnam,Andhra Pradesh,East Coast (Bay of Bengal),17.6868,83.2185,4.5,2014 Very Severe Cyclone Hudhud,2014-10-30T16:00,0.0,1007.7,12.2,22.7,0.222,0.235,0.28
vizag_harbor,Visakhapatnam,Andhra Pradesh,East Coast (Bay of Bengal),17.6868,83.2185,4.5,2014 Very Severe Cyclone Hudhud,2014-10-30T17:00,0.0,1007.7,11.0,20.9,0.222,0.235,0.28
vizag_harbor,Visakhapatnam,Andhra Pradesh,East Coast (Bay of Bengal),17.6868,83.2185,4.5,2014 Very Severe Cyclone Hudhud,2014-10-30T18:00,0.0,1007.5,11.0,19.8,0.222,0.235,0.28
vizag_harbor,Visakhapatnam,Andhra Pradesh,East Coast (Bay of Bengal),17.6868,83.2185,4.5,2014 Very Severe Cyclone Hudhud,2014-10-30T19:00,0.0,1007.1,10.6,18.4,0.222,0.235,0.28
vizag_harbor,Visakhapatnam,Andhra Pradesh,East Coast (Bay of Bengal),17.6868,83.2185,4.5,2014 Very Severe Cyclone Hudhud,2014-10-30T20:00,0.0,1006.7,10.2,18.0,0.223,0.235,0.28
vizag_harbor,Visakhapatnam,Andhra Pradesh,East Coast (Bay of Bengal),17.6868,83.2185,4.5,2014 Very Severe Cyclone Hudhud,2014-10-30T21:00,0.0,1006.4,9.8,17.6,0.223,0.235,0.28
vizag_harbor,Visakhapatnam,Andhra Pradesh,East Coast (Bay of Bengal),17.6868,83.2185,4.5,2014 Very Severe Cyclone Hudhud,2014-10-30T22:00,0.0,1006.1,10.1,17.6,0.223,0.235,0.28
vizag_harbor,Visakhapatnam,Andhra Pradesh,East Coast (Bay of Bengal),17.6868,83.2185,4.5,2014 Very Severe Cyclone Hudhud,2014-10-30T23:00,0.0,1005.6,11.3,19.4,0.223,0.235,0.28
vizag_harbor,Visakhapatnam,Andhra Pradesh,East Coast (Bay of Bengal),17.6868,83.2185,4.5,2014 Very Severe Cyclone Hudhud,2014-10-31T00:00,0.0,1006.1,11.7,20.2,0.223,0.235,0.28
vizag_harbor,Visakhapatnam,Andhra Pradesh,East Coast (Bay of Bengal),17.6868,83.2185,4.5,2014 Very Severe Cyclone Hudhud,2014-10-31T01:00,0.0,1007.0,13.2,21.2,0.223,0.235,0.279
vizag_harbor,Visakhapatnam,Andhra Pradesh,East Coast (Bay of Bengal),17.6868,83.2185,4.5,2014 Very Severe Cyclone Hudhud,2014-10-31T02:00,0.0,1007.9,14.8,23.8,0.222,0.235,0.279
vizag_harbor,Visakhapatnam,Andhra Pradesh,East Coast (Bay of Bengal),17.6868,83.2185,4.5,2014 Very Severe Cyclone Hudhud,2014-10-31T03:00,0.0,1008.1,16.8,26.6,0.221,0.234,0.279
vizag_harbor,Visakhapatnam,Andhra Pradesh,East Coast (Bay of Bengal),17.6868,83.2185,4.5,2014 Very Severe Cyclone Hudhud,2014-10-31T04:00,0.0,1008.5,19.3,31.3,0.22,0.234,0.279
vizag_harbor,Visakhapatnam,Andhra Pradesh,East Coast (Bay of Bengal),17.6868,83.2185,4.5,2014 Very Severe Cyclone Hudhud,2014-10-31T05:00,0.0,1008.2,20.0,33.5,0.218,0.233,0.279
vizag_harbor,Visakhapatnam,Andhra Pradesh,East Coast (Bay of Bengal),17.6868,83.2185,4.5,2014 Very Severe Cyclone Hudhud,2014-10-31T06:00,0.0,1007.3,19.3,33.5,0.215,0.232,0.278
vizag_harbor,Visakhapatnam,Andhra Pradesh,East Coast (Bay of Bengal),17.6868,83.2185,4.5,2014 Very Severe Cyclone Hudhud,2014-10-31T07:00,0.0,1006.4,19.2,34.2,0.213,0.231,0.278
vizag_harbor,Visakhapatnam,Andhra Pradesh,East Coast (Bay of Bengal),17.6868,83.2185,4.5,2014 Very Severe Cyclone Hudhud,2014-10-31T08:00,0.0,1005.1,19.1,33.8,0.211,0.23,0.278
vizag_harbor,Visakhapatnam,Andhra Pradesh,East Coast (Bay of Bengal),17.6868,83.2185,4.5,2014 Very Severe Cyclone Hudhud,2014-10-31T09:00,0.0,1004.6,18.7,33.5,0.209,0.229,0.277
vizag_harbor,Visakhapatnam,Andhra Pradesh,East Coast (Bay of Bengal),17.6868,83.2185,4.5,2014 Very Severe Cyclone Hudhud,2014-10-31T10:00,0.0,1005.1,17.6,32.4,0.208,0.228,0.277
vizag_harbor,Visakhapatnam,Andhra Pradesh,East Coast (Bay of Bengal),17.6868,83.2185,4.5,2014 Very Severe Cyclone Hudhud,2014-10-31T11:00,0.0,1004.8,14.8,29.5,0.207,0.228,0.277
vizag_harbor,Visakhapatnam,Andhra Pradesh,East Coast (Bay of Bengal),17.6868,83.2185,4.5,2014 Very Severe Cyclone Hudhud,2014-10-31T12:00,0.0,1005.1,13.9,26.3,0.207,0.228,0.277
vizag_harbor,Visakhapatnam,Andhra Pradesh,East Coast (Bay of Bengal),17.6868,83.2185,4.5,2014 Very Severe Cyclone Hudhud,2014-10-31T13:00,0.0,1006.1,13.1,25.6,0.207,0.228,0.277
vizag_harbor,Visakhapatnam,Andhra Pradesh,East Coast (Bay of Bengal),17.6868,83.2185,4.5,2014 Very Severe Cyclone Hudhud,2014-10-31T14:00,0.0,1006.7,13.0,25.6,0.207,0.228,0.277
vizag_harbor,Visakhapatnam,Andhra Pradesh,East Coast (Bay of Bengal),17.6868,83.2185,4.5,2014 Very Severe Cyclone Hudhud,2014-10-31T15:00,0.0,1007.4,12.6,25.2,0.207,0.228,0.276
vizag_harbor,Visakhapatnam,Andhra Pradesh,East Coast (Bay of Bengal),17.6868,83.2185,4.5,2014 Very Severe Cyclone Hudhud,2014-10-31T16:00,0.0,1007.7,12.5,23.8,0.207,0.228,0.276
vizag_harbor,Visakhapatnam,Andhra Pradesh,East Coast (Bay of Bengal),17.6868,83.2185,4.5,2014 Very Severe Cyclone Hudhud,2014-10-31T17:00,0.0,1007.1,11.5,20.9,0.207,0.228,0.276
vizag_harbor,Visakhapatnam,Andhra Pradesh,East Coast (Bay of Bengal),17.6868,83.2185,4.5,2014 Very Severe Cyclone Hudhud,2014-10-31T18:00,0.0,1007.0,10.6,18.7,0.207,0.228,0.276
vizag_harbor,Visakhapatnam,Andhra Pradesh,East Coast (Bay of Bengal),17.6868,83.2185,4.5,2014 Very Severe Cyclone Hudhud,2014-10-31T19:00,0.0,1006.6,10.1,17.6,0.207,0.228,0.276
vizag_harbor,Visakhapatnam,Andhra Pradesh,East Coast (Bay of Bengal),17.6868,83.2185,4.5,2014 Very Severe Cyclone Hudhud,2014-10-31T20:00,0.0,1005.9,11.1,18.0,0.207,0.228,0.276
vizag_harbor,Visakhapatnam,Andhra Pradesh,East Coast (Bay of Bengal),17.6868,83.2185,4.5,2014 Very Severe Cyclone Hudhud,2014-10-31T21:00,0.0,1005.6,11.6,19.1,0.207,0.228,0.276
vizag_harbor,Visakhapatnam,Andhra Pradesh,East Coast (Bay of Bengal),17.6868,83.2185,4.5,2014 Very Severe Cyclone Hudhud,2014-10-31T22:00,0.0,1006.0,11.1,19.4,0.207,0.228,0.276
vizag_harbor,Visakhapatnam,Andhra Pradesh,East Coast (Bay of Bengal),17.6868,83.2185,4.5,2014 Very Severe Cyclone Hudhud,2014-10-31T23:00,0.0,1006.1,9.4,19.1,0.207,0.228,0.276
vizag_harbor,Visakhapatnam,Andhra Pradesh,East Coast (Bay of Bengal),17.6868,83.2185,4.5,2023 Cyclone Michaung Bay Surge,2023-11-25T00:00,0.0,1009.0,8.6,15.1,0.155,0.135,0.137
vizag_harbor,Visakhapatnam,Andhra Pradesh,East Coast (Bay of Bengal),17.6868,83.2185,4.5,2023 Cyclone Michaung Bay Surge,2023-11-25T01:00,0.0,1010.1,9.0,16.2,0.154,0.135,0.136
vizag_harbor,Visakhapatnam,Andhra Pradesh,East Coast (Bay of Bengal),17.6868,83.2185,4.5,2023 Cyclone Michaung Bay Surge,2023-11-25T02:00,0.0,1011.2,9.2,17.3,0.154,0.134,0.136
vizag_harbor,Visakhapatnam,Andhra Pradesh,East Coast (Bay of Bengal),17.6868,83.2185,4.5,2023 Cyclone Michaung Bay Surge,2023-11-25T03:00,0.0,1011.9,12.8,24.5,0.153,0.134,0.136
vizag_harbor,Visakhapatnam,Andhra Pradesh,East Coast (Bay of Bengal),17.6868,83.2185,4.5,2023 Cyclone Michaung Bay Surge,2023-11-25T04:00,0.0,1012.1,15.5,30.2,0.152,0.134,0.136
vizag_harbor,Visakhapatnam,Andhra Pradesh,East Coast (Bay of Bengal),17.6868,83.2185,4.5,2023 Cyclone Michaung Bay Surge,2023-11-25T05:00,0.0,1011.3,15.9,31.7,0.15,0.133,0.136
vizag_harbor,Visakhapatnam,Andhra Pradesh,East Coast (Bay of Bengal),17.6868,83.2185,4.5,2023 Cyclone Michaung Bay Surge,2023-11-25T06:00,0.0,1010.1,17.6,34.9,0.148,0.133,0.136
vizag_harbor,Visakhapatnam,Andhra Pradesh,East Coast (Bay of Bengal),17.6868,83.2185,4.5,2023 Cyclone Michaung Bay Surge,2023-11-25T07:00,0.2,1008.8,18.7,36.7,0.147,0.132,0.136
vizag_harbor,Visakhapatnam,Andhra Pradesh,East Coast (Bay of Bengal),17.6868,83.2185,4.5,2023 Cyclone Michaung Bay Surge,2023-11-25T08:00,0.0,1007.8,19.4,38.5,0.145,0.132,0.136
vizag_harbor,Visakhapatnam,Andhra Pradesh,East Coast (Bay of Bengal),17.6868,83.2185,4.5,2023 Cyclone Michaung Bay Surge,2023-11-25T09:00,0.1,1007.5,20.0,38.5,0.145,0.131,0.135
vizag_harbor,Visakhapatnam,Andhra Pradesh,East Coast (Bay of Bengal),17.6868,83.2185,4.5,2023 Cyclone Michaung Bay Surge,2023-11-25T10:00,0.0,1007.5,19.9,38.2,0.144,0.131,0.135
vizag_harbor,Visakhapatnam,Andhra Pradesh,East Coast (Bay of Bengal),17.6868,83.2185,4.5,2023 Cyclone Michaung Bay Surge,2023-11-25T11:00,0.0,1008.0,18.4,37.1,0.144,0.131,0.135
vizag_harbor,Visakhapatnam,Andhra Pradesh,East Coast (Bay of Bengal),17.6868,83.2185,4.5,2023 Cyclone Michaung Bay Surge,2023-11-25T12:00,0.0,1008.7,15.1,32.8,0.143,0.131,0.135
vizag_harbor,Visakhapatnam,Andhra Pradesh,East Coast (Bay of Bengal),17.6868,83.2185,4.5,2023 Cyclone Michaung Bay Surge,2023-11-25T13:00,0.0,1009.2,14.2,27.4,0.141,0.131,0.136
vizag_harbor,Visakhapatnam,Andhra Pradesh,East Coast (Bay of Bengal),17.6868,83.2185,4.5,2023 Cyclone Michaung Bay Surge,2023-11-25T14:00,0.0,1010.4,12.1,25.2,0.141,0.131,0.136
vizag_harbor,Visakhapatnam,Andhra Pradesh,East Coast (Bay of Bengal),17.6868,83.2185,4.5,2023 Cyclone Michaung Bay Surge,2023-11-25T15:00,0.0,1011.2,10.8,21.2,0.141,0.131,0.136
vizag_harbor,Visakhapatnam,Andhra Pradesh,East Coast (Bay of Bengal),17.6868,83.2185,4.5,2023 Cyclone Michaung Bay Surge,2023-11-25T16:00,0.0,1011.5,8.3,19.1,0.141,0.131,0.136
vizag_harbor,Visakhapatnam,Andhra Pradesh,East Coast (Bay of Bengal),17.6868,83.2185,4.5,2023 Cyclone Michaung Bay Surge,2023-11-25T17:00,0.0,1011.7,5.7,14.8,0.141,0.131,0.136
vizag_harbor,Visakhapatnam,Andhra Pradesh,East Coast (Bay of Bengal),17.6868,83.2185,4.5,2023 Cyclone Michaung Bay Surge,2023-11-25T18:00,0.0,1011.3,5.9,9.7,0.141,0.131,0.136
vizag_harbor,Visakhapatnam,Andhra Pradesh,East Coast (Bay of Bengal),17.6868,83.2185,4.5,2023 Cyclone Michaung Bay Surge,2023-11-25T19:00,0.0,1011.2,6.8,11.5,0.141,0.131,0.136
vizag_harbor,Visakhapatnam,Andhra Pradesh,East Coast (Bay of Bengal),17.6868,83.2185,4.5,2023 Cyclone Michaung Bay Surge,2023-11-25T20:00,0.0,1010.6,7.2,12.6,0.141,0.131,0.136
vizag_harbor,Visakhapatnam,Andhra Pradesh,East Coast (Bay of Bengal),17.6868,83.2185,4.5,2023 Cyclone Michaung Bay Surge,2023-11-25T21:00,0.0,1010.0,7.9,13.7,0.141,0.131,0.136
vizag_harbor,Visakhapatnam,Andhra Pradesh,East Coast (Bay of Bengal),17.6868,83.2185,4.5,2023 Cyclone Michaung Bay Surge,2023-11-25T22:00,0.0,1009.6,8.3,14.0,0.141,0.131,0.136
vizag_harbor,Visakhapatnam,Andhra Pradesh,East Coast (Bay of Bengal),17.6868,83.2185,4.5,2023 Cyclone Michaung Bay Surge,2023-11-25T23:00,0.0,1009.6,9.0,15.5,0.141,0.131,0.136
vizag_harbor,Visakhapatnam,Andhra Pradesh,East Coast (Bay of Bengal),17.6868,83.2185,4.5,2023 Cyclone Michaung Bay Surge,2023-11-26T00:00,0.0,1010.1,9.2,15.8,0.141,0.131,0.136
vizag_harbor,Visakhapatnam,Andhra Pradesh,East Coast (Bay of Bengal),17.6868,83.2185,4.5,2023 Cyclone Michaung Bay Surge,2023-11-26T01:00,0.0,1011.1,11.3,19.1,0.139,0.13,0.136
vizag_harbor,Visakhapatnam,Andhra Pradesh,East Coast (Bay of Bengal),17.6868,83.2185,4.5,2023 Cyclone Michaung Bay Surge,2023-11-26T02:00,0.0,1012.1,10.6,19.8,0.139,0.13,0.136
vizag_harbor,Visakhapatnam,Andhra Pradesh,East Coast (Bay of Bengal),17.6868,83.2185,4.5,2023 Cyclone Michaung Bay Surge,2023-11-26T03:00,0.0,1013.1,13.7,26.3,0.139,0.13,0.135
vizag_harbor,Visakhapatnam,Andhra Pradesh,East Coast (Bay of Bengal),17.6868,83.2185,4.5,2023 Cyclone Michaung Bay Surge,2023-11-26T04:00,0.0,1012.9,16.4,32.4,0.137,0.13,0.135
vizag_harbor,Visakhapatnam,Andhra Pradesh,East Coast (Bay of Bengal),17.6868,83.2185,4.5,2023 Cyclone Michaung Bay Surge,2023-11-26T05:00,0.0,1012.2,16.6,33.1,0.136,0.129,0.135
vizag_harbor,Visakhapatnam,Andhra Pradesh,East Coast (Bay of Bengal),17.6868,83.2185,4.5,2023 Cyclone Michaung Bay Surge,2023-11-26T06:00,0.0,1010.8,17.8,35.6,0.134,0.128,0.135
vizag_harbor,Visakhapatnam,Andhra Pradesh,East Coast (Bay of Bengal),17.6868,83.2185,4.5,2023 Cyclone Michaung Bay Surge,2023-11-26T07:00,0.0,1009.7,18.2,36.7,0.132,0.128,0.135
vizag_harbor,Visakhapatnam,Andhra Pradesh,East Coast (Bay of Bengal),17.6868,83.2185,4.5,2023 Cyclone Michaung Bay Surge,2023-11-26T08:00,0.0,1008.7,17.8,36.7,0.13,0.127,0.135
vizag_harbor,Visakhapatnam,Andhra Pradesh,East Coast (Bay of Bengal),17.6868,83.2185,4.5,2023 Cyclone Michaung Bay Surge,2023-11-26T09:00,0.0,1007.9,18.8,36.4,0.129,0.127,0.135
vizag_harbor,Visakhapatnam,Andhra Pradesh,East Coast (Bay of Bengal),17.6868,83.2185,4.5,2023 Cyclone Michaung Bay Surge,2023-11-26T10:00,0.0,1008.1,18.8,36.4,0.128,0.126,0.135
vizag_harbor,Visakhapatnam,Andhra Pradesh,East Coast (Bay of Bengal),17.6868,83.2185,4.5,2023 Cyclone Michaung Bay Surge,2023-11-26T11:00,0.0,1008.4,18.4,35.3,0.127,0.126,0.135
vizag_harbor,Visakhapatnam,Andhra Pradesh,East Coast (Bay of Bengal),17.6868,83.2185,4.5,2023 Cyclone Michaung Bay Surge,2023-11-26T12:00,0.0,1008.8,15.1,33.5,0.127,0.126,0.135
vizag_harbor,Visakhapatnam,Andhra Pradesh,East Coast (Bay of Bengal),17.6868,83.2185,4.5,2023 Cyclone Michaung Bay Surge,2023-11-26T13:00,0.0,1009.8,14.2,29.9,0.126,0.126,0.135
vizag_harbor,Visakhapatnam,Andhra Pradesh,East Coast (Bay of Bengal),17.6868,83.2185,4.5,2023 Cyclone Michaung Bay Surge,2023-11-26T14:00,0.0,1010.6,14.2,25.6,0.126,0.126,0.135
vizag_harbor,Visakhapatnam,Andhra Pradesh,East Coast (Bay of Bengal),17.6868,83.2185,4.5,2023 Cyclone Michaung Bay Surge,2023-11-26T15:00,0.0,1010.9,11.3,25.2,0.126,0.126,0.135
vizag_harbor,Visakhapatnam,Andhra Pradesh,East Coast (Bay of Bengal),17.6868,83.2185,4.5,2023 Cyclone Michaung Bay Surge,2023-11-26T16:00,0.0,1011.4,6.1,20.2,0.126,0.126,0.135
vizag_harbor,Visakhapatnam,Andhra Pradesh,East Coast (Bay of Bengal),17.6868,83.2185,4.5,2023 Cyclone Michaung Bay Surge,2023-11-26T17:00,0.0,1011.0,5.2,10.4,0.126,0.126,0.135
vizag_harbor,Visakhapatnam,Andhra Pradesh,East Coast (Bay of Bengal),17.6868,83.2185,4.5,2023 Cyclone Michaung Bay Surge,2023-11-26T18:00,0.0,1010.4,5.5,9.4,0.126,0.126,0.135
vizag_harbor,Visakhapatnam,Andhra Pradesh,East Coast (Bay of Bengal),17.6868,83.2185,4.5,2023 Cyclone Michaung Bay Surge,2023-11-26T19:00,0.0,1010.0,6.2,10.8,0.126,0.126,0.135
vizag_harbor,Visakhapatnam,Andhra Pradesh,East Coast (Bay of Bengal),17.6868,83.2185,4.5,2023 Cyclone Michaung Bay Surge,2023-11-26T20:00,0.0,1009.4,6.9,12.2,0.126,0.126,0.135
vizag_harbor,Visakhapatnam,Andhra Pradesh,East Coast (Bay of Bengal),17.6868,83.2185,4.5,2023 Cyclone Michaung Bay Surge,2023-11-26T21:00,0.0,1008.8,7.6,13.3,0.126,0.126,0.135
vizag_harbor,Visakhapatnam,Andhra Pradesh,East Coast (Bay of Bengal),17.6868,83.2185,4.5,2023 Cyclone Michaung Bay Surge,2023-11-26T22:00,0.0,1008.4,8.3,14.4,0.126,0.126,0.135
vizag_harbor,Visakhapatnam,Andhra Pradesh,East Coast (Bay of Bengal),17.6868,83.2185,4.5,2023 Cyclone Michaung Bay Surge,2023-11-26T23:00,0.0,1008.6,9.4,16.2,0.126,0.126,0.135
vizag_harbor,Visakhapatnam,Andhra Pradesh,East Coast (Bay of Bengal),17.6868,83.2185,4.5,2023 Cyclone Michaung Bay Surge,2023-11-27T00:00,0.0,1009.1,9.4,16.9,0.126,0.126,0.135
vizag_harbor,Visakhapatnam,Andhra Pradesh,East Coast (Bay of Bengal),17.6868,83.2185,4.5,2023 Cyclone Michaung Bay Surge,2023-11-27T01:00,0.0,1009.8,10.7,18.0,0.125,0.125,0.135
vizag_harbor,Visakhapatnam,Andhra Pradesh,East Coast (Bay of Bengal),17.6868,83.2185,4.5,2023 Cyclone Michaung Bay Surge,2023-11-27T02:00,0.0,1010.9,10.7,20.9,0.125,0.125,0.135
vizag_harbor,Visakhapatnam,Andhra Pradesh,East Coast (Bay of Bengal),17.6868,83.2185,4.5,2023 Cyclone Michaung Bay Surge,2023-11-27T03:00,0.0,1011.5,13.6,27.0,0.124,0.125,0.135
vizag_harbor,Visakhapatnam,Andhra Pradesh,East Coast (Bay of Bengal),17.6868,83.2185,4.5,2023 Cyclone Michaung Bay Surge,2023-11-27T04:00,0.0,1011.7,16.3,32.0,0.123,0.125,0.135
vizag_harbor,Visakhapatnam,Andhra Pradesh,East Coast (Bay of Bengal),17.6868,83.2185,4.5,2023 Cyclone Michaung Bay Surge,2023-11-27T05:00,0.0,1011.2,15.7,32.0,0.122,0.124,0.135
vizag_harbor,Visakhapatnam,Andhra Pradesh,East Coast (Bay of Bengal),17.6868,83.2185,4.5,2023 Cyclone Michaung Bay Surge,2023-11-27T06:00,0.0,1010.1,16.8,34.6,0.12,0.124,0.135
vizag_harbor,Visakhapatnam,Andhra Pradesh,East Coast (Bay of Bengal),17.6868,83.2185,4.5,2023 Cyclone Michaung Bay Surge,2023-11-27T07:00,0.0,1009.1,15.5,34.6,0.119,0.123,0.134
vizag_harbor,Visakhapatnam,Andhra Pradesh,East Coast (Bay of Bengal),17.6868,83.2185,4.5,2023 Cyclone Michaung Bay Surge,2023-11-27T08:00,0.0,1007.9,15.9,32.4,0.117,0.123,0.134
vizag_harbor,Visakhapatnam,Andhra Pradesh,East Coast (Bay of Bengal),17.6868,83.2185,4.5,2023 Cyclone Michaung Bay Surge,2023-11-27T09:00,0.0,1007.2,16.9,33.8,0.116,0.122,0.134
vizag_harbor,Visakhapatnam,Andhra Pradesh,East Coast (Bay of Bengal),17.6868,83.2185,4.5,2023 Cyclone Michaung Bay Surge,2023-11-27T10:00,0.0,1007.1,16.6,33.8,0.115,0.122,0.134
vizag_harbor,Visakhapatnam,Andhra Pradesh,East Coast (Bay of Bengal),17.6868,83.2185,4.5,2023 Cyclone Michaung Bay Surge,2023-11-27T11:00,0.0,1007.5,15.9,31.7,0.115,0.122,0.134
vizag_harbor,Visakhapatnam,Andhra Pradesh,East Coast (Bay of Bengal),17.6868,83.2185,4.5,2023 Cyclone Michaung Bay Surge,2023-11-27T12:00,0.0,1007.9,12.3,28.8,0.114,0.122,0.134
vizag_harbor,Visakhapatnam,Andhra Pradesh,East Coast (Bay of Bengal),17.6868,83.2185,4.5,2023 Cyclone Michaung Bay Surge,2023-11-27T13:00,0.0,1008.6,10.1,22.0,0.114,0.121,0.134
vizag_harbor,Visakhapatnam,Andhra Pradesh,East Coast (Bay of Bengal),17.6868,83.2185,4.5,2023 Cyclone Michaung Bay Surge,2023-11-27T14:00,0.0,1009.2,9.8,17.6,0.114,0.121,0.134
vizag_harbor,Visakhapatnam,Andhra Pradesh,East Coast (Bay of Bengal),17.6868,83.2185,4.5,2023 Cyclone Michaung Bay Surge,2023-11-27T15:00,0.0,1009.4,8.2,17.3,0.114,0.121,0.134
vizag_harbor,Visakhapatnam,Andhra Pradesh,East Coast (Bay of Bengal),17.6868,83.2185,4.5,2023 Cyclone Michaung Bay Surge,2023-11-27T16:00,0.0,1009.5,6.1,14.4,0.114,0.121,0.134
vizag_harbor,Visakhapatnam,Andhra Pradesh,East Coast (Bay of Bengal),17.6868,83.2185,4.5,2023 Cyclone Michaung Bay Surge,2023-11-27T17:00,0.0,1009.4,5.9,9.7,0.114,0.121,0.134
vizag_harbor,Visakhapatnam,Andhra Pradesh,East Coast (Bay of Bengal),17.6868,83.2185,4.5,2023 Cyclone Michaung Bay Surge,2023-11-27T18:00,0.0,1009.2,6.5,11.5,0.114,0.121,0.134
vizag_harbor,Visakhapatnam,Andhra Pradesh,East Coast (Bay of Bengal),17.6868,83.2185,4.5,2023 Cyclone Michaung Bay Surge,2023-11-27T19:00,0.0,1008.8,6.5,11.5,0.114,0.121,0.134
vizag_harbor,Visakhapatnam,Andhra Pradesh,East Coast (Bay of Bengal),17.6868,83.2185,4.5,2023 Cyclone Michaung Bay Surge,2023-11-27T20:00,0.0,1008.2,7.0,11.9,0.114,0.121,0.134
vizag_harbor,Visakhapatnam,Andhra Pradesh,East Coast (Bay of Bengal),17.6868,83.2185,4.5,2023 Cyclone Michaung Bay Surge,2023-11-27T21:00,0.0,1007.6,7.7,13.0,0.114,0.121,0.134
vizag_harbor,Visakhapatnam,Andhra Pradesh,East Coast (Bay of Bengal),17.6868,83.2185,4.5,2023 Cyclone Michaung Bay Surge,2023-11-27T22:00,0.0,1007.1,8.3,14.0,0.114,0.121,0.134
vizag_harbor,Visakhapatnam,Andhra Pradesh,East Coast (Bay of Bengal),17.6868,83.2185,4.5,2023 Cyclone Michaung Bay Surge,2023-11-27T23:00,0.0,1007.2,8.7,14.8,0.114,0.121,0.134
vizag_harbor,Visakhapatnam,Andhra Pradesh,East Coast (Bay of Bengal),17.6868,83.2185,4.5,2023 Cyclone Michaung Bay Surge,2023-11-28T00:00,0.0,1007.4,8.7,15.1,0.114,0.121,0.134
vizag_harbor,Visakhapatnam,Andhra Pradesh,East Coast (Bay of Bengal),17.6868,83.2185,4.5,2023 Cyclone Michaung Bay Surge,2023-11-28T01:00,0.0,1008.4,10.3,17.3,0.112,0.121,0.133
vizag_harbor,Visakhapatnam,Andhra Pradesh,East Coast (Bay of Bengal),17.6868,83.2185,4.5,2023 Cyclone Michaung Bay Surge,2023-11-28T02:00,0.0,1009.1,10.2,18.7,0.112,0.121,0.133
vizag_harbor,Visakhapatnam,Andhra Pradesh,East Coast (Bay of Bengal),17.6868,83.2185,4.5,2023 Cyclone Michaung Bay Surge,2023-11-28T03:00,0.0,1009.7,11.8,24.1,0.112,0.12,0.133
vizag_harbor,Visakhapatnam,Andhra Pradesh,East Coast (Bay of Bengal),17.6868,83.2185,4.5,2023 Cyclone Michaung Bay Surge,2023-11-28T04:00,0.0,1009.8,12.5,26.6,0.111,0.12,0.133
vizag_harbor,Visakhapatnam,Andhra Pradesh,East Coast (Bay of Bengal),17.6868,83.2185,4.5,2023 Cyclone Michaung Bay Surge,2023-11-28T05:00,0.0,1009.3,12.6,27.0,0.11,0.12,0.133
vizag_harbor,Visakhapatnam,Andhra Pradesh,East Coast (Bay of Bengal),17.6868,83.2185,4.5,2023 Cyclone Michaung Bay Surge,2023-11-28T06:00,0.0,1008.6,14.6,30.6,0.109,0.119,0.133
vizag_harbor,Visakhapatnam,Andhra Pradesh,East Coast (Bay of Bengal),17.6868,83.2185,4.5,2023 Cyclone Michaung Bay Surge,2023-11-28T07:00,0.0,1007.5,16.2,33.8,0.107,0.118,0.133
vizag_harbor,Visakhapatnam,Andhra Pradesh,East Coast (Bay of Bengal),17.6868,83.2185,4.5,2023 Cyclone Michaung Bay Surge,2023-11-28T08:00,0.0,1006.6,16.6,34.6,0.106,0.118,0.132
vizag_harbor,Visakhapatnam,Andhra Pradesh,East Coast (Bay of Bengal),17.6868,83.2185,4.5,2023 Cyclone Michaung Bay Surge,2023-11-28T09:00,0.0,1005.9,15.5,34.2,0.105,0.117,0.132
vizag_harbor,Visakhapatnam,Andhra Pradesh,East Coast (Bay of Bengal),17.6868,83.2185,4.5,2023 Cyclone Michaung Bay Surge,2023-11-28T10:00,0.0,1005.6,13.3,31.3,0.104,0.117,0.132
vizag_harbor,Visakhapatnam,Andhra Pradesh,East Coast (Bay of Bengal),17.6868,83.2185,4.5,2023 Cyclone Michaung Bay Surge,2023-11-28T11:00,0.0,1005.9,13.3,26.6,0.104,0.117,0.132
vizag_harbor,Visakhapatnam,Andhra Pradesh,East Coast (Bay of Bengal),17.6868,83.2185,4.5,2023 Cyclone Michaung Bay Surge,2023-11-28T12:00,0.0,1006.5,10.1,24.8,0.103,0.117,0.132
vizag_harbor,Visakhapatnam,Andhra Pradesh,East Coast (Bay of Bengal),17.6868,83.2185,4.5,2023 Cyclone Michaung Bay Surge,2023-11-28T13:00,0.0,1007.1,10.0,20.2,0.102,0.116,0.132
vizag_harbor,Visakhapatnam,Andhra Pradesh,East Coast (Bay of Bengal),17.6868,83.2185,4.5,2023 Cyclone Michaung Bay Surge,2023-11-28T14:00,0.0,1008.1,8.7,17.6,0.102,0.116,0.132
vizag_harbor,Visakhapatnam,Andhra Pradesh,East Coast (Bay of Bengal),17.6868,83.2185,4.5,2023 Cyclone Michaung Bay Surge,2023-11-28T15:00,0.0,1008.7,6.2,15.5,0.102,0.116,0.132
vizag_harbor,Visakhapatnam,Andhra Pradesh,East Coast (Bay of Bengal),17.6868,83.2185,4.5,2023 Cyclone Michaung Bay Surge,2023-11-28T16:00,0.0,1009.2,5.9,10.8,0.102,0.116,0.132
vizag_harbor,Visakhapatnam,Andhra Pradesh,East Coast (Bay of Bengal),17.6868,83.2185,4.5,2023 Cyclone Michaung Bay Surge,2023-11-28T17:00,0.0,1009.4,5.6,9.7,0.102,0.116,0.132
vizag_harbor,Visakhapatnam,Andhra Pradesh,East Coast (Bay of Bengal),17.6868,83.2185,4.5,2023 Cyclone Michaung Bay Surge,2023-11-28T18:00,0.0,1008.9,5.4,9.0,0.102,0.116,0.132
vizag_harbor,Visakhapatnam,Andhra Pradesh,East Coast (Bay of Bengal),17.6868,83.2185,4.5,2023 Cyclone Michaung Bay Surge,2023-11-28T19:00,0.0,1008.2,6.9,11.5,0.102,0.116,0.132
vizag_harbor,Visakhapatnam,Andhra Pradesh,East Coast (Bay of Bengal),17.6868,83.2185,4.5,2023 Cyclone Michaung Bay Surge,2023-11-28T20:00,0.0,1007.5,8.6,14.8,0.102,0.116,0.132
vizag_harbor,Visakhapatnam,Andhra Pradesh,East Coast (Bay of Bengal),17.6868,83.2185,4.5,2023 Cyclone Michaung Bay Surge,2023-11-28T21:00,0.0,1006.9,8.4,16.2,0.102,0.116,0.132
vizag_harbor,Visakhapatnam,Andhra Pradesh,East Coast (Bay of Bengal),17.6868,83.2185,4.5,2023 Cyclone Michaung Bay Surge,2023-11-28T22:00,0.0,1006.6,9.1,15.5,0.102,0.116,0.132
vizag_harbor,Visakhapatnam,Andhra Pradesh,East Coast (Bay of Bengal),17.6868,83.2185,4.5,2023 Cyclone Michaung Bay Surge,2023-11-28T23:00,0.0,1006.8,7.8,16.2,0.102,0.116,0.132
vizag_harbor,Visakhapatnam,Andhra Pradesh,East Coast (Bay of Bengal),17.6868,83.2185,4.5,2023 Cyclone Michaung Bay Surge,2023-11-29T00:00,0.0,1007.3,7.0,13.7,0.102,0.116,0.132
vizag_harbor,Visakhapatnam,Andhra Pradesh,East Coast (Bay of Bengal),17.6868,83.2185,4.5,2023 Cyclone Michaung Bay Surge,2023-11-29T01:00,0.0,1008.6,10.4,17.6,0.102,0.116,0.131
vizag_harbor,Visakhapatnam,Andhra Pradesh,East Coast (Bay of Bengal),17.6868,83.2185,4.5,2023 Cyclone Michaung Bay Surge,2023-11-29T02:00,0.0,1009.1,10.7,19.8,0.102,0.116,0.131
vizag_harbor,Visakhapatnam,Andhra Pradesh,East Coast (Bay of Bengal),17.6868,83.2185,4.5,2023 Cyclone Michaung Bay Surge,2023-11-29T03:00,0.0,1009.9,13.1,25.9,0.101,0.116,0.131
vizag_harbor,Visakhapatnam,Andhra Pradesh,East Coast (Bay of Bengal),17.6868,83.2185,4.5,2023 Cyclone Michaung Bay Surge,2023-11-29T04:00,0.0,1010.1,13.4,28.1,0.101,0.116,0.131
vizag_harbor,Visakhapatnam,Andhra Pradesh,East Coast (Bay of Bengal),17.6868,83.2185,4.5,2023 Cyclone Michaung Bay Surge,2023-11-29T05:00,0.0,1009.5,14.2,29.5,0.1,0.115,0.131
vizag_harbor,Visakhapatnam,Andhra Pradesh,East Coast (Bay of Bengal),17.6868,83.2185,4.5,2023 Cyclone Michaung Bay Surge,2023-11-29T06:00,0.0,1008.8,15.3,31.7,0.098,0.115,0.131
vizag_harbor,Visakhapatnam,Andhra Pradesh,East Coast (Bay of Bengal),17.6868,83.2185,4.5,2023 Cyclone Michaung Bay Surge,2023-11-29T07:00,0.0,1008.1,16.9,34.2,0.097,0.114,0.131
vizag_harbor,Visakhapatnam,Andhra Pradesh,East Coast (Bay of Bengal),17.6868,83.2185,4.5,2023 Cyclone Michaung Bay Surge,2023-11-29T08:00,0.0,1007.2,17.5,35.6,0.096,0.113,0.131
vizag_harbor,Visakhapatnam,Andhra Pradesh,East Coast (Bay of Bengal),17.6868,83.2185,4.5,2023 Cyclone Michaung Bay Surge,2023-11-29T09:00,0.0,1007.0,17.0,35.3,0.095,0.113,0.131
vizag_harbor,Visakhapatnam,Andhra Pradesh,East Coast (Bay of Bengal),17.6868,83.2185,4.5,2023 Cyclone Michaung Bay Surge,2023-11-29T10:00,0.0,1007.0,15.9,33.5,0.094,0.113,0.13
vizag_harbor,Visakhapatnam,Andhra Pradesh,East Coast (Bay of Bengal),17.6868,83.2185,4.5,2023 Cyclone Michaung Bay Surge,2023-11-29T11:00,0.0,1007.5,14.5,31.0,0.094,0.113,0.13
vizag_harbor,Visakhapatnam,Andhra Pradesh,East Coast (Bay of Bengal),17.6868,83.2185,4.5,2023 Cyclone Michaung Bay Surge,2023-11-29T12:00,0.0,1008.1,11.0,26.6,0.094,0.112,0.13
vizag_harbor,Visakhapatnam,Andhra Pradesh,East Coast (Bay of Bengal),17.6868,83.2185,4.5,2023 Cyclone Michaung Bay Surge,2023-11-29T13:00,0.0,1009.5,11.7,20.5,0.094,0.113,0.131
vizag_harbor,Visakhapatnam,Andhra Pradesh,East Coast (Bay of Bengal),17.6868,83.2185,4.5,2023 Cyclone Michaung Bay Surge,2023-11-29T14:00,0.0,1010.1,10.8,20.5,0.094,0.113,0.131
vizag_harbor,Visakhapatnam,Andhra Pradesh,East Coast (Bay of Bengal),17.6868,83.2185,4.5,2023 Cyclone Michaung Bay Surge,2023-11-29T15:00,0.0,1010.3,8.6,19.1,0.094,0.113,0.131
vizag_harbor,Visakhapatnam,Andhra Pradesh,East Coast (Bay of Bengal),17.6868,83.2185,4.5,2023 Cyclone Michaung Bay Surge,2023-11-29T16:00,0.0,1010.1,6.7,14.8,0.094,0.113,0.131
vizag_harbor,Visakhapatnam,Andhra Pradesh,East Coast (Bay of Bengal),17.6868,83.2185,4.5,2023 Cyclone Michaung Bay Surge,2023-11-29T17:00,0.0,1010.0,6.5,11.2,0.094,0.113,0.131
vizag_harbor,Visakhapatnam,Andhra Pradesh,East Coast (Bay of Bengal),17.6868,83.2185,4.5,2023 Cyclone Michaung Bay Surge,2023-11-29T18:00,0.0,1009.5,6.8,11.5,0.094,0.113,0.131
vizag_harbor,Visakhapatnam,Andhra Pradesh,East Coast (Bay of Bengal),17.6868,83.2185,4.5,2023 Cyclone Michaung Bay Surge,2023-11-29T19:00,0.0,1008.9,7.6,13.0,0.094,0.113,0.131
vizag_harbor,Visakhapatnam,Andhra Pradesh,East Coast (Bay of Bengal),17.6868,83.2185,4.5,2023 Cyclone Michaung Bay Surge,2023-11-29T20:00,0.0,1008.2,8.3,14.0,0.094,0.113,0.131
vizag_harbor,Visakhapatnam,Andhra Pradesh,East Coast (Bay of Bengal),17.6868,83.2185,4.5,2023 Cyclone Michaung Bay Surge,2023-11-29T21:00,0.0,1007.6,8.4,15.1,0.094,0.113,0.131
vizag_harbor,Visakhapatnam,Andhra Pradesh,East Coast (Bay of Bengal),17.6868,83.2185,4.5,2023 Cyclone Michaung Bay Surge,2023-11-29T22:00,0.0,1007.6,7.9,14.8,0.094,0.113,0.131
vizag_harbor,Visakhapatnam,Andhra Pradesh,East Coast (Bay of Bengal),17.6868,83.2185,4.5,2023 Cyclone Michaung Bay Surge,2023-11-29T23:00,0.0,1007.7,9.1,15.1,0.094,0.113,0.131
vizag_harbor,Visakhapatnam,Andhra Pradesh,East Coast (Bay of Bengal),17.6868,83.2185,4.5,2023 Cyclone Michaung Bay Surge,2023-11-30T00:00,0.0,1008.2,9.0,16.6,0.094,0.113,0.131
vizag_harbor,Visakhapatnam,Andhra Pradesh,East Coast (Bay of Bengal),17.6868,83.2185,4.5,2023 Cyclone Michaung Bay Surge,2023-11-30T01:00,0.0,1009.0,10.1,17.3,0.094,0.113,0.133
vizag_harbor,Visakhapatnam,Andhra Pradesh,East Coast (Bay of Bengal),17.6868,83.2185,4.5,2023 Cyclone Michaung Bay Surge,2023-11-30T02:00,0.0,1010.0,11.8,19.8,0.094,0.113,0.133
vizag_harbor,Visakhapatnam,Andhra Pradesh,East Coast (Bay of Bengal),17.6868,83.2185,4.5,2023 Cyclone Michaung Bay Surge,2023-11-30T03:00,0.0,1010.9,15.0,28.4,0.094,0.113,0.133
vizag_harbor,Visakhapatnam,Andhra Pradesh,East Coast (Bay of Bengal),17.6868,83.2185,4.5,2023 Cyclone Michaung Bay Surge,2023-11-30T04:00,0.0,1011.1,16.4,32.0,0.093,0.113,0.133
vizag_harbor,Visakhapatnam,Andhra Pradesh,East Coast (Bay of Bengal),17.6868,83.2185,4.5,2023 Cyclone Michaung Bay Surge,2023-11-30T05:00,0.0,1010.4,16.5,33.5,0.092,0.112,0.133
vizag_harbor,Visakhapatnam,Andhra Pradesh,East Coast (Bay of Bengal),17.6868,83.2185,4.5,2023 Cyclone Michaung Bay Surge,2023-11-30T06:00,0.0,1009.5,16.9,34.6,0.091,0.112,0.133
vizag_harbor,Visakhapatnam,Andhra Pradesh,East Coast (Bay of Bengal),17.6868,83.2185,4.5,2023 Cyclone Michaung Bay Surge,2023-11-30T07:00,0.0,1008.6,18.1,36.4,0.09,0.111,0.133
vizag_harbor,Visakhapatnam,Andhra Pradesh,East Coast (Bay of Bengal),17.6868,83.2185,4.5,2023 Cyclone Michaung Bay Surge,2023-11-30T08:00,0.0,1007.5,18.9,37.4,0.089,0.111,0.132
vizag_harbor,Visakhapatnam,Andhra Pradesh,East Coast (Bay of Bengal),17.6868,83.2185,4.5,2023 Cyclone Michaung Bay Surge,2023-11-30T09:00,0.0,1006.8,19.1,37.4,0.088,0.11,0.132
vizag_harbor,Visakhapatnam,Andhra Pradesh,East Coast (Bay of Bengal),17.6868,83.2185,4.5,2023 Cyclone Michaung Bay Surge,2023-11-30T10:00,0.0,1006.7,17.9,37.1,0.088,0.11,0.132
vizag_harbor,Visakhapatnam,Andhra Pradesh,East Coast (Bay of Bengal),17.6868,83.2185,4.5,2023 Cyclone Michaung Bay Surge,2023-11-30T11:00,0.0,1007.0,15.7,33.8,0.087,0.11,0.132
vizag_harbor,Visakhapatnam,Andhra Pradesh,East Coast (Bay of Bengal),17.6868,83.2185,4.5,2023 Cyclone Michaung Bay Surge,2023-11-30T12:00,0.0,1007.9,11.9,28.4,0.087,0.11,0.132
vizag_harbor,Visakhapatnam,Andhra Pradesh,East Coast (Bay of Bengal),17.6868,83.2185,4.5,2023 Cyclone Michaung Bay Surge,2023-11-30T13:00,0.0,1009.3,11.8,21.6,0.087,0.11,0.132
vizag_harbor,Visakhapatnam,Andhra Pradesh,East Coast (Bay of Bengal),17.6868,83.2185,4.5,2023 Cyclone Michaung Bay Surge,2023-11-30T14:00,0.0,1010.0,10.4,20.9,0.087,0.11,0.132
vizag_harbor,Visakhapatnam,Andhra Pradesh,East Coast (Bay of Bengal),17.6868,83.2185,4.5,2023 Cyclone Michaung Bay Surge,2023-11-30T15:00,0.0,1010.4,8.9,18.4,0.087,0.11,0.132
vizag_harbor,Visakhapatnam,Andhra Pradesh,East Coast (Bay of Bengal),17.6868,83.2185,4.5,2023 Cyclone Michaung Bay Surge,2023-11-30T16:00,0.0,1010.4,7.0,15.5,0.087,0.11,0.132
vizag_harbor,Visakhapatnam,Andhra Pradesh,East Coast (Bay of Bengal),17.6868,83.2185,4.5,2023 Cyclone Michaung Bay Surge,2023-11-30T17:00,0.0,1010.3,6.3,11.9,0.087,0.11,0.132
vizag_harbor,Visakhapatnam,Andhra Pradesh,East Coast (Bay of Bengal),17.6868,83.2185,4.5,2023 Cyclone Michaung Bay Surge,2023-11-30T18:00,0.0,1009.6,7.3,12.6,0.087,0.11,0.132
vizag_harbor,Visakhapatnam,Andhra Pradesh,East Coast (Bay of Bengal),17.6868,83.2185,4.5,2023 Cyclone Michaung Bay Surge,2023-11-30T19:00,0.0,1009.1,7.2,13.0,0.087,0.11,0.132
vizag_harbor,Visakhapatnam,Andhra Pradesh,East Coast (Bay of Bengal),17.6868,83.2185,4.5,2023 Cyclone Michaung Bay Surge,2023-11-30T20:00,0.0,1008.5,7.6,13.3,0.087,0.11,0.132
vizag_harbor,Visakhapatnam,Andhra Pradesh,East Coast (Bay of Bengal),17.6868,83.2185,4.5,2023 Cyclone Michaung Bay Surge,2023-11-30T21:00,0.0,1007.9,8.9,15.8,0.087,0.11,0.132
vizag_harbor,Visakhapatnam,Andhra Pradesh,East Coast (Bay of Bengal),17.6868,83.2185,4.5,2023 Cyclone Michaung Bay Surge,2023-11-30T22:00,0.0,1007.5,10.3,18.0,0.087,0.11,0.132
vizag_harbor,Visakhapatnam,Andhra Pradesh,East Coast (Bay of Bengal),17.6868,83.2185,4.5,2023 Cyclone Michaung Bay Surge,2023-11-30T23:00,0.0,1007.8,11.8,20.5,0.087,0.11,0.132
vizag_harbor,Visakhapatnam,Andhra Pradesh,East Coast (Bay of Bengal),17.6868,83.2185,4.5,2023 Cyclone Michaung Bay Surge,2023-12-01T00:00,0.0,1008.6,11.8,20.9,0.087,0.11,0.132
vizag_harbor,Visakhapatnam,Andhra Pradesh,East Coast (Bay of Bengal),17.6868,83.2185,4.5,2023 Cyclone Michaung Bay Surge,2023-12-01T01:00,0.0,1008.9,13.3,24.5,0.086,0.109,0.133
vizag_harbor,Visakhapatnam,Andhra Pradesh,East Coast (Bay of Bengal),17.6868,83.2185,4.5,2023 Cyclone Michaung Bay Surge,2023-12-01T02:00,0.0,1009.6,13.4,24.8,0.086,0.109,0.133
vizag_harbor,Visakhapatnam,Andhra Pradesh,East Coast (Bay of Bengal),17.6868,83.2185,4.5,2023 Cyclone Michaung Bay Surge,2023-12-01T03:00,0.0,1010.0,18.1,32.8,0.085,0.109,0.133
vizag_harbor,Visakhapatnam,Andhra Pradesh,East Coast (Bay of Bengal),17.6868,83.2185,4.5,2023 Cyclone Michaung Bay Surge,2023-12-01T04:00,0.0,1010.1,20.2,38.5,0.085,0.108,0.133
vizag_harbor,Visakhapatnam,Andhra Pradesh,East Coast (Bay of Bengal),17.6868,83.2185,4.5,2023 Cyclone Michaung Bay Surge,2023-12-01T05:00,0.0,1009.4,20.9,40.7,0.084,0.108,0.132
vizag_harbor,Visakhapatnam,Andhra Pradesh,East Coast (Bay of Bengal),17.6868,83.2185,4.5,2023 Cyclone Michaung Bay Surge,2023-12-01T06:00,0.0,1008.4,21.6,42.5,0.083,0.108,0.132
vizag_harbor,Visakhapatnam,Andhra Pradesh,East Coast (Bay of Bengal),17.6868,83.2185,4.5,2023 Cyclone Michaung Bay Surge,2023-12-01T07:00,0.0,1007.2,23.1,44.6,0.083,0.107,0.132
vizag_harbor,Visakhapatnam,Andhra Pradesh,East Coast (Bay of Bengal),17.6868,83.2185,4.5,2023 Cyclone Michaung Bay Surge,2023-12-01T08:00,0.0,1006.0,22.5,44.6,0.082,0.107,0.132
vizag_harbor,Visakhapatnam,Andhra Pradesh,East Coast (Bay of Bengal),17.6868,83.2185,4.5,2023 Cyclone Michaung Bay Surge,2023-12-01T09:00,0.0,1005.2,23.2,44.3,0.081,0.106,0.132
vizag_harbor,Visakhapatnam,Andhra Pradesh,East Coast (Bay of Bengal),17.6868,83.2185,4.5,2023 Cyclone Michaung Bay Surge,2023-12-01T10:00,0.0,1005.1,22.6,44.3,0.081,0.106,0.132
vizag_harbor,Visakhapatnam,Andhra Pradesh,East Coast (Bay of Bengal),17.6868,83.2185,4.5,2023 Cyclone Michaung Bay Surge,2023-12-01T11:00,0.0,1005.6,19.6,42.5,0.081,0.106,0.132
vizag_harbor,Visakhapatnam,Andhra Pradesh,East Coast (Bay of Bengal),17.6868,83.2185,4.5,2023 Cyclone Michaung Bay Surge,2023-12-01T12:00,0.0,1006.5,16.5,35.6,0.08,0.106,0.132
vizag_harbor,Visakhapatnam,Andhra Pradesh,East Coast (Bay of Bengal),17.6868,83.2185,4.5,2023 Cyclone Michaung Bay Surge,2023-12-01T13:00,0.0,1007.6,16.2,31.0,0.08,0.105,0.132
vizag_harbor,Visakhapatnam,Andhra Pradesh,East Coast (Bay of Bengal),17.6868,83.2185,4.5,2023 Cyclone Michaung Bay Surge,2023-12-01T14:00,0.0,1008.5,14.7,28.4,0.08,0.105,0.132
vizag_harbor,Visakhapatnam,Andhra Pradesh,East Coast (Bay of Bengal),17.6868,83.2185,4.5,2023 Cyclone Michaung Bay Surge,2023-12-01T15:00,0.0,1008.9,14.3,26.3,0.08,0.105,0.132
vizag_harbor,Visakhapatnam,Andhra Pradesh,East Coast (Bay of Bengal),17.6868,83.2185,4.5,2023 Cyclone Michaung Bay Surge,2023-12-01T16:00,0.0,1009.3,13.0,25.6,0.08,0.105,0.132
vizag_harbor,Visakhapatnam,Andhra Pradesh,East Coast (Bay of Bengal),17.6868,83.2185,4.5,2023 Cyclone Michaung Bay Surge,2023-12-01T17:00,0.0,1009.6,10.9,23.0,0.08,0.105,0.132
vizag_harbor,Visakhapatnam,Andhra Pradesh,East Coast (Bay of Bengal),17.6868,83.2185,4.5,2023 Cyclone Michaung Bay Surge,2023-12-01T18:00,0.0,1009.1,8.6,19.4,0.08,0.105,0.132
vizag_harbor,Visakhapatnam,Andhra Pradesh,East Coast (Bay of Bengal),17.6868,83.2185,4.5,2023 Cyclone Michaung Bay Surge,2023-12-01T19:00,0.0,1008.4,9.2,16.6,0.08,0.105,0.132
vizag_harbor,Visakhapatnam,Andhra Pradesh,East Coast (Bay of Bengal),17.6868,83.2185,4.5,2023 Cyclone Michaung Bay Surge,2023-12-01T20:00,0.0,1007.8,10.7,18.4,0.08,0.105,0.132
vizag_harbor,Visakhapatnam,Andhra Pradesh,East Coast (Bay of Bengal),17.6868,83.2185,4.5,2023 Cyclone Michaung Bay Surge,2023-12-01T21:00,0.0,1006.7,12.5,22.0,0.08,0.105,0.132
vizag_harbor,Visakhapatnam,Andhra Pradesh,East Coast (Bay of Bengal),17.6868,83.2185,4.5,2023 Cyclone Michaung Bay Surge,2023-12-01T22:00,0.0,1006.1,13.4,23.4,0.08,0.105,0.132
vizag_harbor,Visakhapatnam,Andhra Pradesh,East Coast (Bay of Bengal),17.6868,83.2185,4.5,2023 Cyclone Michaung Bay Surge,2023-12-01T23:00,0.0,1005.8,14.8,26.3,0.08,0.105,0.132
vizag_harbor,Visakhapatnam,Andhra Pradesh,East Coast (Bay of Bengal),17.6868,83.2185,4.5,2023 Cyclone Michaung Bay Surge,2023-12-02T00:00,0.0,1006.3,14.0,26.3,0.08,0.105,0.132
vizag_harbor,Visakhapatnam,Andhra Pradesh,East Coast (Bay of Bengal),17.6868,83.2185,4.5,2023 Cyclone Michaung Bay Surge,2023-12-02T01:00,0.0,1007.8,15.3,28.4,0.079,0.105,0.132
vizag_harbor,Visakhapatnam,Andhra Pradesh,East Coast (Bay of Bengal),17.6868,83.2185,4.5,2023 Cyclone Michaung Bay Surge,2023-12-02T02:00,0.0,1008.7,19.9,33.5,0.079,0.105,0.132
vizag_harbor,Visakhapatnam,Andhra Pradesh,East Coast (Bay of Bengal),17.6868,83.2185,4.5,2023 Cyclone Michaung Bay Surge,2023-12-02T03:00,0.0,1009.4,19.6,36.7,0.078,0.105,0.132
vizag_harbor,Visakhapatnam,Andhra Pradesh,East Coast (Bay of Bengal),17.6868,83.2185,4.5,2023 Cyclone Michaung Bay Surge,2023-12-02T04:00,0.0,1009.2,22.2,41.8,0.078,0.105,0.132
vizag_harbor,Visakhapatnam,Andhra Pradesh,East Coast (Bay of Bengal),17.6868,83.2185,4.5,2023 Cyclone Michaung Bay Surge,2023-12-02T05:00,0.0,1008.7,23.1,44.3,0.078,0.104,0.132
vizag_harbor,Visakhapatnam,Andhra Pradesh,East Coast (Bay of Bengal),17.6868,83.2185,4.5,2023 Cyclone Michaung Bay Surge,2023-12-02T06:00,0.0,1008.0,23.9,46.1,0.077,0.104,0.132
vizag_harbor,Visakhapatnam,Andhra Pradesh,East Coast (Bay of Bengal),17.6868,83.2185,4.5,2023 Cyclone Michaung Bay Surge,2023-12-02T07:00,0.0,1007.1,24.5,47.5,0.076,0.104,0.131
vizag_harbor,Visakhapatnam,Andhra Pradesh,East Coast (Bay of Bengal),17.6868,83.2185,4.5,2023 Cyclone Michaung Bay Surge,2023-12-02T08:00,0.0,1006.0,25.5,49.7,0.076,0.103,0.131
vizag_harbor,Visakhapatnam,Andhra Pradesh,East Coast (Bay of Bengal),17.6868,83.2185,4.5,2023 Cyclone Michaung Bay Surge,2023-12-02T09:00,0.0,1005.1,24.5,49.0,0.075,0.103,0.131
vizag_harbor,Visakhapatnam,Andhra Pradesh,East Coast (Bay of Bengal),17.6868,83.2185,4.5,2023 Cyclone Michaung Bay Surge,2023-12-02T10:00,0.0,1005.4,24.1,46.4,0.075,0.103,0.131
vizag_harbor,Visakhapatnam,Andhra Pradesh,East Coast (Bay of Bengal),17.6868,83.2185,4.5,2023 Cyclone Michaung Bay Surge,2023-12-02T11:00,0.0,1005.8,23.8,44.6,0.075,0.103,0.131
vizag_harbor,Visakhapatnam,Andhra Pradesh,East Coast (Bay of Bengal),17.6868,83.2185,4.5,2023 Cyclone Michaung Bay Surge,2023-12-02T12:00,0.0,1006.4,21.3,42.8,0.075,0.103,0.131
vizag_harbor,Visakhapatnam,Andhra Pradesh,East Coast (Bay of Bengal),17.6868,83.2185,4.5,2023 Cyclone Michaung Bay Surge,2023-12-02T13:00,0.0,1007.1,18.7,36.7,0.075,0.103,0.131
vizag_harbor,Visakhapatnam,Andhra Pradesh,East Coast (Bay of Bengal),17.6868,83.2185,4.5,2023 Cyclone Michaung Bay Surge,2023-12-02T14:00,0.0,1008.2,19.5,34.9,0.075,0.103,0.131
vizag_harbor,Visakhapatnam,Andhra Pradesh,East Coast (Bay of Bengal),17.6868,83.2185,4.5,2023 Cyclone Michaung Bay Surge,2023-12-02T15:00,0.0,1008.6,18.5,34.6,0.075,0.103,0.131
vizag_harbor,Visakhapatnam,Andhra Pradesh,East Coast (Bay of Bengal),17.6868,83.2185,4.5,2023 Cyclone Michaung Bay Surge,2023-12-02T16:00,0.0,1008.6,17.7,33.1,0.075,0.103,0.131
vizag_harbor,Visakhapatnam,Andhra Pradesh,East Coast (Bay of Bengal),17.6868,83.2185,4.5,2023 Cyclone Michaung Bay Surge,2023-12-02T17:00,0.0,1008.5,18.1,33.5,0.075,0.103,0.131
vizag_harbor,Visakhapatnam,Andhra Pradesh,East Coast (Bay of Bengal),17.6868,83.2185,4.5,2023 Cyclone Michaung Bay Surge,2023-12-02T18:00,0.1,1008.3,17.1,32.4,0.075,0.103,0.131
vizag_harbor,Visakhapatnam,Andhra Pradesh,East Coast (Bay of Bengal),17.6868,83.2185,4.5,2023 Cyclone Michaung Bay Surge,2023-12-02T19:00,0.0,1007.7,18.1,33.1,0.076,0.103,0.131
vizag_harbor,Visakhapatnam,Andhra Pradesh,East Coast (Bay of Bengal),17.6868,83.2185,4.5,2023 Cyclone Michaung Bay Surge,2023-12-02T20:00,0.0,1007.0,16.6,32.0,0.076,0.103,0.131
vizag_harbor,Visakhapatnam,Andhra Pradesh,East Coast (Bay of Bengal),17.6868,83.2185,4.5,2023 Cyclone Michaung Bay Surge,2023-12-02T21:00,0.0,1006.5,17.3,31.0,0.076,0.103,0.131
vizag_harbor,Visakhapatnam,Andhra Pradesh,East Coast (Bay of Bengal),17.6868,83.2185,4.5,2023 Cyclone Michaung Bay Surge,2023-12-02T22:00,0.0,1006.2,17.3,31.0,0.076,0.103,0.131
vizag_harbor,Visakhapatnam,Andhra Pradesh,East Coast (Bay of Bengal),17.6868,83.2185,4.5,2023 Cyclone Michaung Bay Surge,2023-12-02T23:00,0.0,1005.9,19.5,34.9,0.076,0.103,0.131
vizag_harbor,Visakhapatnam,Andhra Pradesh,East Coast (Bay of Bengal),17.6868,83.2185,4.5,2023 Cyclone Michaung Bay Surge,2023-12-03T00:00,0.0,1005.9,20.5,36.7,0.076,0.103,0.131
vizag_harbor,Visakhapatnam,Andhra Pradesh,East Coast (Bay of Bengal),17.6868,83.2185,4.5,2023 Cyclone Michaung Bay Surge,2023-12-03T01:00,0.0,1007.7,19.6,34.9,0.077,0.103,0.132
vizag_harbor,Visakhapatnam,Andhra Pradesh,East Coast (Bay of Bengal),17.6868,83.2185,4.5,2023 Cyclone Michaung Bay Surge,2023-12-03T02:00,0.0,1008.2,21.3,37.8,0.077,0.103,0.132
vizag_harbor,Visakhapatnam,Andhra Pradesh,East Coast (Bay of Bengal),17.6868,83.2185,4.5,2023 Cyclone Michaung Bay Surge,2023-12-03T03:00,0.0,1009.2,20.0,38.9,0.077,0.103,0.132
vizag_harbor,Visakhapatnam,Andhra Pradesh,East Coast (Bay of Bengal),17.6868,83.2185,4.5,2023 Cyclone Michaung Bay Surge,2023-12-03T04:00,0.0,1009.3,22.7,41.4,0.077,0.102,0.132
vizag_harbor,Visakhapatnam,Andhra Pradesh,East Coast (Bay of Bengal),17.6868,83.2185,4.5,2023 Cyclone Michaung Bay Surge,2023-12-03T05:00,0.0,1008.9,25.1,44.6,0.076,0.102,0.132
vizag_harbor,Visakhapatnam,Andhra Pradesh,East Coast (Bay of Bengal),17.6868,83.2185,4.5,2023 Cyclone Michaung Bay Surge,2023-12-03T06:00,0.0,1008.4,27.3,51.1,0.076,0.102,0.132
vizag_harbor,Visakhapatnam,Andhra Pradesh,East Coast (Bay of Bengal),17.6868,83.2185,4.5,2023 Cyclone Michaung Bay Surge,2023-12-03T07:00,0.7,1007.3,23.7,50.8,0.082,0.102,0.132
vizag_harbor,Visakhapatnam,Andhra Pradesh,East Coast (Bay of Bengal),17.6868,83.2185,4.5,2023 Cyclone Michaung Bay Surge,2023-12-03T08:00,0.8,1006.4,24.6,47.9,0.088,0.102,0.132
vizag_harbor,Visakhapatnam,Andhra Pradesh,East Coast (Bay of Bengal),17.6868,83.2185,4.5,2023 Cyclone Michaung Bay Surge,2023-12-03T09:00,0.3,1006.1,23.1,45.0,0.091,0.102,0.132
vizag_harbor,Visakhapatnam,Andhra Pradesh,East Coast (Bay of Bengal),17.6868,83.2185,4.5,2023 Cyclone Michaung Bay Surge,2023-12-03T10:00,0.3,1006.0,22.1,43.2,0.093,0.102,0.132
vizag_harbor,Visakhapatnam,Andhra Pradesh,East Coast (Bay of Bengal),17.6868,83.2185,4.5,2023 Cyclone Michaung Bay Surge,2023-12-03T11:00,0.2,1006.5,23.0,40.7,0.095,0.102,0.132
vizag_harbor,Visakhapatnam,Andhra Pradesh,East Coast (Bay of Bengal),17.6868,83.2185,4.5,2023 Cyclone Michaung Bay Surge,2023-12-03T12:00,1.1,1006.7,21.0,43.6,0.107,0.102,0.132
vizag_harbor,Visakhapatnam,Andhra Pradesh,East Coast (Bay of Bengal),17.6868,83.2185,4.5,2023 Cyclone Michaung Bay Surge,2023-12-03T13:00,0.0,1006.9,22.2,41.8,0.067,0.102,0.132
vizag_harbor,Visakhapatnam,Andhra Pradesh,East Coast (Bay of Bengal),17.6868,83.2185,4.5,2023 Cyclone Michaung Bay Surge,2023-12-03T14:00,0.1,1007.6,22.1,40.7,0.068,0.102,0.132
vizag_harbor,Visakhapatnam,Andhra Pradesh,East Coast (Bay of Bengal),17.6868,83.2185,4.5,2023 Cyclone Michaung Bay Surge,2023-12-03T15:00,0.2,1008.1,21.4,39.2,0.07,0.102,0.132
vizag_harbor,Visakhapatnam,Andhra Pradesh,East Coast (Bay of Bengal),17.6868,83.2185,4.5,2023 Cyclone Michaung Bay Surge,2023-12-03T16:00,0.1,1008.0,19.1,37.8,0.07,0.102,0.132
vizag_harbor,Visakhapatnam,Andhra Pradesh,East Coast (Bay of Bengal),17.6868,83.2185,4.5,2023 Cyclone Michaung Bay Surge,2023-12-03T17:00,0.2,1008.2,19.0,33.5,0.072,0.102,0.132
vizag_harbor,Visakhapatnam,Andhra Pradesh,East Coast (Bay of Bengal),17.6868,83.2185,4.5,2023 Cyclone Michaung Bay Surge,2023-12-03T18:00,0.2,1007.6,19.8,34.6,0.074,0.102,0.132
vizag_harbor,Visakhapatnam,Andhra Pradesh,East Coast (Bay of Bengal),17.6868,83.2185,4.5,2023 Cyclone Michaung Bay Surge,2023-12-03T19:00,0.2,1007.2,18.7,34.9,0.076,0.102,0.132
vizag_harbor,Visakhapatnam,Andhra Pradesh,East Coast (Bay of Bengal),17.6868,83.2185,4.5,2023 Cyclone Michaung Bay Surge,2023-12-03T20:00,0.2,1006.4,19.7,34.2,0.077,0.102,0.132
vizag_harbor,Visakhapatnam,Andhra Pradesh,East Coast (Bay of Bengal),17.6868,83.2185,4.5,2023 Cyclone Michaung Bay Surge,2023-12-03T21:00,0.1,1005.6,18.8,34.9,0.078,0.102,0.132
vizag_harbor,Visakhapatnam,Andhra Pradesh,East Coast (Bay of Bengal),17.6868,83.2185,4.5,2023 Cyclone Michaung Bay Surge,2023-12-03T22:00,0.7,1005.2,17.1,34.6,0.086,0.102,0.132
vizag_harbor,Visakhapatnam,Andhra Pradesh,East Coast (Bay of Bengal),17.6868,83.2185,4.5,2023 Cyclone Michaung Bay Surge,2023-12-03T23:00,1.6,1005.2,17.1,32.8,0.107,0.102,0.132
vizag_harbor,Visakhapatnam,Andhra Pradesh,East Coast (Bay of Bengal),17.6868,83.2185,4.5,2023 Cyclone Michaung Bay Surge,2023-12-04T00:00,2.3,1005.1,17.4,31.3,0.14,0.102,0.132
vizag_harbor,Visakhapatnam,Andhra Pradesh,East Coast (Bay of Bengal),17.6868,83.2185,4.5,2023 Cyclone Michaung Bay Surge,2023-12-04T01:00,1.0,1006.7,15.1,28.4,0.112,0.099,0.131
vizag_harbor,Visakhapatnam,Andhra Pradesh,East Coast (Bay of Bengal),17.6868,83.2185,4.5,2023 Cyclone Michaung Bay Surge,2023-12-04T02:00,1.8,1008.0,14.3,28.1,0.136,0.099,0.131
vizag_harbor,Visakhapatnam,Andhra Pradesh,East Coast (Bay of Bengal),17.6868,83.2185,4.5,2023 Cyclone Michaung Bay Surge,2023-12-04T03:00,2.6,1008.2,16.6,29.5,0.172,0.099,0.131
vizag_harbor,Visakhapatnam,Andhra Pradesh,East Coast (Bay of Bengal),17.6868,83.2185,4.5,2023 Cyclone Michaung Bay Surge,2023-12-04T04:00,1.4,1008.5,18.4,32.8,0.19,0.099,0.131
vizag_harbor,Visakhapatnam,Andhra Pradesh,East Coast (Bay of Bengal),17.6868,83.2185,4.5,2023 Cyclone Michaung Bay Surge,2023-12-04T05:00,1.4,1008.2,20.0,34.6,0.207,0.1,0.131
vizag_harbor,Visakhapatnam,Andhra Pradesh,East Coast (Bay of Bengal),17.6868,83.2185,4.5,2023 Cyclone Michaung Bay Surge,2023-12-04T06:00,1.9,1007.2,20.3,37.8,0.23,0.1,0.131
vizag_harbor,Visakhapatnam,Andhra Pradesh,East Coast (Bay of Bengal),17.6868,83.2185,4.5,2023 Cyclone Michaung Bay Surge,2023-12-04T07:00,1.9,1006.2,20.1,40.0,0.25,0.101,0.131
vizag_harbor,Visakhapatnam,Andhra Pradesh,East Coast (Bay of Bengal),17.6868,83.2185,4.5,2023 Cyclone Michaung Bay Surge,2023-12-04T08:00,1.1,1005.0,20.1,36.7,0.257,0.103,0.131
vizag_harbor,Visakhapatnam,Andhra Pradesh,East Coast (Bay of Bengal),17.6868,83.2185,4.5,2023 Cyclone Michaung Bay Surge,2023-12-04T09:00,1.0,1004.2,19.0,37.1,0.262,0.106,0.131
vizag_harbor,Visakhapatnam,Andhra Pradesh,East Coast (Bay of Bengal),17.6868,83.2185,4.5,2023 Cyclone Michaung Bay Surge,2023-12-04T10:00,0.8,1004.4,17.8,33.5,0.265,0.108,0.131
vizag_harbor,Visakhapatnam,Andhra Pradesh,East Coast (Bay of Bengal),17.6868,83.2185,4.5,2023 Cyclone Michaung Bay Surge,2023-12-04T11:00,2.2,1005.0,17.7,32.8,0.284,0.112,0.131
vizag_harbor,Visakhapatnam,Andhra Pradesh,East Coast (Bay of Bengal),17.6868,83.2185,4.5,2023 Cyclone Michaung Bay Surge,2023-12-04T12:00,3.2,1005.3,15.5,31.3,0.308,0.118,0.131
vizag_harbor,Visakhapatnam,Andhra Pradesh,East Coast (Bay of Bengal),17.6868,83.2185,4.5,2023 Cyclone Michaung Bay Surge,2023-12-04T13:00,1.7,1006.9,15.1,28.4,0.31,0.174,0.131
vizag_harbor,Visakhapatnam,Andhra Pradesh,East Coast (Bay of Bengal),17.6868,83.2185,4.5,2023 Cyclone Michaung Bay Surge,2023-12-04T14:00,1.3,1008.0,12.4,27.4,0.307,0.18,0.131
vizag_harbor,Visakhapatnam,Andhra Pradesh,East Coast (Bay of Bengal),17.6868,83.2185,4.5,2023 Cyclone Michaung Bay Surge,2023-12-04T15:00,0.9,1007.5,15.4,27.4,0.302,0.186,0.131
vizag_harbor,Visakhapatnam,Andhra Pradesh,East Coast (Bay of Bengal),17.6868,83.2185,4.5,2023 Cyclone Michaung Bay Surge,2023-12-04T16:00,0.2,1007.3,16.8,29.5,0.291,0.19,0.131
vizag_harbor,Visakhapatnam,Andhra Pradesh,East Coast (Bay of Bengal),17.6868,83.2185,4.5,2023 Cyclone Michaung Bay Surge,2023-12-04T17:00,0.0,1007.0,15.0,29.5,0.282,0.193,0.131
vizag_harbor,Visakhapatnam,Andhra Pradesh,East Coast (Bay of Bengal),17.6868,83.2185,4.5,2023 Cyclone Michaung Bay Surge,2023-12-04T18:00,0.0,1006.1,14.6,28.4,0.276,0.195,0.131
vizag_harbor,Visakhapatnam,Andhra Pradesh,East Coast (Bay of Bengal),17.6868,83.2185,4.5,2023 Cyclone Michaung Bay Surge,2023-12-04T19:00,0.2,1005.9,14.0,25.6,0.273,0.197,0.131
vizag_harbor,Visakhapatnam,Andhra Pradesh,East Coast (Bay of Bengal),17.6868,83.2185,4.5,2023 Cyclone Michaung Bay Surge,2023-12-04T20:00,0.9,1005.4,12.2,24.5,0.28,0.199,0.131
vizag_harbor,Visakhapatnam,Andhra Pradesh,East Coast (Bay of Bengal),17.6868,83.2185,4.5,2023 Cyclone Michaung Bay Surge,2023-12-04T21:00,1.1,1004.9,13.3,24.5,0.288,0.201,0.131
vizag_harbor,Visakhapatnam,Andhra Pradesh,East Coast (Bay of Bengal),17.6868,83.2185,4.5,2023 Cyclone Michaung Bay Surge,2023-12-04T22:00,1.0,1004.5,13.7,24.8,0.293,0.204,0.131
vizag_harbor,Visakhapatnam,Andhra Pradesh,East Coast (Bay of Bengal),17.6868,83.2185,4.5,2023 Cyclone Michaung Bay Surge,2023-12-04T23:00,4.9,1004.2,12.0,24.1,0.339,0.212,0.131
vizag_harbor,Visakhapatnam,Andhra Pradesh,East Coast (Bay of Bengal),17.6868,83.2185,4.5,2023 Cyclone Michaung Bay Surge,2023-12-05T00:00,2.8,1004.9,8.4,22.7,0.335,0.226,0.131
vizag_harbor,Visakhapatnam,Andhra Pradesh,East Coast (Bay of Bengal),17.6868,83.2185,4.5,2023 Cyclone Michaung Bay Surge,2023-12-05T01:00,0.4,1005.0,14.2,26.6,0.325,0.283,0.133
vizag_harbor,Visakhapatnam,Andhra Pradesh,East Coast (Bay of Bengal),17.6868,83.2185,4.5,2023 Cyclone Michaung Bay Surge,2023-12-05T02:00,1.3,1006.0,15.4,29.5,0.328,0.286,0.133
vizag_harbor,Visakhapatnam,Andhra Pradesh,East Coast (Bay of Bengal),17.6868,83.2185,4.5,2023 Cyclone Michaung Bay Surge,2023-12-05T03:00,0.6,1006.5,15.5,30.6,0.322,0.289,0.134
vizag_harbor,Visakhapatnam,Andhra Pradesh,East Coast (Bay of Bengal),17.6868,83.2185,4.5,2023 Cyclone Michaung Bay Surge,2023-12-05T04:00,0.7,1006.7,18.1,33.5,0.32,0.291,0.134
vizag_harbor,Visakhapatnam,Andhra Pradesh,East Coast (Bay of Bengal),17.6868,83.2185,4.5,2023 Cyclone Michaung Bay Surge,2023-12-05T05:00,1.9,1006.6,16.2,38.9,0.33,0.293,0.135
vizag_harbor,Visakhapatnam,Andhra Pradesh,East Coast (Bay of Bengal),17.6868,83.2185,4.5,2023 Cyclone Michaung Bay Surge,2023-12-05T06:00,0.8,1005.9,15.7,38.9,0.325,0.295,0.135
vizag_harbor,Visakhapatnam,Andhra Pradesh,East Coast (Bay of Bengal),17.6868,83.2185,4.5,2023 Cyclone Michaung Bay Surge,2023-12-05T07:00,1.3,1004.4,15.0,33.1,0.327,0.297,0.136
vizag_harbor,Visakhapatnam,Andhra Pradesh,East Coast (Bay of Bengal),17.6868,83.2185,4.5,2023 Cyclone Michaung Bay Surge,2023-12-05T08:00,0.6,1004.0,16.0,37.8,0.321,0.298,0.137
vizag_harbor,Visakhapatnam,Andhra Pradesh,East Coast (Bay of Bengal),17.6868,83.2185,4.5,2023 Cyclone Michaung Bay Surge,2023-12-05T09:00,1.2,1003.8,10.1,35.3,0.326,0.299,0.137
vizag_harbor,Visakhapatnam,Andhra Pradesh,East Coast (Bay of Bengal),17.6868,83.2185,4.5,2023 Cyclone Michaung Bay Surge,2023-12-05T10:00,0.5,1003.8,10.0,21.2,0.321,0.3,0.138
vizag_harbor,Visakhapatnam,Andhra Pradesh,East Coast (Bay of Bengal),17.6868,83.2185,4.5,2023 Cyclone Michaung Bay Surge,2023-12-05T11:00,0.5,1004.1,10.6,19.1,0.318,0.3,0.139
vizag_harbor,Visakhapatnam,Andhra Pradesh,East Coast (Bay of Bengal),17.6868,83.2185,4.5,2023 Cyclone Michaung Bay Surge,2023-12-05T12:00,0.6,1004.9,9.8,20.2,0.319,0.3,0.139
vizag_harbor,Visakhapatnam,Andhra Pradesh,East Coast (Bay of Bengal),17.6868,83.2185,4.5,2023 Cyclone Michaung Bay Surge,2023-12-05T13:00,0.4,1005.6,16.0,29.9,0.351,0.356,0.161
vizag_harbor,Visakhapatnam,Andhra Pradesh,East Coast (Bay of Bengal),17.6868,83.2185,4.5,2023 Cyclone Michaung Bay Surge,2023-12-05T14:00,1.0,1006.1,10.9,27.7,0.351,0.349,0.165
vizag_harbor,Visakhapatnam,Andhra Pradesh,East Coast (Bay of Bengal),17.6868,83.2185,4.5,2023 Cyclone Michaung Bay Surge,2023-12-05T15:00,2.0,1006.3,13.7,24.8,0.359,0.345,0.168
vizag_harbor,Visakhapatnam,Andhra Pradesh,East Coast (Bay of Bengal),17.6868,83.2185,4.5,2023 Cyclone Michaung Bay Surge,2023-12-05T16:00,1.7,1006.9,10.7,25.6,0.36,0.344,0.171
vizag_harbor,Visakhapatnam,Andhra Pradesh,East Coast (Bay of Bengal),17.6868,83.2185,4.5,2023 Cyclone Michaung Bay Surge,2023-12-05T17:00,2.9,1006.7,11.3,23.4,0.366,0.346,0.173
vizag_harbor,Visakhapatnam,Andhra Pradesh,East Coast (Bay of Bengal),17.6868,83.2185,4.5,2023 Cyclone Michaung Bay Surge,2023-12-05T18:00,3.5,1006.6,13.3,23.8,0.371,0.351,0.176
vizag_harbor,Visakhapatnam,Andhra Pradesh,East Coast (Bay of Bengal),17.6868,83.2185,4.5,2023 Cyclone Michaung Bay Surge,2023-12-05T19:00,1.6,1006.1,12.7,27.0,0.362,0.35,0.179
vizag_harbor,Visakhapatnam,Andhra Pradesh,East Coast (Bay of Bengal),17.6868,83.2185,4.5,2023 Cyclone Michaung Bay Surge,2023-12-05T20:00,5.8,1005.3,13.9,25.2,0.382,0.359,0.183
vizag_harbor,Visakhapatnam,Andhra Pradesh,East Coast (Bay of Bengal),17.6868,83.2185,4.5,2023 Cyclone Michaung Bay Surge,2023-12-05T21:00,5.6,1004.6,13.6,28.1,0.385,0.368,0.188
vizag_harbor,Visakhapatnam,Andhra Pradesh,East Coast (Bay of Bengal),17.6868,83.2185,4.5,2023 Cyclone Michaung Bay Surge,2023-12-05T22:00,4.4,1004.3,21.7,36.0,0.376,0.37,0.194
vizag_harbor,Visakhapatnam,Andhra Pradesh,East Coast (Bay of Bengal),17.6868,83.2185,4.5,2023 Cyclone Michaung Bay Surge,2023-12-05T23:00,2.5,1004.5,15.3,41.4,0.371,0.364,0.199
vizag_harbor,Visakhapatnam,Andhra Pradesh,East Coast (Bay of Bengal),17.6868,83.2185,4.5,2023 Cyclone Michaung Bay Surge,2023-12-06T00:00,5.4,1005.1,14.8,31.0,0.38,0.369,0.204
vizag_harbor,Visakhapatnam,Andhra Pradesh,East Coast (Bay of Bengal),17.6868,83.2185,4.5,2023 Cyclone Michaung Bay Surge,2023-12-06T01:00,1.7,1006.1,12.7,29.9,0.363,0.353,0.209
vizag_harbor,Visakhapatnam,Andhra Pradesh,East Coast (Bay of Bengal),17.6868,83.2185,4.5,2023 Cyclone Michaung Bay Surge,2023-12-06T02:00,1.8,1007.3,13.2,25.6,0.363,0.351,0.212
vizag_harbor,Visakhapatnam,Andhra Pradesh,East Coast (Bay of Bengal),17.6868,83.2185,4.5,2023 Cyclone Michaung Bay Surge,2023-12-06T03:00,3.4,1007.8,10.9,22.7,0.372,0.354,0.215
vizag_harbor,Visakhapatnam,Andhra Pradesh,East Coast (Bay of Bengal),17.6868,83.2185,4.5,2023 Cyclone Michaung Bay Surge,2023-12-06T04:00,2.4,1008.4,15.3,30.2,0.372,0.354,0.218
vizag_harbor,Visakhapatnam,Andhra Pradesh,East Coast (Bay of Bengal),17.6868,83.2185,4.5,2023 Cyclone Michaung Bay Surge,2023-12-06T05:00,0.7,1007.8,9.8,28.1,0.353,0.352,0.221
vizag_harbor,Visakhapatnam,Andhra Pradesh,East Coast (Bay of Bengal),17.6868,83.2185,4.5,2023 Cyclone Michaung Bay Surge,2023-12-06T06:00,0.1,1006.9,12.1,28.8,0.342,0.347,0.224
vizag_harbor,Visakhapatnam,Andhra Pradesh,East Coast (Bay of Bengal),17.6868,83.2185,4.5,2023 Cyclone Michaung Bay Surge,2023-12-06T07:00,0.0,1005.6,10.9,29.2,0.333,0.342,0.226
vizag_harbor,Visakhapatnam,Andhra Pradesh,East Coast (Bay of Bengal),17.6868,83.2185,4.5,2023 Cyclone Michaung Bay Surge,2023-12-06T08:00,0.0,1004.4,12.6,25.9,0.326,0.337,0.228
vizag_harbor,Visakhapatnam,Andhra Pradesh,East Coast (Bay of Bengal),17.6868,83.2185,4.5,2023 Cyclone Michaung Bay Surge,2023-12-06T09:00,0.0,1004.0,13.0,26.3,0.32,0.333,0.229
vizag_harbor,Visakhapatnam,Andhra Pradesh,East Coast (Bay of Bengal),17.6868,83.2185,4.5,2023 Cyclone Michaung Bay Surge,2023-12-06T10:00,0.0,1004.2,13.8,26.3,0.316,0.33,0.231
vizag_harbor,Visakhapatnam,Andhra Pradesh,East Coast (Bay of Bengal),17.6868,83.2185,4.5,2023 Cyclone Michaung Bay Surge,2023-12-06T11:00,0.1,1004.6,12.9,26.3,0.313,0.327,0.232
vizag_harbor,Visakhapatnam,Andhra Pradesh,East Coast (Bay of Bengal),17.6868,83.2185,4.5,2023 Cyclone Michaung Bay Surge,2023-12-06T12:00,0.2,1005.3,12.1,22.3,0.312,0.324,0.233
vizag_harbor,Visakhapatnam,Andhra Pradesh,East Coast (Bay of Bengal),17.6868,83.2185,4.5,2023 Cyclone Michaung Bay Surge,2023-12-06T13:00,0.7,1006.3,4.1,12.2,0.342,0.341,0.249
vizag_harbor,Visakhapatnam,Andhra Pradesh,East Coast (Bay of Bengal),17.6868,83.2185,4.5,2023 Cyclone Michaung Bay Surge,2023-12-06T14:00,0.1,1007.2,7.6,12.2,0.335,0.339,0.25
vizag_harbor,Visakhapatnam,Andhra Pradesh,East Coast (Bay of Bengal),17.6868,83.2185,4.5,2023 Cyclone Michaung Bay Surge,2023-12-06T15:00,0.1,1007.8,8.0,17.6,0.329,0.336,0.252
vizag_harbor,Visakhapatnam,Andhra Pradesh,East Coast (Bay of Bengal),17.6868,83.2185,4.5,2023 Cyclone Michaung Bay Surge,2023-12-06T16:00,1.1,1008.1,5.3,14.4,0.338,0.334,0.253
vizag_harbor,Visakhapatnam,Andhra Pradesh,East Coast (Bay of Bengal),17.6868,83.2185,4.5,2023 Cyclone Michaung Bay Surge,2023-12-06T17:00,1.2,1007.8,4.7,13.0,0.342,0.334,0.254
vizag_harbor,Visakhapatnam,Andhra Pradesh,East Coast (Bay of Bengal),17.6868,83.2185,4.5,2023 Cyclone Michaung Bay Surge,2023-12-06T18:00,0.3,1007.5,2.5,7.2,0.336,0.333,0.255
vizag_harbor,Visakhapatnam,Andhra Pradesh,East Coast (Bay of Bengal),17.6868,83.2185,4.5,2023 Cyclone Michaung Bay Surge,2023-12-06T19:00,0.2,1006.7,4.0,6.5,0.331,0.331,0.257
vizag_harbor,Visakhapatnam,Andhra Pradesh,East Coast (Bay of Bengal),17.6868,83.2185,4.5,2023 Cyclone Michaung Bay Surge,2023-12-06T20:00,0.3,1006.1,9.0,15.5,0.329,0.33,0.258
vizag_harbor,Visakhapatnam,Andhra Pradesh,East Coast (Bay of Bengal),17.6868,83.2185,4.5,2023 Cyclone Michaung Bay Surge,2023-12-06T21:00,0.0,1005.4,6.1,15.1,0.323,0.328,0.259
vizag_harbor,Visakhapatnam,Andhra Pradesh,East Coast (Bay of Bengal),17.6868,83.2185,4.5,2023 Cyclone Michaung Bay Surge,2023-12-06T22:00,0.4,1005.4,6.0,11.2,0.323,0.326,0.26
vizag_harbor,Visakhapatnam,Andhra Pradesh,East Coast (Bay of Bengal),17.6868,83.2185,4.5,2023 Cyclone Michaung Bay Surge,2023-12-06T23:00,0.0,1005.3,6.0,10.4,0.318,0.325,0.26
vizag_harbor,Visakhapatnam,Andhra Pradesh,East Coast (Bay of Bengal),17.6868,83.2185,4.5,2023 Cyclone Michaung Bay Surge,2023-12-07T00:00,0.0,1005.7,3.4,10.1,0.315,0.323,0.261
vizag_harbor,Visakhapatnam,Andhra Pradesh,East Coast (Bay of Bengal),17.6868,83.2185,4.5,2023 Cyclone Michaung Bay Surge,2023-12-07T01:00,0.0,1006.8,7.6,14.0,0.312,0.326,0.266
vizag_harbor,Visakhapatnam,Andhra Pradesh,East Coast (Bay of Bengal),17.6868,83.2185,4.5,2023 Cyclone Michaung Bay Surge,2023-12-07T02:00,0.0,1007.4,7.6,14.4,0.309,0.324,0.266
vizag_harbor,Visakhapatnam,Andhra Pradesh,East Coast (Bay of Bengal),17.6868,83.2185,4.5,2023 Cyclone Michaung Bay Surge,2023-12-07T03:00,0.0,1008.5,7.1,16.2,0.307,0.322,0.267
vizag_harbor,Visakhapatnam,Andhra Pradesh,East Coast (Bay of Bengal),17.6868,83.2185,4.5,2023 Cyclone Michaung Bay Surge,2023-12-07T04:00,0.1,1008.7,5.6,17.3,0.305,0.32,0.268
vizag_harbor,Visakhapatnam,Andhra Pradesh,East Coast (Bay of Bengal),17.6868,83.2185,4.5,2023 Cyclone Michaung Bay Surge,2023-12-07T05:00,0.0,1008.3,3.0,20.2,0.302,0.318,0.268
vizag_harbor,Visakhapatnam,Andhra Pradesh,East Coast (Bay of Bengal),17.6868,83.2185,4.5,2023 Cyclone Michaung Bay Surge,2023-12-07T06:00,0.0,1007.2,3.7,19.1,0.299,0.316,0.269
vizag_harbor,Visakhapatnam,Andhra Pradesh,East Coast (Bay of Bengal),17.6868,83.2185,4.5,2023 Cyclone Michaung Bay Surge,2023-12-07T07:00,0.1,1005.8,6.4,23.0,0.296,0.313,0.269
vizag_harbor,Visakhapatnam,Andhra Pradesh,East Coast (Bay of Bengal),17.6868,83.2185,4.5,2023 Cyclone Michaung Bay Surge,2023-12-07T08:00,0.0,1004.6,8.9,25.6,0.294,0.311,0.269
vizag_harbor,Visakhapatnam,Andhra Pradesh,East Coast (Bay of Bengal),17.6868,83.2185,4.5,2023 Cyclone Michaung Bay Surge,2023-12-07T09:00,0.5,1004.3,9.9,26.3,0.295,0.31,0.269
vizag_harbor,Visakhapatnam,Andhra Pradesh,East Coast (Bay of Bengal),17.6868,83.2185,4.5,2023 Cyclone Michaung Bay Surge,2023-12-07T10:00,0.1,1004.2,7.8,21.2,0.294,0.308,0.27
vizag_harbor,Visakhapatnam,Andhra Pradesh,East Coast (Bay of Bengal),17.6868,83.2185,4.5,2023 Cyclone Michaung Bay Surge,2023-12-07T11:00,0.0,1004.7,8.0,16.9,0.293,0.307,0.27
vizag_harbor,Visakhapatnam,Andhra Pradesh,East Coast (Bay of Bengal),17.6868,83.2185,4.5,2023 Cyclone Michaung Bay Surge,2023-12-07T12:00,0.0,1005.3,4.6,15.8,0.291,0.306,0.27
vizag_harbor,Visakhapatnam,Andhra Pradesh,East Coast (Bay of Bengal),17.6868,83.2185,4.5,2023 Cyclone Michaung Bay Surge,2023-12-07T13:00,0.0,1006.3,4.7,6.5,0.284,0.301,0.27
vizag_harbor,Visakhapatnam,Andhra Pradesh,East Coast (Bay of Bengal),17.6868,83.2185,4.5,2023 Cyclone Michaung Bay Surge,2023-12-07T14:00,0.0,1007.9,8.3,10.8,0.283,0.3,0.27
vizag_harbor,Visakhapatnam,Andhra Pradesh,East Coast (Bay of Bengal),17.6868,83.2185,4.5,2023 Cyclone Michaung Bay Surge,2023-12-07T15:00,0.1,1008.0,4.3,21.2,0.283,0.3,0.271
vizag_harbor,Visakhapatnam,Andhra Pradesh,East Coast (Bay of Bengal),17.6868,83.2185,4.5,2023 Cyclone Michaung Bay Surge,2023-12-07T16:00,0.0,1008.0,2.5,5.8,0.283,0.299,0.271
vizag_harbor,Visakhapatnam,Andhra Pradesh,East Coast (Bay of Bengal),17.6868,83.2185,4.5,2023 Cyclone Michaung Bay Surge,2023-12-07T17:00,0.0,1007.8,3.7,6.5,0.282,0.298,0.271
vizag_harbor,Visakhapatnam,Andhra Pradesh,East Coast (Bay of Bengal),17.6868,83.2185,4.5,2023 Cyclone Michaung Bay Surge,2023-12-07T18:00,0.0,1007.3,3.9,6.5,0.282,0.297,0.271
vizag_harbor,Visakhapatnam,Andhra Pradesh,East Coast (Bay of Bengal),17.6868,83.2185,4.5,2023 Cyclone Michaung Bay Surge,2023-12-07T19:00,0.0,1006.9,4.0,6.8,0.281,0.296,0.271
vizag_harbor,Visakhapatnam,Andhra Pradesh,East Coast (Bay of Bengal),17.6868,83.2185,4.5,2023 Cyclone Michaung Bay Surge,2023-12-07T20:00,0.0,1006.6,4.0,6.8,0.281,0.296,0.272
vizag_harbor,Visakhapatnam,Andhra Pradesh,East Coast (Bay of Bengal),17.6868,83.2185,4.5,2023 Cyclone Michaung Bay Surge,2023-12-07T21:00,0.0,1005.9,5.0,7.6,0.28,0.295,0.272
vizag_harbor,Visakhapatnam,Andhra Pradesh,East Coast (Bay of Bengal),17.6868,83.2185,4.5,2023 Cyclone Michaung Bay Surge,2023-12-07T22:00,0.0,1005.7,5.2,7.6,0.28,0.294,0.272
vizag_harbor,Visakhapatnam,Andhra Pradesh,East Coast (Bay of Bengal),17.6868,83.2185,4.5,2023 Cyclone Michaung Bay Surge,2023-12-07T23:00,0.0,1006.0,5.0,8.3,0.279,0.294,0.272
vizag_harbor,Visakhapatnam,Andhra Pradesh,East Coast (Bay of Bengal),17.6868,83.2185,4.5,2023 Cyclone Michaung Bay Surge,2023-12-08T00:00,0.0,1006.6,5.8,9.7,0.279,0.293,0.272
vizag_harbor,Visakhapatnam,Andhra Pradesh,East Coast (Bay of Bengal),17.6868,83.2185,4.5,2023 Cyclone Michaung Bay Surge,2023-12-08T01:00,0.0,1007.4,6.5,12.2,0.274,0.29,0.272
vizag_harbor,Visakhapatnam,Andhra Pradesh,East Coast (Bay of Bengal),17.6868,83.2185,4.5,2023 Cyclone Michaung Bay Surge,2023-12-08T02:00,0.0,1008.4,7.8,15.5,0.274,0.29,0.272
vizag_harbor,Visakhapatnam,Andhra Pradesh,East Coast (Bay of Bengal),17.6868,83.2185,4.5,2023 Cyclone Michaung Bay Surge,2023-12-08T03:00,0.0,1009.2,7.0,15.8,0.273,0.289,0.272
vizag_harbor,Visakhapatnam,Andhra Pradesh,East Coast (Bay of Bengal),17.6868,83.2185,4.5,2023 Cyclone Michaung Bay Surge,2023-12-08T04:00,0.0,1009.5,7.9,18.7,0.272,0.288,0.272
vizag_harbor,Visakhapatnam,Andhra Pradesh,East Coast (Bay of Bengal),17.6868,83.2185,4.5,2023 Cyclone Michaung Bay Surge,2023-12-08T05:00,0.0,1009.3,7.1,19.1,0.27,0.287,0.272
vizag_harbor,Visakhapatnam,Andhra Pradesh,East Coast (Bay of Bengal),17.6868,83.2185,4.5,2023 Cyclone Michaung Bay Surge,2023-12-08T06:00,0.0,1008.2,4.6,18.0,0.268,0.286,0.272
vizag_harbor,Visakhapatnam,Andhra Pradesh,East Coast (Bay of Bengal),17.6868,83.2185,4.5,2023 Cyclone Michaung Bay Surge,2023-12-08T07:00,0.0,1006.6,3.5,14.8,0.266,0.284,0.272
vizag_harbor,Visakhapatnam,Andhra Pradesh,East Coast (Bay of Bengal),17.6868,83.2185,4.5,2023 Cyclone Michaung Bay Surge,2023-12-08T08:00,0.0,1005.9,6.9,17.3,0.264,0.283,0.272
vizag_harbor,Visakhapatnam,Andhra Pradesh,East Coast (Bay of Bengal),17.6868,83.2185,4.5,2023 Cyclone Michaung Bay Surge,2023-12-08T09:00,0.0,1005.5,8.8,19.4,0.262,0.282,0.272
vizag_harbor,Visakhapatnam,Andhra Pradesh,East Coast (Bay of Bengal),17.6868,83.2185,4.5,2023 Cyclone Michaung Bay Surge,2023-12-08T10:00,0.0,1005.8,9.7,19.8,0.261,0.281,0.272
vizag_harbor,Visakhapatnam,Andhra Pradesh,East Coast (Bay of Bengal),17.6868,83.2185,4.5,2023 Cyclone Michaung Bay Surge,2023-12-08T11:00,0.0,1006.2,9.0,19.4,0.261,0.28,0.272
vizag_harbor,Visakhapatnam,Andhra Pradesh,East Coast (Bay of Bengal),17.6868,83.2185,4.5,2023 Cyclone Michaung Bay Surge,2023-12-08T12:00,0.0,1006.9,5.4,15.8,0.261,0.279,0.272
vizag_harbor,Visakhapatnam,Andhra Pradesh,East Coast (Bay of Bengal),17.6868,83.2185,4.5,2023 Cyclone Michaung Bay Surge,2023-12-08T13:00,0.0,1007.6,5.4,10.8,0.26,0.279,0.272
vizag_harbor,Visakhapatnam,Andhra Pradesh,East Coast (Bay of Bengal),17.6868,83.2185,4.5,2023 Cyclone Michaung Bay Surge,2023-12-08T14:00,0.0,1008.4,7.4,9.4,0.26,0.279,0.272
vizag_harbor,Visakhapatnam,Andhra Pradesh,East Coast (Bay of Bengal),17.6868,83.2185,4.5,2023 Cyclone Michaung Bay Surge,2023-12-08T15:00,0.0,1008.9,5.4,9.4,0.26,0.278,0.272
vizag_harbor,Visakhapatnam,Andhra Pradesh,East Coast (Bay of Bengal),17.6868,83.2185,4.5,2023 Cyclone Michaung Bay Surge,2023-12-08T16:00,0.0,1009.2,6.6,9.4,0.261,0.278,0.272
vizag_harbor,Visakhapatnam,Andhra Pradesh,East Coast (Bay of Bengal),17.6868,83.2185,4.5,2023 Cyclone Michaung Bay Surge,2023-12-08T17:00,0.0,1009.6,2.6,7.9,0.261,0.277,0.272
vizag_harbor,Visakhapatnam,Andhra Pradesh,East Coast (Bay of Bengal),17.6868,83.2185,4.5,2023 Cyclone Michaung Bay Surge,2023-12-08T18:00,0.0,1009.4,4.6,6.8,0.261,0.277,0.272
vizag_harbor,Visakhapatnam,Andhra Pradesh,East Coast (Bay of Bengal),17.6868,83.2185,4.5,2023 Cyclone Michaung Bay Surge,2023-12-08T19:00,0.0,1009.2,7.5,13.0,0.261,0.277,0.272
vizag_harbor,Visakhapatnam,Andhra Pradesh,East Coast (Bay of Bengal),17.6868,83.2185,4.5,2023 Cyclone Michaung Bay Surge,2023-12-08T20:00,0.0,1008.7,8.1,14.0,0.261,0.276,0.272
vizag_harbor,Visakhapatnam,Andhra Pradesh,East Coast (Bay of Bengal),17.6868,83.2185,4.5,2023 Cyclone Michaung Bay Surge,2023-12-08T21:00,0.0,1008.3,6.7,14.0,0.261,0.276,0.272
vizag_harbor,Visakhapatnam,Andhra Pradesh,East Coast (Bay of Bengal),17.6868,83.2185,4.5,2023 Cyclone Michaung Bay Surge,2023-12-08T22:00,0.0,1008.3,7.5,12.6,0.261,0.276,0.272
vizag_harbor,Visakhapatnam,Andhra Pradesh,East Coast (Bay of Bengal),17.6868,83.2185,4.5,2023 Cyclone Michaung Bay Surge,2023-12-08T23:00,0.0,1008.7,9.2,16.2,0.26,0.275,0.272
vizag_harbor,Visakhapatnam,Andhra Pradesh,East Coast (Bay of Bengal),17.6868,83.2185,4.5,2023 Cyclone Michaung Bay Surge,2023-12-09T00:00,0.0,1009.2,8.9,16.2,0.26,0.275,0.272
vizag_harbor,Visakhapatnam,Andhra Pradesh,East Coast (Bay of Bengal),17.6868,83.2185,4.5,2023 Cyclone Michaung Bay Surge,2023-12-09T01:00,0.0,1010.0,8.7,16.6,0.258,0.275,0.272
vizag_harbor,Visakhapatnam,Andhra Pradesh,East Coast (Bay of Bengal),17.6868,83.2185,4.5,2023 Cyclone Michaung Bay Surge,2023-12-09T02:00,0.0,1010.8,8.9,16.6,0.258,0.275,0.272
vizag_harbor,Visakhapatnam,Andhra Pradesh,East Coast (Bay of Bengal),17.6868,83.2185,4.5,2023 Cyclone Michaung Bay Surge,2023-12-09T03:00,0.0,1011.5,10.7,21.6,0.258,0.274,0.272
vizag_harbor,Visakhapatnam,Andhra Pradesh,East Coast (Bay of Bengal),17.6868,83.2185,4.5,2023 Cyclone Michaung Bay Surge,2023-12-09T04:00,0.0,1011.7,11.7,24.8,0.257,0.273,0.272
vizag_harbor,Visakhapatnam,Andhra Pradesh,East Coast (Bay of Bengal),17.6868,83.2185,4.5,2023 Cyclone Michaung Bay Surge,2023-12-09T05:00,0.0,1011.4,11.3,24.8,0.255,0.272,0.271
vizag_harbor,Visakhapatnam,Andhra Pradesh,East Coast (Bay of Bengal),17.6868,83.2185,4.5,2023 Cyclone Michaung Bay Surge,2023-12-09T06:00,0.0,1010.3,11.8,25.2,0.253,0.271,0.271
vizag_harbor,Visakhapatnam,Andhra Pradesh,East Coast (Bay of Bengal),17.6868,83.2185,4.5,2023 Cyclone Michaung Bay Surge,2023-12-09T07:00,0.0,1009.0,11.5,25.2,0.251,0.27,0.271
vizag_harbor,Visakhapatnam,Andhra Pradesh,East Coast (Bay of Bengal),17.6868,83.2185,4.5,2023 Cyclone Michaung Bay Surge,2023-12-09T08:00,0.0,1008.1,12.0,25.6,0.25,0.269,0.271
vizag_harbor,Visakhapatnam,Andhra Pradesh,East Coast (Bay of Bengal),17.6868,83.2185,4.5,2023 Cyclone Michaung Bay Surge,2023-12-09T09:00,0.0,1007.5,12.3,25.6,0.248,0.268,0.271
vizag_harbor,Visakhapatnam,Andhra Pradesh,East Coast (Bay of Bengal),17.6868,83.2185,4.5,2023 Cyclone Michaung Bay Surge,2023-12-09T10:00,0.0,1007.1,12.2,25.2,0.248,0.267,0.271
vizag_harbor,Visakhapatnam,Andhra Pradesh,East Coast (Bay of Bengal),17.6868,83.2185,4.5,2023 Cyclone Michaung Bay Surge,2023-12-09T11:00,0.0,1007.3,10.5,23.4,0.247,0.267,0.271
vizag_harbor,Visakhapatnam,Andhra Pradesh,East Coast (Bay of Bengal),17.6868,83.2185,4.5,2023 Cyclone Michaung Bay Surge,2023-12-09T12:00,0.0,1007.6,9.4,18.7,0.247,0.266,0.27
vizag_harbor,Visakhapatnam,Andhra Pradesh,East Coast (Bay of Bengal),17.6868,83.2185,4.5,2023 Cyclone Michaung Bay Surge,2023-12-09T13:00,0.0,1008.0,6.8,14.0,0.242,0.264,0.27
vizag_harbor,Visakhapatnam,Andhra Pradesh,East Coast (Bay of Bengal),17.6868,83.2185,4.5,2023 Cyclone Michaung Bay Surge,2023-12-09T14:00,0.0,1008.5,5.9,11.5,0.243,0.264,0.27
vizag_harbor,Visakhapatnam,Andhra Pradesh,East Coast (Bay of Bengal),17.6868,83.2185,4.5,2023 Cyclone Michaung Bay Surge,2023-12-09T15:00,0.0,1008.9,6.9,9.4,0.243,0.264,0.27
vizag_harbor,Visakhapatnam,Andhra Pradesh,East Coast (Bay of Bengal),17.6868,83.2185,4.5,2023 Cyclone Michaung Bay Surge,2023-12-09T16:00,0.0,1009.2,4.0,9.0,0.243,0.263,0.27
vizag_harbor,Visakhapatnam,Andhra Pradesh,East Coast (Bay of Bengal),17.6868,83.2185,4.5,2023 Cyclone Michaung Bay Surge,2023-12-09T17:00,0.1,1009.5,7.2,12.2,0.244,0.263,0.27
vizag_harbor,Visakhapatnam,Andhra Pradesh,East Coast (Bay of Bengal),17.6868,83.2185,4.5,2023 Cyclone Michaung Bay Surge,2023-12-09T18:00,0.2,1009.2,6.5,13.7,0.246,0.263,0.27
vizag_harbor,Visakhapatnam,Andhra Pradesh,East Coast (Bay of Bengal),17.6868,83.2185,4.5,2023 Cyclone Michaung Bay Surge,2023-12-09T19:00,0.0,1008.9,5.9,11.5,0.246,0.263,0.27
vizag_harbor,Visakhapatnam,Andhra Pradesh,East Coast (Bay of Bengal),17.6868,83.2185,4.5,2023 Cyclone Michaung Bay Surge,2023-12-09T20:00,0.0,1008.3,5.8,10.1,0.246,0.262,0.27
vizag_harbor,Visakhapatnam,Andhra Pradesh,East Coast (Bay of Bengal),17.6868,83.2185,4.5,2023 Cyclone Michaung Bay Surge,2023-12-09T21:00,0.0,1007.6,6.5,11.2,0.246,0.262,0.27
vizag_harbor,Visakhapatnam,Andhra Pradesh,East Coast (Bay of Bengal),17.6868,83.2185,4.5,2023 Cyclone Michaung Bay Surge,2023-12-09T22:00,0.0,1007.3,7.1,12.2,0.247,0.262,0.27
vizag_harbor,Visakhapatnam,Andhra Pradesh,East Coast (Bay of Bengal),17.6868,83.2185,4.5,2023 Cyclone Michaung Bay Surge,2023-12-09T23:00,0.0,1007.8,7.4,13.0,0.247,0.262,0.27
vizag_harbor,Visakhapatnam,Andhra Pradesh,East Coast (Bay of Bengal),17.6868,83.2185,4.5,2023 Cyclone Michaung Bay Surge,2023-12-10T00:00,0.0,1007.9,7.1,13.3,0.247,0.261,0.27
vizag_harbor,Visakhapatnam,Andhra Pradesh,East Coast (Bay of Bengal),17.6868,83.2185,4.5,2023 Cyclone Michaung Bay Surge,2023-12-10T01:00,0.0,1008.6,5.8,12.2,0.243,0.26,0.27
vizag_harbor,Visakhapatnam,Andhra Pradesh,East Coast (Bay of Bengal),17.6868,83.2185,4.5,2023 Cyclone Michaung Bay Surge,2023-12-10T02:00,0.0,1009.4,8.0,14.0,0.243,0.259,0.27
vizag_harbor,Visakhapatnam,Andhra Pradesh,East Coast (Bay of Bengal),17.6868,83.2185,4.5,2023 Cyclone Michaung Bay Surge,2023-12-10T03:00,0.0,1010.3,8.3,17.6,0.243,0.259,0.27
vizag_harbor,Visakhapatnam,Andhra Pradesh,East Coast (Bay of Bengal),17.6868,83.2185,4.5,2023 Cyclone Michaung Bay Surge,2023-12-10T04:00,0.0,1010.6,10.0,21.2,0.242,0.258,0.27
vizag_harbor,Visakhapatnam,Andhra Pradesh,East Coast (Bay of Bengal),17.6868,83.2185,4.5,2023 Cyclone Michaung Bay Surge,2023-12-10T05:00,0.0,1010.4,9.2,21.6,0.24,0.257,0.269
vizag_harbor,Visakhapatnam,Andhra Pradesh,East Coast (Bay of Bengal),17.6868,83.2185,4.5,2023 Cyclone Michaung Bay Surge,2023-12-10T06:00,0.0,1009.4,8.0,20.9,0.238,0.256,0.269
vizag_harbor,Visakhapatnam,Andhra Pradesh,East Coast (Bay of Bengal),17.6868,83.2185,4.5,2023 Cyclone Michaung Bay Surge,2023-12-10T07:00,0.0,1008.2,7.1,19.4,0.236,0.255,0.269
vizag_harbor,Visakhapatnam,Andhra Pradesh,East Coast (Bay of Bengal),17.6868,83.2185,4.5,2023 Cyclone Michaung Bay Surge,2023-12-10T08:00,0.0,1007.1,8.4,19.1,0.234,0.254,0.269
vizag_harbor,Visakhapatnam,Andhra Pradesh,East Coast (Bay of Bengal),17.6868,83.2185,4.5,2023 Cyclone Michaung Bay Surge,2023-12-10T09:00,0.0,1006.6,11.2,23.8,0.233,0.253,0.268
vizag_harbor,Visakhapatnam,Andhra Pradesh,East Coast (Bay of Bengal),17.6868,83.2185,4.5,2023 Cyclone Michaung Bay Surge,2023-12-10T10:00,0.0,1006.3,13.8,26.3,0.232,0.252,0.268
vizag_harbor,Visakhapatnam,Andhra Pradesh,East Coast (Bay of Bengal),17.6868,83.2185,4.5,2023 Cyclone Michaung Bay Surge,2023-12-10T11:00,0.0,1006.2,12.7,26.3,0.232,0.252,0.268
vizag_harbor,Visakhapatnam,Andhra Pradesh,East Coast (Bay of Bengal),17.6868,83.2185,4.5,2023 Cyclone Michaung Bay Surge,2023-12-10T12:00,0.0,1007.0,8.7,22.7,0.232,0.251,0.268
vizag_harbor,Visakhapatnam,Andhra Pradesh,East Coast (Bay of Bengal),17.6868,83.2185,4.5,2023 Cyclone Michaung Bay Surge,2023-12-10T13:00,0.0,1007.8,7.2,17.3,0.217,0.244,0.267
vizag_harbor,Visakhapatnam,Andhra Pradesh,East Coast (Bay of Bengal),17.6868,83.2185,4.5,2023 Cyclone Michaung Bay Surge,2023-12-10T14:00,0.0,1008.7,6.5,12.2,0.217,0.244,0.267
vizag_harbor,Visakhapatnam,Andhra Pradesh,East Coast (Bay of Bengal),17.6868,83.2185,4.5,2023 Cyclone Michaung Bay Surge,2023-12-10T15:00,0.0,1009.5,8.2,10.8,0.217,0.244,0.267
vizag_harbor,Visakhapatnam,Andhra Pradesh,East Coast (Bay of Bengal),17.6868,83.2185,4.5,2023 Cyclone Michaung Bay Surge,2023-12-10T16:00,0.0,1009.9,7.2,10.8,0.218,0.243,0.267
vizag_harbor,Visakhapatnam,Andhra Pradesh,East Coast (Bay of Bengal),17.6868,83.2185,4.5,2023 Cyclone Michaung Bay Surge,2023-12-10T17:00,0.1,1010.1,4.7,9.4,0.219,0.243,0.267
vizag_harbor,Visakhapatnam,Andhra Pradesh,East Coast (Bay of Bengal),17.6868,83.2185,4.5,2023 Cyclone Michaung Bay Surge,2023-12-10T18:00,0.1,1010.0,6.5,11.5,0.22,0.243,0.267
vizag_harbor,Visakhapatnam,Andhra Pradesh,East Coast (Bay of Bengal),17.6868,83.2185,4.5,2023 Cyclone Michaung Bay Surge,2023-12-10T19:00,0.1,1009.6,5.9,11.9,0.221,0.243,0.267
vizag_harbor,Visakhapatnam,Andhra Pradesh,East Coast (Bay of Bengal),17.6868,83.2185,4.5,2023 Cyclone Michaung Bay Surge,2023-12-10T20:00,0.0,1009.0,6.3,11.2,0.221,0.243,0.267
vizag_harbor,Visakhapatnam,Andhra Pradesh,East Coast (Bay of Bengal),17.6868,83.2185,4.5,2023 Cyclone Michaung Bay Surge,2023-12-10T21:00,0.0,1008.3,6.2,11.2,0.222,0.242,0.267
vizag_harbor,Visakhapatnam,Andhra Pradesh,East Coast (Bay of Bengal),17.6868,83.2185,4.5,2023 Cyclone Michaung Bay Surge,2023-12-10T22:00,0.0,1008.3,5.1,10.8,0.222,0.242,0.267
vizag_harbor,Visakhapatnam,Andhra Pradesh,East Coast (Bay of Bengal),17.6868,83.2185,4.5,2023 Cyclone Michaung Bay Surge,2023-12-10T23:00,0.0,1008.4,4.8,8.3,0.222,0.242,0.267
vizag_harbor,Visakhapatnam,Andhra Pradesh,East Coast (Bay of Bengal),17.6868,83.2185,4.5,2023 Cyclone Michaung Bay Surge,2023-12-11T00:00,0.0,1009.1,5.8,8.6,0.222,0.242,0.267
vizag_harbor,Visakhapatnam,Andhra Pradesh,East Coast (Bay of Bengal),17.6868,83.2185,4.5,2023 Cyclone Michaung Bay Surge,2023-12-11T01:00,0.0,1009.9,4.8,9.7,0.222,0.242,0.267
vizag_harbor,Visakhapatnam,Andhra Pradesh,East Coast (Bay of Bengal),17.6868,83.2185,4.5,2023 Cyclone Michaung Bay Surge,2023-12-11T02:00,0.0,1011.0,6.0,12.2,0.222,0.242,0.267
vizag_harbor,Visakhapatnam,Andhra Pradesh,East Coast (Bay of Bengal),17.6868,83.2185,4.5,2023 Cyclone Michaung Bay Surge,2023-12-11T03:00,0.0,1011.6,6.9,15.1,0.222,0.242,0.267
vizag_harbor,Visakhapatnam,Andhra Pradesh,East Coast (Bay of Bengal),17.6868,83.2185,4.5,2023 Cyclone Michaung Bay Surge,2023-12-11T04:00,0.0,1011.7,9.0,20.2,0.222,0.241,0.267
vizag_harbor,Visakhapatnam,Andhra Pradesh,East Coast (Bay of Bengal),17.6868,83.2185,4.5,2023 Cyclone Michaung Bay Surge,2023-12-11T05:00,0.0,1011.3,9.8,21.6,0.22,0.24,0.267
vizag_harbor,Visakhapatnam,Andhra Pradesh,East Coast (Bay of Bengal),17.6868,83.2185,4.5,2023 Cyclone Michaung Bay Surge,2023-12-11T06:00,0.0,1010.3,10.5,23.4,0.219,0.239,0.266
vizag_harbor,Visakhapatnam,Andhra Pradesh,East Coast (Bay of Bengal),17.6868,83.2185,4.5,2023 Cyclone Michaung Bay Surge,2023-12-11T07:00,0.0,1008.9,10.3,23.4,0.217,0.238,0.266
vizag_harbor,Visakhapatnam,Andhra Pradesh,East Coast (Bay of Bengal),17.6868,83.2185,4.5,2023 Cyclone Michaung Bay Surge,2023-12-11T08:00,0.1,1008.2,10.6,23.0,0.216,0.237,0.266
vizag_harbor,Visakhapatnam,Andhra Pradesh,East Coast (Bay of Bengal),17.6868,83.2185,4.5,2023 Cyclone Michaung Bay Surge,2023-12-11T09:00,0.0,1007.4,10.8,23.0,0.215,0.237,0.266
vizag_harbor,Visakhapatnam,Andhra Pradesh,East Coast (Bay of Bengal),17.6868,83.2185,4.5,2023 Cyclone Michaung Bay Surge,2023-12-11T10:00,0.0,1007.3,13.2,24.8,0.215,0.236,0.266
vizag_harbor,Visakhapatnam,Andhra Pradesh,East Coast (Bay of Bengal),17.6868,83.2185,4.5,2023 Cyclone Michaung Bay Surge,2023-12-11T11:00,0.0,1007.6,14.3,27.7,0.214,0.236,0.265
vizag_harbor,Visakhapatnam,Andhra Pradesh,East Coast (Bay of Bengal),17.6868,83.2185,4.5,2023 Cyclone Michaung Bay Surge,2023-12-11T12:00,0.0,1007.8,9.3,25.6,0.214,0.235,0.265
vizag_harbor,Visakhapatnam,Andhra Pradesh,East Coast (Bay of Bengal),17.6868,83.2185,4.5,2023 Cyclone Michaung Bay Surge,2023-12-11T13:00,0.0,1008.4,7.2,19.8,0.208,0.231,0.265
vizag_harbor,Visakhapatnam,Andhra Pradesh,East Coast (Bay of Bengal),17.6868,83.2185,4.5,2023 Cyclone Michaung Bay Surge,2023-12-11T14:00,0.0,1009.3,6.5,11.9,0.208,0.231,0.265
vizag_harbor,Visakhapatnam,Andhra Pradesh,East Coast (Bay of Bengal),17.6868,83.2185,4.5,2023 Cyclone Michaung Bay Surge,2023-12-11T15:00,0.0,1010.0,7.5,10.8,0.208,0.23,0.265
vizag_harbor,Visakhapatnam,Andhra Pradesh,East Coast (Bay of Bengal),17.6868,83.2185,4.5,2023 Cyclone Michaung Bay Surge,2023-12-11T16:00,0.0,1010.0,5.7,10.4,0.208,0.23,0.265
vizag_harbor,Visakhapatnam,Andhra Pradesh,East Coast (Bay of Bengal),17.6868,83.2185,4.5,2023 Cyclone Michaung Bay Surge,2023-12-11T17:00,0.0,1010.1,6.1,10.4,0.208,0.23,0.265
vizag_harbor,Visakhapatnam,Andhra Pradesh,East Coast (Bay of Bengal),17.6868,83.2185,4.5,2023 Cyclone Michaung Bay Surge,2023-12-11T18:00,0.0,1009.8,8.4,14.8,0.209,0.23,0.265
vizag_harbor,Visakhapatnam,Andhra Pradesh,East Coast (Bay of Bengal),17.6868,83.2185,4.5,2023 Cyclone Michaung Bay Surge,2023-12-11T19:00,0.0,1009.4,7.7,14.8,0.209,0.23,0.264
vizag_harbor,Visakhapatnam,Andhra Pradesh,East Coast (Bay of Bengal),17.6868,83.2185,4.5,2023 Cyclone Michaung Bay Surge,2023-12-11T20:00,0.0,1008.5,6.8,13.0,0.209,0.23,0.264
vizag_harbor,Visakhapatnam,Andhra Pradesh,East Coast (Bay of Bengal),17.6868,83.2185,4.5,2023 Cyclone Michaung Bay Surge,2023-12-11T21:00,0.0,1007.9,7.7,13.3,0.209,0.23,0.264
vizag_harbor,Visakhapatnam,Andhra Pradesh,East Coast (Bay of Bengal),17.6868,83.2185,4.5,2023 Cyclone Michaung Bay Surge,2023-12-11T22:00,0.0,1007.6,8.1,13.7,0.21,0.229,0.264
vizag_harbor,Visakhapatnam,Andhra Pradesh,East Coast (Bay of Bengal),17.6868,83.2185,4.5,2023 Cyclone Michaung Bay Surge,2023-12-11T23:00,0.0,1007.7,8.7,14.8,0.21,0.229,0.264
vizag_harbor,Visakhapatnam,Andhra Pradesh,East Coast (Bay of Bengal),17.6868,83.2185,4.5,2023 Cyclone Michaung Bay Surge,2023-12-12T00:00,0.0,1008.1,8.4,14.8,0.21,0.229,0.264
vizag_harbor,Visakhapatnam,Andhra Pradesh,East Coast (Bay of Bengal),17.6868,83.2185,4.5,2023 Cyclone Michaung Bay Surge,2023-12-12T01:00,0.0,1008.9,8.0,13.7,0.208,0.227,0.264
vizag_harbor,Visakhapatnam,Andhra Pradesh,East Coast (Bay of Bengal),17.6868,83.2185,4.5,2023 Cyclone Michaung Bay Surge,2023-12-12T02:00,0.0,1009.6,10.3,16.9,0.208,0.227,0.264
vizag_harbor,Visakhapatnam,Andhra Pradesh,East Coast (Bay of Bengal),17.6868,83.2185,4.5,2023 Cyclone Michaung Bay Surge,2023-12-12T03:00,0.0,1010.4,10.0,20.2,0.208,0.226,0.264
vizag_harbor,Visakhapatnam,Andhra Pradesh,East Coast (Bay of Bengal),17.6868,83.2185,4.5,2023 Cyclone Michaung Bay Surge,2023-12-12T04:00,0.0,1010.7,10.5,22.3,0.207,0.226,0.263
vizag_harbor,Visakhapatnam,Andhra Pradesh,East Coast (Bay of Bengal),17.6868,83.2185,4.5,2023 Cyclone Michaung Bay Surge,2023-12-12T05:00,0.0,1010.3,9.2,22.3,0.205,0.225,0.263
vizag_harbor,Visakhapatnam,Andhra Pradesh,East Coast (Bay of Bengal),17.6868,83.2185,4.5,2023 Cyclone Michaung Bay Surge,2023-12-12T06:00,0.0,1009.1,7.6,20.9,0.203,0.224,0.263
vizag_harbor,Visakhapatnam,Andhra Pradesh,East Coast (Bay of Bengal),17.6868,83.2185,4.5,2023 Cyclone Michaung Bay Surge,2023-12-12T07:00,0.0,1007.8,7.8,19.4,0.202,0.223,0.263
vizag_harbor,Visakhapatnam,Andhra Pradesh,East Coast (Bay of Bengal),17.6868,83.2185,4.5,2023 Cyclone Michaung Bay Surge,2023-12-12T08:00,0.0,1006.8,8.3,19.1,0.2,0.222,0.262
vizag_harbor,Visakhapatnam,Andhra Pradesh,East Coast (Bay of Bengal),17.6868,83.2185,4.5,2023 Cyclone Michaung Bay Surge,2023-12-12T09:00,0.0,1006.5,9.4,19.8,0.199,0.222,0.262
vizag_harbor,Visakhapatnam,Andhra Pradesh,East Coast (Bay of Bengal),17.6868,83.2185,4.5,2023 Cyclone Michaung Bay Surge,2023-12-12T10:00,0.0,1006.3,14.9,27.4,0.198,0.221,0.262
vizag_harbor,Visakhapatnam,Andhra Pradesh,East Coast (Bay of Bengal),17.6868,83.2185,4.5,2023 Cyclone Michaung Bay Surge,2023-12-12T11:00,0.0,1006.5,10.5,28.8,0.197,0.221,0.262
vizag_harbor,Visakhapatnam,Andhra Pradesh,East Coast (Bay of Bengal),17.6868,83.2185,4.5,2023 Cyclone Michaung Bay Surge,2023-12-12T12:00,0.0,1006.9,6.3,18.4,0.197,0.22,0.262
vizag_harbor,Visakhapatnam,Andhra Pradesh,East Coast (Bay of Bengal),17.6868,83.2185,4.5,2023 Cyclone Michaung Bay Surge,2023-12-12T13:00,0.0,1007.6,8.4,10.8,0.199,0.222,0.262
vizag_harbor,Visakhapatnam,Andhra Pradesh,East Coast (Bay of Bengal),17.6868,83.2185,4.5,2023 Cyclone Michaung Bay Surge,2023-12-12T14:00,0.0,1008.2,9.6,12.2,0.199,0.222,0.262
vizag_harbor,Visakhapatnam,Andhra Pradesh,East Coast (Bay of Bengal),17.6868,83.2185,4.5,2023 Cyclone Michaung Bay Surge,2023-12-12T15:00,0.0,1009.0,6.8,11.9,0.199,0.222,0.262
vizag_harbor,Visakhapatnam,Andhra Pradesh,East Coast (Bay of Bengal),17.6868,83.2185,4.5,2023 Cyclone Michaung Bay Surge,2023-12-12T16:00,0.0,1009.7,4.4,8.3,0.199,0.222,0.262
vizag_harbor,Visakhapatnam,Andhra Pradesh,East Coast (Bay of Bengal),17.6868,83.2185,4.5,2023 Cyclone Michaung Bay Surge,2023-12-12T17:00,0.0,1009.7,5.5,9.0,0.2,0.222,0.262
vizag_harbor,Visakhapatnam,Andhra Pradesh,East Coast (Bay of Bengal),17.6868,83.2185,4.5,2023 Cyclone Michaung Bay Surge,2023-12-12T18:00,0.0,1009.3,9.4,15.5,0.2,0.221,0.262
vizag_harbor,Visakhapatnam,Andhra Pradesh,East Coast (Bay of Bengal),17.6868,83.2185,4.5,2023 Cyclone Michaung Bay Surge,2023-12-12T19:00,0.0,1008.6,8.8,15.8,0.2,0.221,0.262
vizag_harbor,Visakhapatnam,Andhra Pradesh,East Coast (Bay of Bengal),17.6868,83.2185,4.5,2023 Cyclone Michaung Bay Surge,2023-12-12T20:00,0.0,1007.9,7.2,14.4,0.2,0.221,0.262
vizag_harbor,Visakhapatnam,Andhra Pradesh,East Coast (Bay of Bengal),17.6868,83.2185,4.5,2023 Cyclone Michaung Bay Surge,2023-12-12T21:00,0.0,1007.4,7.9,13.0,0.2,0.221,0.262
vizag_harbor,Visakhapatnam,Andhra Pradesh,East Coast (Bay of Bengal),17.6868,83.2185,4.5,2023 Cyclone Michaung Bay Surge,2023-12-12T22:00,0.0,1007.4,9.0,15.5,0.2,0.221,0.262
vizag_harbor,Visakhapatnam,Andhra Pradesh,East Coast (Bay of Bengal),17.6868,83.2185,4.5,2023 Cyclone Michaung Bay Surge,2023-12-12T23:00,0.0,1007.9,7.9,15.1,0.201,0.221,0.261
vizag_harbor,Visakhapatnam,Andhra Pradesh,East Coast (Bay of Bengal),17.6868,83.2185,4.5,2023 Cyclone Michaung Bay Surge,2023-12-13T00:00,0.0,1008.9,7.2,13.3,0.201,0.221,0.261
vizag_harbor,Visakhapatnam,Andhra Pradesh,East Coast (Bay of Bengal),17.6868,83.2185,4.5,2023 Cyclone Michaung Bay Surge,2023-12-13T01:00,0.0,1009.8,7.8,14.0,0.199,0.219,0.261
vizag_harbor,Visakhapatnam,Andhra Pradesh,East Coast (Bay of Bengal),17.6868,83.2185,4.5,2023 Cyclone Michaung Bay Surge,2023-12-13T02:00,0.0,1010.9,9.7,16.2,0.199,0.219,0.261
vizag_harbor,Visakhapatnam,Andhra Pradesh,East Coast (Bay of Bengal),17.6868,83.2185,4.5,2023 Cyclone Michaung Bay Surge,2023-12-13T03:00,0.0,1011.9,10.1,19.4,0.198,0.219,0.261
vizag_harbor,Visakhapatnam,Andhra Pradesh,East Coast (Bay of Bengal),17.6868,83.2185,4.5,2023 Cyclone Michaung Bay Surge,2023-12-13T04:00,0.0,1012.4,11.8,24.1,0.198,0.218,0.261
vizag_harbor,Visakhapatnam,Andhra Pradesh,East Coast (Bay of Bengal),17.6868,83.2185,4.5,2023 Cyclone Michaung Bay Surge,2023-12-13T05:00,0.0,1012.0,10.3,24.1,0.196,0.218,0.261
vizag_harbor,Visakhapatnam,Andhra Pradesh,East Coast (Bay of Bengal),17.6868,83.2185,4.5,2023 Cyclone Michaung Bay Surge,2023-12-13T06:00,0.0,1011.0,9.2,22.7,0.195,0.217,0.26
vizag_harbor,Visakhapatnam,Andhra Pradesh,East Coast (Bay of Bengal),17.6868,83.2185,4.5,2023 Cyclone Michaung Bay Surge,2023-12-13T07:00,0.0,1009.7,9.0,21.6,0.193,0.216,0.26
vizag_harbor,Visakhapatnam,Andhra Pradesh,East Coast (Bay of Bengal),17.6868,83.2185,4.5,2023 Cyclone Michaung Bay Surge,2023-12-13T08:00,0.0,1008.3,8.9,20.9,0.191,0.215,0.26
vizag_harbor,Visakhapatnam,Andhra Pradesh,East Coast (Bay of Bengal),17.6868,83.2185,4.5,2023 Cyclone Michaung Bay Surge,2023-12-13T09:00,0.0,1007.5,9.7,20.5,0.19,0.214,0.26
vizag_harbor,Visakhapatnam,Andhra Pradesh,East Coast (Bay of Bengal),17.6868,83.2185,4.5,2023 Cyclone Michaung Bay Surge,2023-12-13T10:00,0.0,1007.4,13.7,25.9,0.189,0.214,0.259
vizag_harbor,Visakhapatnam,Andhra Pradesh,East Coast (Bay of Bengal),17.6868,83.2185,4.5,2023 Cyclone Michaung Bay Surge,2023-12-13T11:00,0.0,1007.7,13.0,27.7,0.189,0.214,0.259
vizag_harbor,Visakhapatnam,Andhra Pradesh,East Coast (Bay of Bengal),17.6868,83.2185,4.5,2023 Cyclone Michaung Bay Surge,2023-12-13T12:00,0.0,1008.3,9.2,23.4,0.189,0.213,0.259
vizag_harbor,Visakhapatnam,Andhra Pradesh,East Coast (Bay of Bengal),17.6868,83.2185,4.5,2023 Cyclone Michaung Bay Surge,2023-12-13T13:00,0.0,1009.0,6.8,18.0,0.186,0.212,0.259
vizag_harbor,Visakhapatnam,Andhra Pradesh,East Coast (Bay of Bengal),17.6868,83.2185,4.5,2023 Cyclone Michaung Bay Surge,2023-12-13T14:00,0.0,1009.8,7.6,11.2,0.186,0.212,0.259
vizag_harbor,Visakhapatnam,Andhra Pradesh,East Coast (Bay of Bengal),17.6868,83.2185,4.5,2023 Cyclone Michaung Bay Surge,2023-12-13T15:00,0.0,1010.6,9.5,12.2,0.186,0.211,0.259
vizag_harbor,Visakhapatnam,Andhra Pradesh,East Coast (Bay of Bengal),17.6868,83.2185,4.5,2023 Cyclone Michaung Bay Surge,2023-12-13T16:00,0.0,1011.0,8.0,12.6,0.186,0.211,0.259
vizag_harbor,Visakhapatnam,Andhra Pradesh,East Coast (Bay of Bengal),17.6868,83.2185,4.5,2023 Cyclone Michaung Bay Surge,2023-12-13T17:00,0.0,1011.2,5.4,10.1,0.186,0.211,0.259
vizag_harbor,Visakhapatnam,Andhra Pradesh,East Coast (Bay of Bengal),17.6868,83.2185,4.5,2023 Cyclone Michaung Bay Surge,2023-12-13T18:00,0.0,1011.2,7.9,13.3,0.187,0.211,0.259
vizag_harbor,Visakhapatnam,Andhra Pradesh,East Coast (Bay of Bengal),17.6868,83.2185,4.5,2023 Cyclone Michaung Bay Surge,2023-12-13T19:00,0.0,1011.1,8.8,14.8,0.187,0.211,0.259
vizag_harbor,Visakhapatnam,Andhra Pradesh,East Coast (Bay of Bengal),17.6868,83.2185,4.5,2023 Cyclone Michaung Bay Surge,2023-12-13T20:00,0.0,1010.4,8.3,14.8,0.187,0.211,0.259
vizag_harbor,Visakhapatnam,Andhra Pradesh,East Coast (Bay of Bengal),17.6868,83.2185,4.5,2023 Cyclone Michaung Bay Surge,2023-12-13T21:00,0.0,1009.9,8.6,14.8,0.187,0.211,0.258
vizag_harbor,Visakhapatnam,Andhra Pradesh,East Coast (Bay of Bengal),17.6868,83.2185,4.5,2023 Cyclone Michaung Bay Surge,2023-12-13T22:00,0.0,1009.8,7.9,14.8,0.187,0.211,0.258
vizag_harbor,Visakhapatnam,Andhra Pradesh,East Coast (Bay of Bengal),17.6868,83.2185,4.5,2023 Cyclone Michaung Bay Surge,2023-12-13T23:00,0.0,1009.8,8.4,14.0,0.188,0.211,0.258
vizag_harbor,Visakhapatnam,Andhra Pradesh,East Coast (Bay of Bengal),17.6868,83.2185,4.5,2023 Cyclone Michaung Bay Surge,2023-12-14T00:00,0.0,1010.3,8.8,14.8,0.188,0.211,0.258
vizag_harbor,Visakhapatnam,Andhra Pradesh,East Coast (Bay of Bengal),17.6868,83.2185,4.5,2023 Cyclone Michaung Bay Surge,2023-12-14T01:00,0.0,1011.2,9.0,15.8,0.189,0.212,0.259
vizag_harbor,Visakhapatnam,Andhra Pradesh,East Coast (Bay of Bengal),17.6868,83.2185,4.5,2023 Cyclone Michaung Bay Surge,2023-12-14T02:00,0.0,1011.9,11.5,18.4,0.189,0.212,0.259
vizag_harbor,Visakhapatnam,Andhra Pradesh,East Coast (Bay of Bengal),17.6868,83.2185,4.5,2023 Cyclone Michaung Bay Surge,2023-12-14T03:00,0.0,1012.8,10.4,20.2,0.189,0.212,0.258
vizag_harbor,Visakhapatnam,Andhra Pradesh,East Coast (Bay of Bengal),17.6868,83.2185,4.5,2023 Cyclone Michaung Bay Surge,2023-12-14T04:00,0.0,1013.0,11.8,23.8,0.188,0.211,0.258
vizag_harbor,Visakhapatnam,Andhra Pradesh,East Coast (Bay of Bengal),17.6868,83.2185,4.5,2023 Cyclone Michaung Bay Surge,2023-12-14T05:00,0.0,1012.6,12.8,26.3,0.187,0.211,0.258
vizag_harbor,Visakhapatnam,Andhra Pradesh,East Coast (Bay of Bengal),17.6868,83.2185,4.5,2023 Cyclone Michaung Bay Surge,2023-12-14T06:00,0.0,1011.6,13.7,28.4,0.185,0.21,0.258
vizag_harbor,Visakhapatnam,Andhra Pradesh,East Coast (Bay of Bengal),17.6868,83.2185,4.5,2023 Cyclone Michaung Bay Surge,2023-12-14T07:00,0.0,1010.6,13.7,28.4,0.183,0.209,0.257
vizag_harbor,Visakhapatnam,Andhra Pradesh,East Coast (Bay of Bengal),17.6868,83.2185,4.5,2023 Cyclone Michaung Bay Surge,2023-12-14T08:00,0.0,1009.5,13.9,28.4,0.181,0.208,0.257
vizag_harbor,Visakhapatnam,Andhra Pradesh,East Coast (Bay of Bengal),17.6868,83.2185,4.5,2023 Cyclone Michaung Bay Surge,2023-12-14T09:00,0.0,1009.0,14.6,28.8,0.18,0.207,0.257
vizag_harbor,Visakhapatnam,Andhra Pradesh,East Coast (Bay of Bengal),17.6868,83.2185,4.5,2023 Cyclone Michaung Bay Surge,2023-12-14T10:00,0.0,1009.0,15.3,28.8,0.179,0.207,0.257
vizag_harbor,Visakhapatnam,Andhra Pradesh,East Coast (Bay of Bengal),17.6868,83.2185,4.5,2023 Cyclone Michaung Bay Surge,2023-12-14T11:00,0.0,1009.3,12.2,28.1,0.178,0.206,0.257
vizag_harbor,Visakhapatnam,Andhra Pradesh,East Coast (Bay of Bengal),17.6868,83.2185,4.5,2023 Cyclone Michaung Bay Surge,2023-12-14T12:00,0.0,1009.7,10.3,22.0,0.178,0.206,0.256
vizag_harbor,Visakhapatnam,Andhra Pradesh,East Coast (Bay of Bengal),17.6868,83.2185,4.5,2023 Cyclone Michaung Bay Surge,2023-12-14T13:00,0.0,1010.5,9.4,18.0,0.177,0.205,0.256
vizag_harbor,Visakhapatnam,Andhra Pradesh,East Coast (Bay of Bengal),17.6868,83.2185,4.5,2023 Cyclone Michaung Bay Surge,2023-12-14T14:00,0.0,1011.4,9.4,16.9,0.177,0.205,0.256
vizag_harbor,Visakhapatnam,Andhra Pradesh,East Coast (Bay of Bengal),17.6868,83.2185,4.5,2023 Cyclone Michaung Bay Surge,2023-12-14T15:00,0.0,1012.0,8.4,16.6,0.177,0.205,0.256
vizag_harbor,Visakhapatnam,Andhra Pradesh,East Coast (Bay of Bengal),17.6868,83.2185,4.5,2023 Cyclone Michaung Bay Surge,2023-12-14T16:00,0.0,1012.6,8.8,14.0,0.178,0.205,0.256
vizag_harbor,Visakhapatnam,Andhra Pradesh,East Coast (Bay of Bengal),17.6868,83.2185,4.5,2023 Cyclone Michaung Bay Surge,2023-12-14T17:00,0.0,1012.9,6.1,12.2,0.178,0.205,0.256
vizag_harbor,Visakhapatnam,Andhra Pradesh,East Coast (Bay of Bengal),17.6868,83.2185,4.5,2023 Cyclone Michaung Bay Surge,2023-12-14T18:00,0.0,1012.7,9.3,15.8,0.178,0.205,0.256
vizag_harbor,Visakhapatnam,Andhra Pradesh,East Coast (Bay of Bengal),17.6868,83.2185,4.5,2023 Cyclone Michaung Bay Surge,2023-12-14T19:00,0.0,1012.2,9.2,16.6,0.178,0.205,0.256
vizag_harbor,Visakhapatnam,Andhra Pradesh,East Coast (Bay of Bengal),17.6868,83.2185,4.5,2023 Cyclone Michaung Bay Surge,2023-12-14T20:00,0.0,1011.4,9.0,15.8,0.178,0.205,0.256
vizag_harbor,Visakhapatnam,Andhra Pradesh,East Coast (Bay of Bengal),17.6868,83.2185,4.5,2023 Cyclone Michaung Bay Surge,2023-12-14T21:00,0.0,1010.5,10.5,18.0,0.178,0.205,0.256
vizag_harbor,Visakhapatnam,Andhra Pradesh,East Coast (Bay of Bengal),17.6868,83.2185,4.5,2023 Cyclone Michaung Bay Surge,2023-12-14T22:00,0.0,1010.3,11.3,19.1,0.179,0.205,0.255
vizag_harbor,Visakhapatnam,Andhra Pradesh,East Coast (Bay of Bengal),17.6868,83.2185,4.5,2023 Cyclone Michaung Bay Surge,2023-12-14T23:00,0.0,1010.4,11.9,20.9,0.179,0.205,0.255
vizag_harbor,Visakhapatnam,Andhra Pradesh,East Coast (Bay of Bengal),17.6868,83.2185,4.5,2023 Cyclone Michaung Bay Surge,2023-12-15T00:00,0.0,1010.9,12.1,21.2,0.179,0.205,0.255
vizag_harbor,Visakhapatnam,Andhra Pradesh,East Coast (Bay of Bengal),17.6868,83.2185,4.5,2023 Cyclone Michaung Bay Surge,2023-12-15T01:00,0.0,1012.2,13.1,23.0,0.179,0.205,0.255
vizag_harbor,Visakhapatnam,Andhra Pradesh,East Coast (Bay of Bengal),17.6868,83.2185,4.5,2023 Cyclone Michaung Bay Surge,2023-12-15T02:00,0.0,1012.9,14.2,24.8,0.179,0.205,0.255
vizag_harbor,Visakhapatnam,Andhra Pradesh,East Coast (Bay of Bengal),17.6868,83.2185,4.5,2023 Cyclone Michaung Bay Surge,2023-12-15T03:00,0.0,1013.7,12.7,23.8,0.179,0.204,0.255
vizag_harbor,Visakhapatnam,Andhra Pradesh,East Coast (Bay of Bengal),17.6868,83.2185,4.5,2023 Cyclone Michaung Bay Surge,2023-12-15T04:00,0.0,1013.7,14.2,28.1,0.178,0.204,0.255
vizag_harbor,Visakhapatnam,Andhra Pradesh,East Coast (Bay of Bengal),17.6868,83.2185,4.5,2023 Cyclone Michaung Bay Surge,2023-12-15T05:00,0.0,1013.3,15.0,30.2,0.177,0.203,0.255
vizag_harbor,Visakhapatnam,Andhra Pradesh,East Coast (Bay of Bengal),17.6868,83.2185,4.5,2023 Cyclone Michaung Bay Surge,2023-12-15T06:00,0.0,1012.4,14.7,30.2,0.175,0.203,0.254
vizag_harbor,Visakhapatnam,Andhra Pradesh,East Coast (Bay of Bengal),17.6868,83.2185,4.5,2023 Cyclone Michaung Bay Surge,2023-12-15T07:00,0.0,1011.3,13.4,29.9,0.173,0.202,0.254
vizag_harbor,Visakhapatnam,Andhra Pradesh,East Coast (Bay of Bengal),17.6868,83.2185,4.5,2023 Cyclone Michaung Bay Surge,2023-12-15T08:00,0.0,1010.1,14.1,28.8,0.172,0.201,0.254
vizag_harbor,Visakhapatnam,Andhra Pradesh,East Coast (Bay of Bengal),17.6868,83.2185,4.5,2023 Cyclone Michaung Bay Surge,2023-12-15T09:00,0.0,1009.3,15.3,29.9,0.171,0.2,0.254
vizag_harbor,Visakhapatnam,Andhra Pradesh,East Coast (Bay of Bengal),17.6868,83.2185,4.5,2023 Cyclone Michaung Bay Surge,2023-12-15T10:00,0.0,1009.1,16.0,30.2,0.17,0.2,0.253
vizag_harbor,Visakhapatnam,Andhra Pradesh,East Coast (Bay of Bengal),17.6868,83.2185,4.5,2023 Cyclone Michaung Bay Surge,2023-12-15T11:00,0.0,1009.2,13.9,30.2,0.169,0.2,0.253
vizag_harbor,Visakhapatnam,Andhra Pradesh,East Coast (Bay of Bengal),17.6868,83.2185,4.5,2023 Cyclone Michaung Bay Surge,2023-12-15T12:00,0.0,1009.6,10.8,24.8,0.169,0.2,0.253
vizag_harbor,Visakhapatnam,Andhra Pradesh,East Coast (Bay of Bengal),17.6868,83.2185,4.5,2023 Cyclone Michaung Bay Surge,2023-12-15T13:00,0.0,1010.7,10.0,19.8,0.168,0.199,0.253
vizag_harbor,Visakhapatnam,Andhra Pradesh,East Coast (Bay of Bengal),17.6868,83.2185,4.5,2023 Cyclone Michaung Bay Surge,2023-12-15T14:00,0.0,1011.4,7.9,17.3,0.169,0.199,0.253
vizag_harbor,Visakhapatnam,Andhra Pradesh,East Coast (Bay of Bengal),17.6868,83.2185,4.5,2023 Cyclone Michaung Bay Surge,2023-12-15T15:00,0.0,1012.0,6.7,14.0,0.169,0.199,0.253
vizag_harbor,Visakhapatnam,Andhra Pradesh,East Coast (Bay of Bengal),17.6868,83.2185,4.5,2023 Cyclone Michaung Bay Surge,2023-12-15T16:00,0.0,1012.3,5.4,11.5,0.169,0.199,0.253
vizag_harbor,Visakhapatnam,Andhra Pradesh,East Coast (Bay of Bengal),17.6868,83.2185,4.5,2023 Cyclone Michaung Bay Surge,2023-12-15T17:00,0.0,1012.3,6.2,10.8,0.169,0.199,0.253
vizag_harbor,Visakhapatnam,Andhra Pradesh,East Coast (Bay of Bengal),17.6868,83.2185,4.5,2023 Cyclone Michaung Bay Surge,2023-12-15T18:00,0.0,1011.8,7.9,13.3,0.169,0.199,0.253
vizag_harbor,Visakhapatnam,Andhra Pradesh,East Coast (Bay of Bengal),17.6868,83.2185,4.5,2023 Cyclone Michaung Bay Surge,2023-12-15T19:00,0.0,1011.3,7.9,14.0,0.169,0.199,0.253
vizag_harbor,Visakhapatnam,Andhra Pradesh,East Coast (Bay of Bengal),17.6868,83.2185,4.5,2023 Cyclone Michaung Bay Surge,2023-12-15T20:00,0.0,1010.7,8.3,14.0,0.169,0.199,0.253
vizag_harbor,Visakhapatnam,Andhra Pradesh,East Coast (Bay of Bengal),17.6868,83.2185,4.5,2023 Cyclone Michaung Bay Surge,2023-12-15T21:00,0.0,1010.2,9.1,15.1,0.17,0.199,0.253
vizag_harbor,Visakhapatnam,Andhra Pradesh,East Coast (Bay of Bengal),17.6868,83.2185,4.5,2023 Cyclone Michaung Bay Surge,2023-12-15T22:00,0.0,1009.6,10.2,17.6,0.17,0.199,0.252
vizag_harbor,Visakhapatnam,Andhra Pradesh,East Coast (Bay of Bengal),17.6868,83.2185,4.5,2023 Cyclone Michaung Bay Surge,2023-12-15T23:00,0.0,1009.5,10.4,18.7,0.17,0.199,0.252
kolkata_hooghly,Kolkata,West Bengal,East Coast (Bay of Bengal Delta),22.5726,88.3639,5.0,May 2020 Super Cyclone Amphan,2020-05-10T00:00,0.0,1006.4,7.1,10.4,0.306,0.335,0.333
kolkata_hooghly,Kolkata,West Bengal,East Coast (Bay of Bengal Delta),22.5726,88.3639,5.0,May 2020 Super Cyclone Amphan,2020-05-10T01:00,0.0,1007.4,6.9,15.5,0.306,0.335,0.333
kolkata_hooghly,Kolkata,West Bengal,East Coast (Bay of Bengal Delta),22.5726,88.3639,5.0,May 2020 Super Cyclone Amphan,2020-05-10T02:00,0.0,1008.1,8.0,19.1,0.306,0.334,0.333
kolkata_hooghly,Kolkata,West Bengal,East Coast (Bay of Bengal Delta),22.5726,88.3639,5.0,May 2020 Super Cyclone Amphan,2020-05-10T03:00,0.0,1008.4,6.9,19.1,0.305,0.334,0.333
kolkata_hooghly,Kolkata,West Bengal,East Coast (Bay of Bengal Delta),22.5726,88.3639,5.0,May 2020 Super Cyclone Amphan,2020-05-10T04:00,0.0,1008.2,5.9,19.1,0.303,0.333,0.333
kolkata_hooghly,Kolkata,West Bengal,East Coast (Bay of Bengal Delta),22.5726,88.3639,5.0,May 2020 Super Cyclone Amphan,2020-05-10T05:00,0.0,1007.7,5.4,18.0,0.301,0.331,0.332
kolkata_hooghly,Kolkata,West Bengal,East Coast (Bay of Bengal Delta),22.5726,88.3639,5.0,May 2020 Super Cyclone Amphan,2020-05-10T06:00,0.0,1007.0,6.1,18.7,0.299,0.33,0.332
kolkata_hooghly,Kolkata,West Bengal,East Coast (Bay of Bengal Delta),22.5726,88.3639,5.0,May 2020 Super Cyclone Amphan,2020-05-10T07:00,0.0,1006.2,6.8,19.4,0.296,0.329,0.332
kolkata_hooghly,Kolkata,West Bengal,East Coast (Bay of Bengal Delta),22.5726,88.3639,5.0,May 2020 Super Cyclone Amphan,2020-05-10T08:00,0.0,1004.7,7.2,19.4,0.294,0.328,0.332
kolkata_hooghly,Kolkata,West Bengal,East Coast (Bay of Bengal Delta),22.5726,88.3639,5.0,May 2020 Super Cyclone Amphan,2020-05-10T09:00,0.0,1003.3,11.2,23.0,0.292,0.326,0.331
kolkata_hooghly,Kolkata,West Bengal,East Coast (Bay of Bengal Delta),22.5726,88.3639,5.0,May 2020 Super Cyclone Amphan,2020-05-10T10:00,0.0,1002.6,13.1,25.2,0.291,0.326,0.331
kolkata_hooghly,Kolkata,West Bengal,East Coast (Bay of Bengal Delta),22.5726,88.3639,5.0,May 2020 Super Cyclone Amphan,2020-05-10T11:00,3.3,1004.0,23.0,41.8,0.331,0.325,0.331
kolkata_hooghly,Kolkata,West Bengal,East Coast (Bay of Bengal Delta),22.5726,88.3639,5.0,May 2020 Super Cyclone Amphan,2020-05-10T12:00,8.1,1003.6,6.5,42.8,0.393,0.318,0.328
kolkata_hooghly,Kolkata,West Bengal,East Coast (Bay of Bengal Delta),22.5726,88.3639,5.0,May 2020 Super Cyclone Amphan,2020-05-10T13:00,0.0,1004.5,12.0,21.2,0.389,0.319,0.328
kolkata_hooghly,Kolkata,West Bengal,East Coast (Bay of Bengal Delta),22.5726,88.3639,5.0,May 2020 Super Cyclone Amphan,2020-05-10T14:00,0.0,1005.3,8.3,21.2,0.385,0.32,0.328
kolkata_hooghly,Kolkata,West Bengal,East Coast (Bay of Bengal Delta),22.5726,88.3639,5.0,May 2020 Super Cyclone Amphan,2020-05-10T15:00,0.2,1007.0,12.1,22.0,0.384,0.321,0.328
kolkata_hooghly,Kolkata,West Bengal,East Coast (Bay of Bengal Delta),22.5726,88.3639,5.0,May 2020 Super Cyclone Amphan,2020-05-10T16:00,1.1,1007.2,1.8,21.2,0.393,0.323,0.328
kolkata_hooghly,Kolkata,West Bengal,East Coast (Bay of Bengal Delta),22.5726,88.3639,5.0,May 2020 Super Cyclone Amphan,2020-05-10T17:00,0.0,1006.9,7.3,13.7,0.389,0.324,0.328
kolkata_hooghly,Kolkata,West Bengal,East Coast (Bay of Bengal Delta),22.5726,88.3639,5.0,May 2020 Super Cyclone Amphan,2020-05-10T18:00,0.0,1006.7,7.1,14.8,0.386,0.325,0.328
kolkata_hooghly,Kolkata,West Bengal,East Coast (Bay of Bengal Delta),22.5726,88.3639,5.0,May 2020 Super Cyclone Amphan,2020-05-10T19:00,0.0,1006.4,6.0,12.6,0.383,0.326,0.328
kolkata_hooghly,Kolkata,West Bengal,East Coast (Bay of Bengal Delta),22.5726,88.3639,5.0,May 2020 Super Cyclone Amphan,2020-05-10T20:00,0.0,1006.3,4.0,7.9,0.381,0.326,0.328
kolkata_hooghly,Kolkata,West Bengal,East Coast (Bay of Bengal Delta),22.5726,88.3639,5.0,May 2020 Super Cyclone Amphan,2020-05-10T21:00,0.0,1006.4,3.4,5.4,0.378,0.327,0.328
kolkata_hooghly,Kolkata,West Bengal,East Coast (Bay of Bengal Delta),22.5726,88.3639,5.0,May 2020 Super Cyclone Amphan,2020-05-10T22:00,0.0,1006.2,1.8,4.3,0.376,0.328,0.328
kolkata_hooghly,Kolkata,West Bengal,East Coast (Bay of Bengal Delta),22.5726,88.3639,5.0,May 2020 Super Cyclone Amphan,2020-05-10T23:00,0.0,1006.5,2.9,4.3,0.375,0.328,0.328
kolkata_hooghly,Kolkata,West Bengal,East Coast (Bay of Bengal Delta),22.5726,88.3639,5.0,May 2020 Super Cyclone Amphan,2020-05-11T00:00,0.0,1008.6,2.1,9.4,0.386,0.36,0.329
kolkata_hooghly,Kolkata,West Bengal,East Coast (Bay of Bengal Delta),22.5726,88.3639,5.0,May 2020 Super Cyclone Amphan,2020-05-11T01:00,0.0,1009.8,4.0,9.4,0.385,0.36,0.329
kolkata_hooghly,Kolkata,West Bengal,East Coast (Bay of Bengal Delta),22.5726,88.3639,5.0,May 2020 Super Cyclone Amphan,2020-05-11T02:00,0.0,1010.2,4.9,14.0,0.383,0.36,0.329
kolkata_hooghly,Kolkata,West Bengal,East Coast (Bay of Bengal Delta),22.5726,88.3639,5.0,May 2020 Super Cyclone Amphan,2020-05-11T03:00,0.0,1010.1,2.9,14.8,0.38,0.36,0.329
kolkata_hooghly,Kolkata,West Bengal,East Coast (Bay of Bengal Delta),22.5726,88.3639,5.0,May 2020 Super Cyclone Amphan,2020-05-11T04:00,0.0,1009.6,2.3,13.7,0.377,0.359,0.329
kolkata_hooghly,Kolkata,West Bengal,East Coast (Bay of Bengal Delta),22.5726,88.3639,5.0,May 2020 Super Cyclone Amphan,2020-05-11T05:00,0.0,1008.8,4.1,16.2,0.373,0.358,0.329
kolkata_hooghly,Kolkata,West Bengal,East Coast (Bay of Bengal Delta),22.5726,88.3639,5.0,May 2020 Super Cyclone Amphan,2020-05-11T06:00,0.0,1008.0,4.1,16.6,0.37,0.357,0.329
kolkata_hooghly,Kolkata,West Bengal,East Coast (Bay of Bengal Delta),22.5726,88.3639,5.0,May 2020 Super Cyclone Amphan,2020-05-11T07:00,0.0,1007.1,3.9,15.8,0.366,0.356,0.328
kolkata_hooghly,Kolkata,West Bengal,East Coast (Bay of Bengal Delta),22.5726,88.3639,5.0,May 2020 Super Cyclone Amphan,2020-05-11T08:00,0.0,1006.2,3.8,15.1,0.362,0.355,0.328
kolkata_hooghly,Kolkata,West Bengal,East Coast (Bay of Bengal Delta),22.5726,88.3639,5.0,May 2020 Super Cyclone Amphan,2020-05-11T09:00,0.0,1005.3,3.3,14.0,0.359,0.354,0.328
kolkata_hooghly,Kolkata,West Bengal,East Coast (Bay of Bengal Delta),22.5726,88.3639,5.0,May 2020 Super Cyclone Amphan,2020-05-11T10:00,0.0,1004.9,2.6,12.2,0.357,0.353,0.328
kolkata_hooghly,Kolkata,West Bengal,East Coast (Bay of Bengal Delta),22.5726,88.3639,5.0,May 2020 Super Cyclone Amphan,2020-05-11T11:00,0.0,1004.9,4.9,10.1,0.356,0.353,0.328
kolkata_hooghly,Kolkata,West Bengal,East Coast (Bay of Bengal Delta),22.5726,88.3639,5.0,May 2020 Super Cyclone Amphan,2020-05-11T12:00,0.0,1005.3,3.4,8.6,0.354,0.352,0.327
kolkata_hooghly,Kolkata,West Bengal,East Coast (Bay of Bengal Delta),22.5726,88.3639,5.0,May 2020 Super Cyclone Amphan,2020-05-11T13:00,0.0,1005.7,4.8,6.1,0.354,0.352,0.327
kolkata_hooghly,Kolkata,West Bengal,East Coast (Bay of Bengal Delta),22.5726,88.3639,5.0,May 2020 Super Cyclone Amphan,2020-05-11T14:00,0.0,1006.3,5.2,6.5,0.354,0.352,0.327
kolkata_hooghly,Kolkata,West Bengal,East Coast (Bay of Bengal Delta),22.5726,88.3639,5.0,May 2020 Super Cyclone Amphan,2020-05-11T15:00,0.0,1006.7,5.8,9.0,0.353,0.352,0.327
kolkata_hooghly,Kolkata,West Bengal,East Coast (Bay of Bengal Delta),22.5726,88.3639,5.0,May 2020 Super Cyclone Amphan,2020-05-11T16:00,0.0,1007.2,9.0,15.8,0.353,0.352,0.327
kolkata_hooghly,Kolkata,West Bengal,East Coast (Bay of Bengal Delta),22.5726,88.3639,5.0,May 2020 Super Cyclone Amphan,2020-05-11T17:00,0.0,1007.3,7.4,15.8,0.353,0.352,0.327
kolkata_hooghly,Kolkata,West Bengal,East Coast (Bay of Bengal Delta),22.5726,88.3639,5.0,May 2020 Super Cyclone Amphan,2020-05-11T18:00,0.0,1007.1,7.4,13.3,0.353,0.352,0.327
kolkata_hooghly,Kolkata,West Bengal,East Coast (Bay of Bengal Delta),22.5726,88.3639,5.0,May 2020 Super Cyclone Amphan,2020-05-11T19:00,0.0,1006.8,7.7,13.7,0.353,0.352,0.327
kolkata_hooghly,Kolkata,West Bengal,East Coast (Bay of Bengal Delta),22.5726,88.3639,5.0,May 2020 Super Cyclone Amphan,2020-05-11T20:00,0.0,1006.5,6.1,13.3,0.352,0.352,0.327
kolkata_hooghly,Kolkata,West Bengal,East Coast (Bay of Bengal Delta),22.5726,88.3639,5.0,May 2020 Super Cyclone Amphan,2020-05-11T21:00,0.0,1006.4,5.5,10.8,0.352,0.352,0.328
kolkata_hooghly,Kolkata,West Bengal,East Coast (Bay of Bengal Delta),22.5726,88.3639,5.0,May 2020 Super Cyclone Amphan,2020-05-11T22:00,0.0,1006.3,5.2,9.7,0.352,0.352,0.328
kolkata_hooghly,Kolkata,West Bengal,East Coast (Bay of Bengal Delta),22.5726,88.3639,5.0,May 2020 Super Cyclone Amphan,2020-05-11T23:00,0.0,1006.4,4.6,9.0,0.352,0.351,0.328
kolkata_hooghly,Kolkata,West Bengal,East Coast (Bay of Bengal Delta),22.5726,88.3639,5.0,May 2020 Super Cyclone Amphan,2020-05-12T00:00,0.0,1007.0,2.3,7.9,0.351,0.351,0.327
kolkata_hooghly,Kolkata,West Bengal,East Coast (Bay of Bengal Delta),22.5726,88.3639,5.0,May 2020 Super Cyclone Amphan,2020-05-12T01:00,0.0,1007.5,3.2,9.4,0.351,0.351,0.327
kolkata_hooghly,Kolkata,West Bengal,East Coast (Bay of Bengal Delta),22.5726,88.3639,5.0,May 2020 Super Cyclone Amphan,2020-05-12T02:00,0.0,1008.1,4.4,13.3,0.35,0.35,0.327
kolkata_hooghly,Kolkata,West Bengal,East Coast (Bay of Bengal Delta),22.5726,88.3639,5.0,May 2020 Super Cyclone Amphan,2020-05-12T03:00,0.0,1008.6,4.8,15.1,0.348,0.35,0.327
kolkata_hooghly,Kolkata,West Bengal,East Coast (Bay of Bengal Delta),22.5726,88.3639,5.0,May 2020 Super Cyclone Amphan,2020-05-12T04:00,0.0,1008.5,4.7,15.8,0.346,0.349,0.327
kolkata_hooghly,Kolkata,West Bengal,East Coast (Bay of Bengal Delta),22.5726,88.3639,5.0,May 2020 Super Cyclone Amphan,2020-05-12T05:00,0.0,1007.9,5.1,16.9,0.343,0.348,0.327
kolkata_hooghly,Kolkata,West Bengal,East Coast (Bay of Bengal Delta),22.5726,88.3639,5.0,May 2020 Super Cyclone Amphan,2020-05-12T06:00,0.0,1007.1,5.8,18.0,0.339,0.346,0.326
kolkata_hooghly,Kolkata,West Bengal,East Coast (Bay of Bengal Delta),22.5726,88.3639,5.0,May 2020 Super Cyclone Amphan,2020-05-12T07:00,0.0,1005.9,7.6,19.8,0.336,0.345,0.326
kolkata_hooghly,Kolkata,West Bengal,East Coast (Bay of Bengal Delta),22.5726,88.3639,5.0,May 2020 Super Cyclone Amphan,2020-05-12T08:00,0.0,1004.9,9.4,21.6,0.333,0.344,0.326
kolkata_hooghly,Kolkata,West Bengal,East Coast (Bay of Bengal Delta),22.5726,88.3639,5.0,May 2020 Super Cyclone Amphan,2020-05-12T09:00,0.0,1004.0,10.1,22.0,0.33,0.342,0.326
kolkata_hooghly,Kolkata,West Bengal,East Coast (Bay of Bengal Delta),22.5726,88.3639,5.0,May 2020 Super Cyclone Amphan,2020-05-12T10:00,0.0,1003.7,11.7,22.7,0.328,0.342,0.326
kolkata_hooghly,Kolkata,West Bengal,East Coast (Bay of Bengal Delta),22.5726,88.3639,5.0,May 2020 Super Cyclone Amphan,2020-05-12T11:00,0.0,1003.9,11.5,23.4,0.327,0.341,0.326
kolkata_hooghly,Kolkata,West Bengal,East Coast (Bay of Bengal Delta),22.5726,88.3639,5.0,May 2020 Super Cyclone Amphan,2020-05-12T12:00,0.0,1003.7,9.6,20.5,0.323,0.338,0.324
kolkata_hooghly,Kolkata,West Bengal,East Coast (Bay of Bengal Delta),22.5726,88.3639,5.0,May 2020 Super Cyclone Amphan,2020-05-12T13:00,0.0,1004.6,11.0,19.1,0.323,0.338,0.324
kolkata_hooghly,Kolkata,West Bengal,East Coast (Bay of Bengal Delta),22.5726,88.3639,5.0,May 2020 Super Cyclone Amphan,2020-05-12T14:00,0.0,1005.6,11.3,19.4,0.323,0.338,0.324
kolkata_hooghly,Kolkata,West Bengal,East Coast (Bay of Bengal Delta),22.5726,88.3639,5.0,May 2020 Super Cyclone Amphan,2020-05-12T15:00,0.0,1006.2,12.0,22.0,0.323,0.338,0.324
kolkata_hooghly,Kolkata,West Bengal,East Coast (Bay of Bengal Delta),22.5726,88.3639,5.0,May 2020 Super Cyclone Amphan,2020-05-12T16:00,0.0,1006.6,11.2,21.2,0.323,0.338,0.324
kolkata_hooghly,Kolkata,West Bengal,East Coast (Bay of Bengal Delta),22.5726,88.3639,5.0,May 2020 Super Cyclone Amphan,2020-05-12T17:00,0.0,1006.6,10.7,20.2,0.323,0.338,0.324
kolkata_hooghly,Kolkata,West Bengal,East Coast (Bay of Bengal Delta),22.5726,88.3639,5.0,May 2020 Super Cyclone Amphan,2020-05-12T18:00,0.0,1006.0,11.9,21.2,0.323,0.338,0.324
kolkata_hooghly,Kolkata,West Bengal,East Coast (Bay of Bengal Delta),22.5726,88.3639,5.0,May 2020 Super Cyclone Amphan,2020-05-12T19:00,0.0,1005.6,11.9,21.6,0.323,0.338,0.324
kolkata_hooghly,Kolkata,West Bengal,East Coast (Bay of Bengal Delta),22.5726,88.3639,5.0,May 2020 Super Cyclone Amphan,2020-05-12T20:00,0.0,1005.4,9.8,20.5,0.323,0.337,0.324
kolkata_hooghly,Kolkata,West Bengal,East Coast (Bay of Bengal Delta),22.5726,88.3639,5.0,May 2020 Super Cyclone Amphan,2020-05-12T21:00,0.0,1005.1,10.2,17.6,0.324,0.337,0.324
kolkata_hooghly,Kolkata,West Bengal,East Coast (Bay of Bengal Delta),22.5726,88.3639,5.0,May 2020 Super Cyclone Amphan,2020-05-12T22:00,0.0,1005.0,9.5,18.0,0.324,0.337,0.324
kolkata_hooghly,Kolkata,West Bengal,East Coast (Bay of Bengal Delta),22.5726,88.3639,5.0,May 2020 Super Cyclone Amphan,2020-05-12T23:00,0.0,1005.3,9.2,17.3,0.324,0.337,0.324
kolkata_hooghly,Kolkata,West Bengal,East Coast (Bay of Bengal Delta),22.5726,88.3639,5.0,May 2020 Super Cyclone Amphan,2020-05-13T00:00,0.0,1005.6,9.8,16.2,0.321,0.336,0.324
kolkata_hooghly,Kolkata,West Bengal,East Coast (Bay of Bengal Delta),22.5726,88.3639,5.0,May 2020 Super Cyclone Amphan,2020-05-13T01:00,0.0,1006.3,9.1,18.0,0.321,0.336,0.324
kolkata_hooghly,Kolkata,West Bengal,East Coast (Bay of Bengal Delta),22.5726,88.3639,5.0,May 2020 Super Cyclone Amphan,2020-05-13T02:00,0.0,1007.2,10.3,21.2,0.321,0.335,0.324
kolkata_hooghly,Kolkata,West Bengal,East Coast (Bay of Bengal Delta),22.5726,88.3639,5.0,May 2020 Super Cyclone Amphan,2020-05-13T03:00,0.0,1007.2,10.6,23.4,0.319,0.335,0.324
kolkata_hooghly,Kolkata,West Bengal,East Coast (Bay of Bengal Delta),22.5726,88.3639,5.0,May 2020 Super Cyclone Amphan,2020-05-13T04:00,0.0,1007.3,9.7,24.1,0.318,0.334,0.324
kolkata_hooghly,Kolkata,West Bengal,East Coast (Bay of Bengal Delta),22.5726,88.3639,5.0,May 2020 Super Cyclone Amphan,2020-05-13T05:00,0.0,1007.2,9.9,23.8,0.315,0.333,0.324
kolkata_hooghly,Kolkata,West Bengal,East Coast (Bay of Bengal Delta),22.5726,88.3639,5.0,May 2020 Super Cyclone Amphan,2020-05-13T06:00,0.0,1006.2,11.0,25.2,0.312,0.331,0.323
kolkata_hooghly,Kolkata,West Bengal,East Coast (Bay of Bengal Delta),22.5726,88.3639,5.0,May 2020 Super Cyclone Amphan,2020-05-13T07:00,0.0,1004.8,12.0,26.3,0.31,0.33,0.323
kolkata_hooghly,Kolkata,West Bengal,East Coast (Bay of Bengal Delta),22.5726,88.3639,5.0,May 2020 Super Cyclone Amphan,2020-05-13T08:00,0.0,1003.9,12.3,29.5,0.307,0.329,0.323
kolkata_hooghly,Kolkata,West Bengal,East Coast (Bay of Bengal Delta),22.5726,88.3639,5.0,May 2020 Super Cyclone Amphan,2020-05-13T09:00,0.0,1003.2,12.9,26.6,0.305,0.328,0.323
kolkata_hooghly,Kolkata,West Bengal,East Coast (Bay of Bengal Delta),22.5726,88.3639,5.0,May 2020 Super Cyclone Amphan,2020-05-13T10:00,0.0,1003.6,8.5,26.3,0.303,0.327,0.322
kolkata_hooghly,Kolkata,West Bengal,East Coast (Bay of Bengal Delta),22.5726,88.3639,5.0,May 2020 Super Cyclone Amphan,2020-05-13T11:00,0.0,1003.1,9.4,17.6,0.302,0.326,0.322
kolkata_hooghly,Kolkata,West Bengal,East Coast (Bay of Bengal Delta),22.5726,88.3639,5.0,May 2020 Super Cyclone Amphan,2020-05-13T12:00,0.0,1003.0,11.3,27.7,0.298,0.323,0.321
kolkata_hooghly,Kolkata,West Bengal,East Coast (Bay of Bengal Delta),22.5726,88.3639,5.0,May 2020 Super Cyclone Amphan,2020-05-13T13:00,0.0,1003.6,13.3,23.4,0.298,0.323,0.321
kolkata_hooghly,Kolkata,West Bengal,East Coast (Bay of Bengal Delta),22.5726,88.3639,5.0,May 2020 Super Cyclone Amphan,2020-05-13T14:00,0.0,1004.2,12.3,23.4,0.298,0.323,0.321
kolkata_hooghly,Kolkata,West Bengal,East Coast (Bay of Bengal Delta),22.5726,88.3639,5.0,May 2020 Super Cyclone Amphan,2020-05-13T15:00,0.0,1004.8,11.9,22.3,0.299,0.322,0.321
kolkata_hooghly,Kolkata,West Bengal,East Coast (Bay of Bengal Delta),22.5726,88.3639,5.0,May 2020 Super Cyclone Amphan,2020-05-13T16:00,0.0,1005.6,11.2,21.2,0.299,0.322,0.321
kolkata_hooghly,Kolkata,West Bengal,East Coast (Bay of Bengal Delta),22.5726,88.3639,5.0,May 2020 Super Cyclone Amphan,2020-05-13T17:00,0.0,1005.7,11.5,19.8,0.299,0.322,0.321
kolkata_hooghly,Kolkata,West Bengal,East Coast (Bay of Bengal Delta),22.5726,88.3639,5.0,May 2020 Super Cyclone Amphan,2020-05-13T18:00,0.0,1005.3,13.0,22.7,0.299,0.322,0.321
kolkata_hooghly,Kolkata,West Bengal,East Coast (Bay of Bengal Delta),22.5726,88.3639,5.0,May 2020 Super Cyclone Amphan,2020-05-13T19:00,0.0,1004.6,13.7,23.8,0.299,0.322,0.321
kolkata_hooghly,Kolkata,West Bengal,East Coast (Bay of Bengal Delta),22.5726,88.3639,5.0,May 2020 Super Cyclone Amphan,2020-05-13T20:00,0.0,1004.3,14.1,24.8,0.299,0.322,0.321
kolkata_hooghly,Kolkata,West Bengal,East Coast (Bay of Bengal Delta),22.5726,88.3639,5.0,May 2020 Super Cyclone Amphan,2020-05-13T21:00,0.0,1004.1,14.3,25.6,0.299,0.322,0.321
kolkata_hooghly,Kolkata,West Bengal,East Coast (Bay of Bengal Delta),22.5726,88.3639,5.0,May 2020 Super Cyclone Amphan,2020-05-13T22:00,0.0,1004.3,13.7,25.6,0.3,0.322,0.321
kolkata_hooghly,Kolkata,West Bengal,East Coast (Bay of Bengal Delta),22.5726,88.3639,5.0,May 2020 Super Cyclone Amphan,2020-05-13T23:00,0.0,1004.8,13.2,24.1,0.3,0.322,0.321
kolkata_hooghly,Kolkata,West Bengal,East Coast (Bay of Bengal Delta),22.5726,88.3639,5.0,May 2020 Super Cyclone Amphan,2020-05-14T00:00,0.0,1005.0,10.5,23.4,0.299,0.321,0.321
kolkata_hooghly,Kolkata,West Bengal,East Coast (Bay of Bengal Delta),22.5726,88.3639,5.0,May 2020 Super Cyclone Amphan,2020-05-14T01:00,0.0,1005.9,13.3,23.4,0.299,0.321,0.321
kolkata_hooghly,Kolkata,West Bengal,East Coast (Bay of Bengal Delta),22.5726,88.3639,5.0,May 2020 Super Cyclone Amphan,2020-05-14T02:00,0.0,1006.6,14.2,29.2,0.298,0.32,0.32
kolkata_hooghly,Kolkata,West Bengal,East Coast (Bay of Bengal Delta),22.5726,88.3639,5.0,May 2020 Super Cyclone Amphan,2020-05-14T03:00,0.0,1006.9,14.3,29.9,0.297,0.32,0.32
kolkata_hooghly,Kolkata,West Bengal,East Coast (Bay of Bengal Delta),22.5726,88.3639,5.0,May 2020 Super Cyclone Amphan,2020-05-14T04:00,0.0,1006.8,14.5,30.6,0.295,0.319,0.32
kolkata_hooghly,Kolkata,West Bengal,East Coast (Bay of Bengal Delta),22.5726,88.3639,5.0,May 2020 Super Cyclone Amphan,2020-05-14T05:00,0.0,1006.1,14.0,30.6,0.293,0.317,0.32
kolkata_hooghly,Kolkata,West Bengal,East Coast (Bay of Bengal Delta),22.5726,88.3639,5.0,May 2020 Super Cyclone Amphan,2020-05-14T06:00,0.0,1005.5,13.8,30.6,0.29,0.316,0.32
kolkata_hooghly,Kolkata,West Bengal,East Coast (Bay of Bengal Delta),22.5726,88.3639,5.0,May 2020 Super Cyclone Amphan,2020-05-14T07:00,0.0,1004.6,14.1,30.2,0.288,0.315,0.319
kolkata_hooghly,Kolkata,West Bengal,East Coast (Bay of Bengal Delta),22.5726,88.3639,5.0,May 2020 Super Cyclone Amphan,2020-05-14T08:00,0.0,1003.7,15.3,32.0,0.285,0.314,0.319
kolkata_hooghly,Kolkata,West Bengal,East Coast (Bay of Bengal Delta),22.5726,88.3639,5.0,May 2020 Super Cyclone Amphan,2020-05-14T09:00,0.0,1002.9,17.1,33.8,0.283,0.313,0.319
kolkata_hooghly,Kolkata,West Bengal,East Coast (Bay of Bengal Delta),22.5726,88.3639,5.0,May 2020 Super Cyclone Amphan,2020-05-14T10:00,0.0,1002.1,17.2,33.8,0.281,0.312,0.319
kolkata_hooghly,Kolkata,West Bengal,East Coast (Bay of Bengal Delta),22.5726,88.3639,5.0,May 2020 Super Cyclone Amphan,2020-05-14T11:00,0.0,1002.4,14.4,33.1,0.28,0.311,0.319
kolkata_hooghly,Kolkata,West Bengal,East Coast (Bay of Bengal Delta),22.5726,88.3639,5.0,May 2020 Super Cyclone Amphan,2020-05-14T12:00,0.0,1002.5,14.4,27.4,0.278,0.31,0.318
kolkata_hooghly,Kolkata,West Bengal,East Coast (Bay of Bengal Delta),22.5726,88.3639,5.0,May 2020 Super Cyclone Amphan,2020-05-14T13:00,0.0,1003.1,13.2,25.9,0.279,0.31,0.318
kolkata_hooghly,Kolkata,West Bengal,East Coast (Bay of Bengal Delta),22.5726,88.3639,5.0,May 2020 Super Cyclone Amphan,2020-05-14T14:00,0.0,1004.3,14.3,25.2,0.279,0.309,0.318
kolkata_hooghly,Kolkata,West Bengal,East Coast (Bay of Bengal Delta),22.5726,88.3639,5.0,May 2020 Super Cyclone Amphan,2020-05-14T15:00,0.0,1004.9,14.7,27.4,0.279,0.309,0.318
kolkata_hooghly,Kolkata,West Bengal,East Coast (Bay of Bengal Delta),22.5726,88.3639,5.0,May 2020 Super Cyclone Amphan,2020-05-14T16:00,0.0,1005.6,13.6,26.3,0.279,0.309,0.318
kolkata_hooghly,Kolkata,West Bengal,East Coast (Bay of Bengal Delta),22.5726,88.3639,5.0,May 2020 Super Cyclone Amphan,2020-05-14T17:00,0.0,1005.5,12.6,23.8,0.279,0.309,0.318
kolkata_hooghly,Kolkata,West Bengal,East Coast (Bay of Bengal Delta),22.5726,88.3639,5.0,May 2020 Super Cyclone Amphan,2020-05-14T18:00,0.0,1004.7,11.6,22.7,0.279,0.309,0.318
kolkata_hooghly,Kolkata,West Bengal,East Coast (Bay of Bengal Delta),22.5726,88.3639,5.0,May 2020 Super Cyclone Amphan,2020-05-14T19:00,0.0,1004.0,11.7,20.9,0.28,0.309,0.318
kolkata_hooghly,Kolkata,West Bengal,East Coast (Bay of Bengal Delta),22.5726,88.3639,5.0,May 2020 Super Cyclone Amphan,2020-05-14T20:00,0.0,1003.7,12.4,22.0,0.28,0.309,0.318
kolkata_hooghly,Kolkata,West Bengal,East Coast (Bay of Bengal Delta),22.5726,88.3639,5.0,May 2020 Super Cyclone Amphan,2020-05-14T21:00,0.0,1003.6,12.4,22.3,0.28,0.309,0.318
kolkata_hooghly,Kolkata,West Bengal,East Coast (Bay of Bengal Delta),22.5726,88.3639,5.0,May 2020 Super Cyclone Amphan,2020-05-14T22:00,0.0,1003.1,14.0,24.5,0.28,0.309,0.318
kolkata_hooghly,Kolkata,West Bengal,East Coast (Bay of Bengal Delta),22.5726,88.3639,5.0,May 2020 Super Cyclone Amphan,2020-05-14T23:00,0.0,1003.0,15.5,27.4,0.28,0.309,0.318
kolkata_hooghly,Kolkata,West Bengal,East Coast (Bay of Bengal Delta),22.5726,88.3639,5.0,May 2020 Super Cyclone Amphan,2020-05-15T00:00,0.0,1004.1,13.2,27.4,0.28,0.308,0.318
kolkata_hooghly,Kolkata,West Bengal,East Coast (Bay of Bengal Delta),22.5726,88.3639,5.0,May 2020 Super Cyclone Amphan,2020-05-15T01:00,0.0,1004.7,15.6,29.2,0.28,0.308,0.318
kolkata_hooghly,Kolkata,West Bengal,East Coast (Bay of Bengal Delta),22.5726,88.3639,5.0,May 2020 Super Cyclone Amphan,2020-05-15T02:00,0.0,1005.0,17.4,33.8,0.28,0.308,0.318
kolkata_hooghly,Kolkata,West Bengal,East Coast (Bay of Bengal Delta),22.5726,88.3639,5.0,May 2020 Super Cyclone Amphan,2020-05-15T03:00,0.0,1005.2,17.0,34.2,0.279,0.307,0.318
kolkata_hooghly,Kolkata,West Bengal,East Coast (Bay of Bengal Delta),22.5726,88.3639,5.0,May 2020 Super Cyclone Amphan,2020-05-15T04:00,0.0,1005.1,16.1,33.8,0.277,0.306,0.318
kolkata_hooghly,Kolkata,West Bengal,East Coast (Bay of Bengal Delta),22.5726,88.3639,5.0,May 2020 Super Cyclone Amphan,2020-05-15T05:00,0.0,1004.7,15.6,33.5,0.275,0.305,0.317
kolkata_hooghly,Kolkata,West Bengal,East Coast (Bay of Bengal Delta),22.5726,88.3639,5.0,May 2020 Super Cyclone Amphan,2020-05-15T06:00,0.0,1003.6,14.7,32.8,0.272,0.304,0.317
kolkata_hooghly,Kolkata,West Bengal,East Coast (Bay of Bengal Delta),22.5726,88.3639,5.0,May 2020 Super Cyclone Amphan,2020-05-15T07:00,0.0,1002.6,15.0,31.3,0.27,0.302,0.317
kolkata_hooghly,Kolkata,West Bengal,East Coast (Bay of Bengal Delta),22.5726,88.3639,5.0,May 2020 Super Cyclone Amphan,2020-05-15T08:00,0.0,1001.4,16.5,33.1,0.267,0.301,0.316
kolkata_hooghly,Kolkata,West Bengal,East Coast (Bay of Bengal Delta),22.5726,88.3639,5.0,May 2020 Super Cyclone Amphan,2020-05-15T09:00,0.0,1000.7,18.2,36.0,0.265,0.3,0.316
kolkata_hooghly,Kolkata,West Bengal,East Coast (Bay of Bengal Delta),22.5726,88.3639,5.0,May 2020 Super Cyclone Amphan,2020-05-15T10:00,0.0,1000.6,17.9,36.0,0.264,0.299,0.316
kolkata_hooghly,Kolkata,West Bengal,East Coast (Bay of Bengal Delta),22.5726,88.3639,5.0,May 2020 Super Cyclone Amphan,2020-05-15T11:00,0.0,1000.8,17.0,34.9,0.263,0.299,0.316
kolkata_hooghly,Kolkata,West Bengal,East Coast (Bay of Bengal Delta),22.5726,88.3639,5.0,May 2020 Super Cyclone Amphan,2020-05-15T12:00,0.0,1000.6,16.3,32.0,0.26,0.296,0.315
kolkata_hooghly,Kolkata,West Bengal,East Coast (Bay of Bengal Delta),22.5726,88.3639,5.0,May 2020 Super Cyclone Amphan,2020-05-15T13:00,0.0,1001.2,16.2,28.8,0.26,0.296,0.315
kolkata_hooghly,Kolkata,West Bengal,East Coast (Bay of Bengal Delta),22.5726,88.3639,5.0,May 2020 Super Cyclone Amphan,2020-05-15T14:00,0.0,1002.1,17.0,30.6,0.26,0.296,0.315
kolkata_hooghly,Kolkata,West Bengal,East Coast (Bay of Bengal Delta),22.5726,88.3639,5.0,May 2020 Super Cyclone Amphan,2020-05-15T15:00,0.0,1002.7,17.4,30.6,0.261,0.296,0.315
kolkata_hooghly,Kolkata,West Bengal,East Coast (Bay of Bengal Delta),22.5726,88.3639,5.0,May 2020 Super Cyclone Amphan,2020-05-15T16:00,0.0,1003.1,16.2,31.0,0.261,0.296,0.315
kolkata_hooghly,Kolkata,West Bengal,East Coast (Bay of Bengal Delta),22.5726,88.3639,5.0,May 2020 Super Cyclone Amphan,2020-05-15T17:00,0.0,1003.2,14.8,28.8,0.261,0.296,0.315
kolkata_hooghly,Kolkata,West Bengal,East Coast (Bay of Bengal Delta),22.5726,88.3639,5.0,May 2020 Super Cyclone Amphan,2020-05-15T18:00,0.0,1002.7,15.6,27.7,0.261,0.296,0.315
kolkata_hooghly,Kolkata,West Bengal,East Coast (Bay of Bengal Delta),22.5726,88.3639,5.0,May 2020 Super Cyclone Amphan,2020-05-15T19:00,0.0,1001.9,16.7,29.5,0.261,0.296,0.315
kolkata_hooghly,Kolkata,West Bengal,East Coast (Bay of Bengal Delta),22.5726,88.3639,5.0,May 2020 Super Cyclone Amphan,2020-05-15T20:00,0.0,1001.7,16.5,29.9,0.261,0.296,0.315
kolkata_hooghly,Kolkata,West Bengal,East Coast (Bay of Bengal Delta),22.5726,88.3639,5.0,May 2020 Super Cyclone Amphan,2020-05-15T21:00,0.0,1001.7,15.9,29.2,0.262,0.296,0.315
kolkata_hooghly,Kolkata,West Bengal,East Coast (Bay of Bengal Delta),22.5726,88.3639,5.0,May 2020 Super Cyclone Amphan,2020-05-15T22:00,0.0,1002.0,14.8,28.4,0.262,0.295,0.315
kolkata_hooghly,Kolkata,West Bengal,East Coast (Bay of Bengal Delta),22.5726,88.3639,5.0,May 2020 Super Cyclone Amphan,2020-05-15T23:00,0.0,1002.5,14.1,26.3,0.262,0.295,0.314
kolkata_hooghly,Kolkata,West Bengal,East Coast (Bay of Bengal Delta),22.5726,88.3639,5.0,May 2020 Super Cyclone Amphan,2020-05-16T00:00,0.0,1002.2,14.7,25.2,0.26,0.294,0.315
kolkata_hooghly,Kolkata,West Bengal,East Coast (Bay of Bengal Delta),22.5726,88.3639,5.0,May 2020 Super Cyclone Amphan,2020-05-16T01:00,0.0,1003.4,15.0,27.7,0.26,0.294,0.315
kolkata_hooghly,Kolkata,West Bengal,East Coast (Bay of Bengal Delta),22.5726,88.3639,5.0,May 2020 Super Cyclone Amphan,2020-05-16T02:00,0.0,1003.9,15.8,31.7,0.259,0.293,0.314
kolkata_hooghly,Kolkata,West Bengal,East Coast (Bay of Bengal Delta),22.5726,88.3639,5.0,May 2020 Super Cyclone Amphan,2020-05-16T03:00,0.0,1004.1,14.7,31.3,0.258,0.293,0.314
kolkata_hooghly,Kolkata,West Bengal,East Coast (Bay of Bengal Delta),22.5726,88.3639,5.0,May 2020 Super Cyclone Amphan,2020-05-16T04:00,0.0,1004.2,14.5,31.3,0.257,0.292,0.314
kolkata_hooghly,Kolkata,West Bengal,East Coast (Bay of Bengal Delta),22.5726,88.3639,5.0,May 2020 Super Cyclone Amphan,2020-05-16T05:00,0.0,1003.7,13.2,31.0,0.255,0.291,0.314
kolkata_hooghly,Kolkata,West Bengal,East Coast (Bay of Bengal Delta),22.5726,88.3639,5.0,May 2020 Super Cyclone Amphan,2020-05-16T06:00,0.0,1002.9,12.9,29.2,0.252,0.29,0.314
kolkata_hooghly,Kolkata,West Bengal,East Coast (Bay of Bengal Delta),22.5726,88.3639,5.0,May 2020 Super Cyclone Amphan,2020-05-16T07:00,0.0,1002.1,13.8,29.5,0.25,0.288,0.313
kolkata_hooghly,Kolkata,West Bengal,East Coast (Bay of Bengal Delta),22.5726,88.3639,5.0,May 2020 Super Cyclone Amphan,2020-05-16T08:00,0.0,1001.2,13.7,29.9,0.248,0.287,0.313
kolkata_hooghly,Kolkata,West Bengal,East Coast (Bay of Bengal Delta),22.5726,88.3639,5.0,May 2020 Super Cyclone Amphan,2020-05-16T09:00,0.0,1000.4,14.1,29.2,0.246,0.286,0.313
kolkata_hooghly,Kolkata,West Bengal,East Coast (Bay of Bengal Delta),22.5726,88.3639,5.0,May 2020 Super Cyclone Amphan,2020-05-16T10:00,0.0,1000.0,14.8,29.9,0.245,0.285,0.313
kolkata_hooghly,Kolkata,West Bengal,East Coast (Bay of Bengal Delta),22.5726,88.3639,5.0,May 2020 Super Cyclone Amphan,2020-05-16T11:00,0.0,999.9,14.4,29.5,0.244,0.285,0.312
kolkata_hooghly,Kolkata,West Bengal,East Coast (Bay of Bengal Delta),22.5726,88.3639,5.0,May 2020 Super Cyclone Amphan,2020-05-16T12:00,0.0,1000.3,13.2,26.3,0.243,0.283,0.312
kolkata_hooghly,Kolkata,West Bengal,East Coast (Bay of Bengal Delta),22.5726,88.3639,5.0,May 2020 Super Cyclone Amphan,2020-05-16T13:00,0.0,1000.5,16.2,28.1,0.243,0.283,0.312
kolkata_hooghly,Kolkata,West Bengal,East Coast (Bay of Bengal Delta),22.5726,88.3639,5.0,May 2020 Super Cyclone Amphan,2020-05-16T14:00,0.0,1001.8,18.9,33.1,0.243,0.283,0.312
kolkata_hooghly,Kolkata,West Bengal,East Coast (Bay of Bengal Delta),22.5726,88.3639,5.0,May 2020 Super Cyclone Amphan,2020-05-16T15:00,0.0,1002.6,17.8,33.8,0.243,0.283,0.312
kolkata_hooghly,Kolkata,West Bengal,East Coast (Bay of Bengal Delta),22.5726,88.3639,5.0,May 2020 Super Cyclone Amphan,2020-05-16T16:00,0.0,1002.6,15.1,32.0,0.243,0.283,0.312
kolkata_hooghly,Kolkata,West Bengal,East Coast (Bay of Bengal Delta),22.5726,88.3639,5.0,May 2020 Super Cyclone Amphan,2020-05-16T17:00,0.0,1003.0,14.7,27.0,0.243,0.283,0.312
kolkata_hooghly,Kolkata,West Bengal,East Coast (Bay of Bengal Delta),22.5726,88.3639,5.0,May 2020 Super Cyclone Amphan,2020-05-16T18:00,0.0,1002.6,15.5,27.4,0.243,0.283,0.312
kolkata_hooghly,Kolkata,West Bengal,East Coast (Bay of Bengal Delta),22.5726,88.3639,5.0,May 2020 Super Cyclone Amphan,2020-05-16T19:00,0.0,1001.9,13.7,27.0,0.243,0.283,0.312
kolkata_hooghly,Kolkata,West Bengal,East Coast (Bay of Bengal Delta),22.5726,88.3639,5.0,May 2020 Super Cyclone Amphan,2020-05-16T20:00,0.0,1001.5,14.0,24.5,0.244,0.283,0.312
kolkata_hooghly,Kolkata,West Bengal,East Coast (Bay of Bengal Delta),22.5726,88.3639,5.0,May 2020 Super Cyclone Amphan,2020-05-16T21:00,0.0,1001.4,12.6,24.8,0.244,0.283,0.312
kolkata_hooghly,Kolkata,West Bengal,East Coast (Bay of Bengal Delta),22.5726,88.3639,5.0,May 2020 Super Cyclone Amphan,2020-05-16T22:00,0.0,1001.4,11.8,22.3,0.244,0.282,0.312
kolkata_hooghly,Kolkata,West Bengal,East Coast (Bay of Bengal Delta),22.5726,88.3639,5.0,May 2020 Super Cyclone Amphan,2020-05-16T23:00,0.0,1001.9,11.4,20.9,0.244,0.282,0.311
kolkata_hooghly,Kolkata,West Bengal,East Coast (Bay of Bengal Delta),22.5726,88.3639,5.0,May 2020 Super Cyclone Amphan,2020-05-17T00:00,0.0,1002.7,10.6,20.2,0.244,0.282,0.311
kolkata_hooghly,Kolkata,West Bengal,East Coast (Bay of Bengal Delta),22.5726,88.3639,5.0,May 2020 Super Cyclone Amphan,2020-05-17T01:00,0.0,1003.6,11.4,21.6,0.244,0.282,0.311
kolkata_hooghly,Kolkata,West Bengal,East Coast (Bay of Bengal Delta),22.5726,88.3639,5.0,May 2020 Super Cyclone Amphan,2020-05-17T02:00,0.0,1004.1,13.0,27.0,0.243,0.281,0.311
kolkata_hooghly,Kolkata,West Bengal,East Coast (Bay of Bengal Delta),22.5726,88.3639,5.0,May 2020 Super Cyclone Amphan,2020-05-17T03:00,0.0,1004.1,12.2,27.4,0.242,0.281,0.311
kolkata_hooghly,Kolkata,West Bengal,East Coast (Bay of Bengal Delta),22.5726,88.3639,5.0,May 2020 Super Cyclone Amphan,2020-05-17T04:00,0.0,1004.0,10.8,26.6,0.241,0.28,0.311
kolkata_hooghly,Kolkata,West Bengal,East Coast (Bay of Bengal Delta),22.5726,88.3639,5.0,May 2020 Super Cyclone Amphan,2020-05-17T05:00,0.0,1003.8,7.9,24.8,0.239,0.279,0.31
kolkata_hooghly,Kolkata,West Bengal,East Coast (Bay of Bengal Delta),22.5726,88.3639,5.0,May 2020 Super Cyclone Amphan,2020-05-17T06:00,0.0,1003.1,5.6,20.9,0.237,0.278,0.31
kolkata_hooghly,Kolkata,West Bengal,East Coast (Bay of Bengal Delta),22.5726,88.3639,5.0,May 2020 Super Cyclone Amphan,2020-05-17T07:00,0.0,1002.1,7.1,19.4,0.235,0.276,0.31
kolkata_hooghly,Kolkata,West Bengal,East Coast (Bay of Bengal Delta),22.5726,88.3639,5.0,May 2020 Super Cyclone Amphan,2020-05-17T08:00,0.0,1001.1,7.6,19.8,0.233,0.275,0.309
kolkata_hooghly,Kolkata,West Bengal,East Coast (Bay of Bengal Delta),22.5726,88.3639,5.0,May 2020 Super Cyclone Amphan,2020-05-17T09:00,0.0,1000.2,8.4,19.8,0.231,0.274,0.309
kolkata_hooghly,Kolkata,West Bengal,East Coast (Bay of Bengal Delta),22.5726,88.3639,5.0,May 2020 Super Cyclone Amphan,2020-05-17T10:00,0.0,999.5,10.5,21.6,0.23,0.273,0.309
kolkata_hooghly,Kolkata,West Bengal,East Coast (Bay of Bengal Delta),22.5726,88.3639,5.0,May 2020 Super Cyclone Amphan,2020-05-17T11:00,0.0,999.5,14.5,25.2,0.229,0.273,0.309
kolkata_hooghly,Kolkata,West Bengal,East Coast (Bay of Bengal Delta),22.5726,88.3639,5.0,May 2020 Super Cyclone Amphan,2020-05-17T12:00,0.0,999.7,17.3,31.0,0.229,0.273,0.309
kolkata_hooghly,Kolkata,West Bengal,East Coast (Bay of Bengal Delta),22.5726,88.3639,5.0,May 2020 Super Cyclone Amphan,2020-05-17T13:00,0.0,1000.3,17.2,31.3,0.229,0.273,0.309
kolkata_hooghly,Kolkata,West Bengal,East Coast (Bay of Bengal Delta),22.5726,88.3639,5.0,May 2020 Super Cyclone Amphan,2020-05-17T14:00,0.0,1001.3,14.1,30.6,0.229,0.273,0.309
kolkata_hooghly,Kolkata,West Bengal,East Coast (Bay of Bengal Delta),22.5726,88.3639,5.0,May 2020 Super Cyclone Amphan,2020-05-17T15:00,0.0,1001.9,14.0,25.6,0.229,0.273,0.309
kolkata_hooghly,Kolkata,West Bengal,East Coast (Bay of Bengal Delta),22.5726,88.3639,5.0,May 2020 Super Cyclone Amphan,2020-05-17T16:00,0.0,1002.2,12.6,24.8,0.23,0.273,0.309
kolkata_hooghly,Kolkata,West Bengal,East Coast (Bay of Bengal Delta),22.5726,88.3639,5.0,May 2020 Super Cyclone Amphan,2020-05-17T17:00,0.0,1002.4,13.0,23.4,0.23,0.273,0.309
kolkata_hooghly,Kolkata,West Bengal,East Coast (Bay of Bengal Delta),22.5726,88.3639,5.0,May 2020 Super Cyclone Amphan,2020-05-17T18:00,0.0,1002.0,12.2,23.4,0.23,0.273,0.309
kolkata_hooghly,Kolkata,West Bengal,East Coast (Bay of Bengal Delta),22.5726,88.3639,5.0,May 2020 Super Cyclone Amphan,2020-05-17T19:00,0.0,1001.2,9.8,22.0,0.23,0.273,0.309
kolkata_hooghly,Kolkata,West Bengal,East Coast (Bay of Bengal Delta),22.5726,88.3639,5.0,May 2020 Super Cyclone Amphan,2020-05-17T20:00,0.0,1000.7,8.0,17.6,0.23,0.273,0.309
kolkata_hooghly,Kolkata,West Bengal,East Coast (Bay of Bengal Delta),22.5726,88.3639,5.0,May 2020 Super Cyclone Amphan,2020-05-17T21:00,0.0,1000.2,6.8,14.0,0.23,0.273,0.309
kolkata_hooghly,Kolkata,West Bengal,East Coast (Bay of Bengal Delta),22.5726,88.3639,5.0,May 2020 Super Cyclone Amphan,2020-05-17T22:00,0.0,999.9,6.6,11.9,0.231,0.273,0.309
kolkata_hooghly,Kolkata,West Bengal,East Coast (Bay of Bengal Delta),22.5726,88.3639,5.0,May 2020 Super Cyclone Amphan,2020-05-17T23:00,0.0,1000.2,5.0,11.9,0.231,0.273,0.309
kolkata_hooghly,Kolkata,West Bengal,East Coast (Bay of Bengal Delta),22.5726,88.3639,5.0,May 2020 Super Cyclone Amphan,2020-05-18T00:00,0.0,1000.9,3.6,9.0,0.23,0.271,0.308
kolkata_hooghly,Kolkata,West Bengal,East Coast (Bay of Bengal Delta),22.5726,88.3639,5.0,May 2020 Super Cyclone Amphan,2020-05-18T01:00,0.0,1001.6,7.1,15.1,0.23,0.271,0.308
kolkata_hooghly,Kolkata,West Bengal,East Coast (Bay of Bengal Delta),22.5726,88.3639,5.0,May 2020 Super Cyclone Amphan,2020-05-18T02:00,0.0,1002.2,13.4,27.4,0.23,0.271,0.308
kolkata_hooghly,Kolkata,West Bengal,East Coast (Bay of Bengal Delta),22.5726,88.3639,5.0,May 2020 Super Cyclone Amphan,2020-05-18T03:00,0.0,1002.6,13.5,29.2,0.229,0.271,0.308
kolkata_hooghly,Kolkata,West Bengal,East Coast (Bay of Bengal Delta),22.5726,88.3639,5.0,May 2020 Super Cyclone Amphan,2020-05-18T04:00,0.0,1002.6,12.3,29.2,0.228,0.27,0.308
kolkata_hooghly,Kolkata,West Bengal,East Coast (Bay of Bengal Delta),22.5726,88.3639,5.0,May 2020 Super Cyclone Amphan,2020-05-18T05:00,0.0,1002.6,13.3,29.5,0.226,0.269,0.307
kolkata_hooghly,Kolkata,West Bengal,East Coast (Bay of Bengal Delta),22.5726,88.3639,5.0,May 2020 Super Cyclone Amphan,2020-05-18T06:00,0.0,1001.6,13.0,30.2,0.224,0.268,0.307
kolkata_hooghly,Kolkata,West Bengal,East Coast (Bay of Bengal Delta),22.5726,88.3639,5.0,May 2020 Super Cyclone Amphan,2020-05-18T07:00,0.0,1000.5,12.2,28.8,0.222,0.267,0.307
kolkata_hooghly,Kolkata,West Bengal,East Coast (Bay of Bengal Delta),22.5726,88.3639,5.0,May 2020 Super Cyclone Amphan,2020-05-18T08:00,0.0,999.7,13.0,28.1,0.22,0.266,0.306
kolkata_hooghly,Kolkata,West Bengal,East Coast (Bay of Bengal Delta),22.5726,88.3639,5.0,May 2020 Super Cyclone Amphan,2020-05-18T09:00,0.0,998.8,12.6,28.1,0.219,0.265,0.306
kolkata_hooghly,Kolkata,West Bengal,East Coast (Bay of Bengal Delta),22.5726,88.3639,5.0,May 2020 Super Cyclone Amphan,2020-05-18T10:00,0.0,998.2,11.5,26.6,0.218,0.264,0.306
kolkata_hooghly,Kolkata,West Bengal,East Coast (Bay of Bengal Delta),22.5726,88.3639,5.0,May 2020 Super Cyclone Amphan,2020-05-18T11:00,0.0,998.2,8.6,23.4,0.217,0.263,0.306
kolkata_hooghly,Kolkata,West Bengal,East Coast (Bay of Bengal Delta),22.5726,88.3639,5.0,May 2020 Super Cyclone Amphan,2020-05-18T12:00,0.0,998.5,10.5,15.8,0.213,0.26,0.304
kolkata_hooghly,Kolkata,West Bengal,East Coast (Bay of Bengal Delta),22.5726,88.3639,5.0,May 2020 Super Cyclone Amphan,2020-05-18T13:00,0.0,998.9,9.5,19.1,0.213,0.26,0.304
kolkata_hooghly,Kolkata,West Bengal,East Coast (Bay of Bengal Delta),22.5726,88.3639,5.0,May 2020 Super Cyclone Amphan,2020-05-18T14:00,0.0,999.4,11.6,20.2,0.213,0.26,0.304
kolkata_hooghly,Kolkata,West Bengal,East Coast (Bay of Bengal Delta),22.5726,88.3639,5.0,May 2020 Super Cyclone Amphan,2020-05-18T15:00,0.0,1000.2,10.5,20.5,0.213,0.26,0.304
kolkata_hooghly,Kolkata,West Bengal,East Coast (Bay of Bengal Delta),22.5726,88.3639,5.0,May 2020 Super Cyclone Amphan,2020-05-18T16:00,0.0,1000.7,12.6,22.3,0.213,0.26,0.304
kolkata_hooghly,Kolkata,West Bengal,East Coast (Bay of Bengal Delta),22.5726,88.3639,5.0,May 2020 Super Cyclone Amphan,2020-05-18T17:00,0.0,1000.9,14.7,25.9,0.214,0.26,0.304
kolkata_hooghly,Kolkata,West Bengal,East Coast (Bay of Bengal Delta),22.5726,88.3639,5.0,May 2020 Super Cyclone Amphan,2020-05-18T18:00,0.0,1000.2,12.6,25.9,0.214,0.26,0.304
kolkata_hooghly,Kolkata,West Bengal,East Coast (Bay of Bengal Delta),22.5726,88.3639,5.0,May 2020 Super Cyclone Amphan,2020-05-18T19:00,0.0,999.5,11.9,22.3,0.214,0.26,0.304
kolkata_hooghly,Kolkata,West Bengal,East Coast (Bay of Bengal Delta),22.5726,88.3639,5.0,May 2020 Super Cyclone Amphan,2020-05-18T20:00,0.0,999.1,10.3,21.2,0.214,0.26,0.304
kolkata_hooghly,Kolkata,West Bengal,East Coast (Bay of Bengal Delta),22.5726,88.3639,5.0,May 2020 Super Cyclone Amphan,2020-05-18T21:00,0.0,998.8,8.4,18.4,0.214,0.26,0.304
kolkata_hooghly,Kolkata,West Bengal,East Coast (Bay of Bengal Delta),22.5726,88.3639,5.0,May 2020 Super Cyclone Amphan,2020-05-18T22:00,0.0,998.4,6.4,14.8,0.214,0.26,0.304
kolkata_hooghly,Kolkata,West Bengal,East Coast (Bay of Bengal Delta),22.5726,88.3639,5.0,May 2020 Super Cyclone Amphan,2020-05-18T23:00,0.0,998.9,4.7,12.2,0.214,0.259,0.304
kolkata_hooghly,Kolkata,West Bengal,East Coast (Bay of Bengal Delta),22.5726,88.3639,5.0,May 2020 Super Cyclone Amphan,2020-05-19T00:00,0.0,999.1,8.7,9.4,0.214,0.259,0.304
kolkata_hooghly,Kolkata,West Bengal,East Coast (Bay of Bengal Delta),22.5726,88.3639,5.0,May 2020 Super Cyclone Amphan,2020-05-19T01:00,0.0,999.8,8.8,17.3,0.214,0.259,0.304
kolkata_hooghly,Kolkata,West Bengal,East Coast (Bay of Bengal Delta),22.5726,88.3639,5.0,May 2020 Super Cyclone Amphan,2020-05-19T02:00,0.0,1000.2,12.2,22.0,0.214,0.259,0.304
kolkata_hooghly,Kolkata,West Bengal,East Coast (Bay of Bengal Delta),22.5726,88.3639,5.0,May 2020 Super Cyclone Amphan,2020-05-19T03:00,0.1,1000.6,15.6,31.0,0.215,0.258,0.303
kolkata_hooghly,Kolkata,West Bengal,East Coast (Bay of Bengal Delta),22.5726,88.3639,5.0,May 2020 Super Cyclone Amphan,2020-05-19T04:00,0.0,1000.6,13.7,31.0,0.215,0.258,0.303
kolkata_hooghly,Kolkata,West Bengal,East Coast (Bay of Bengal Delta),22.5726,88.3639,5.0,May 2020 Super Cyclone Amphan,2020-05-19T05:00,0.0,1000.6,13.4,33.1,0.214,0.258,0.303
kolkata_hooghly,Kolkata,West Bengal,East Coast (Bay of Bengal Delta),22.5726,88.3639,5.0,May 2020 Super Cyclone Amphan,2020-05-19T06:00,0.0,1000.2,14.8,29.2,0.213,0.257,0.303
kolkata_hooghly,Kolkata,West Bengal,East Coast (Bay of Bengal Delta),22.5726,88.3639,5.0,May 2020 Super Cyclone Amphan,2020-05-19T07:00,0.0,999.4,15.0,31.3,0.213,0.257,0.303
kolkata_hooghly,Kolkata,West Bengal,East Coast (Bay of Bengal Delta),22.5726,88.3639,5.0,May 2020 Super Cyclone Amphan,2020-05-19T08:00,0.0,998.3,15.1,29.5,0.213,0.257,0.303
kolkata_hooghly,Kolkata,West Bengal,East Coast (Bay of Bengal Delta),22.5726,88.3639,5.0,May 2020 Super Cyclone Amphan,2020-05-19T09:00,0.0,997.8,15.9,33.1,0.212,0.256,0.303
kolkata_hooghly,Kolkata,West Bengal,East Coast (Bay of Bengal Delta),22.5726,88.3639,5.0,May 2020 Super Cyclone Amphan,2020-05-19T10:00,0.0,997.5,13.7,31.3,0.212,0.256,0.303
kolkata_hooghly,Kolkata,West Bengal,East Coast (Bay of Bengal Delta),22.5726,88.3639,5.0,May 2020 Super Cyclone Amphan,2020-05-19T11:00,0.0,997.8,11.5,26.3,0.211,0.256,0.303
kolkata_hooghly,Kolkata,West Bengal,East Coast (Bay of Bengal Delta),22.5726,88.3639,5.0,May 2020 Super Cyclone Amphan,2020-05-19T12:00,0.0,998.3,17.3,21.2,0.243,0.256,0.303
kolkata_hooghly,Kolkata,West Bengal,East Coast (Bay of Bengal Delta),22.5726,88.3639,5.0,May 2020 Super Cyclone Amphan,2020-05-19T13:00,1.9,998.7,13.8,32.4,0.269,0.256,0.303
kolkata_hooghly,Kolkata,West Bengal,East Coast (Bay of Bengal Delta),22.5726,88.3639,5.0,May 2020 Super Cyclone Amphan,2020-05-19T14:00,2.0,998.7,13.6,24.8,0.295,0.256,0.303
kolkata_hooghly,Kolkata,West Bengal,East Coast (Bay of Bengal Delta),22.5726,88.3639,5.0,May 2020 Super Cyclone Amphan,2020-05-19T15:00,0.2,999.1,14.3,24.8,0.297,0.256,0.303
kolkata_hooghly,Kolkata,West Bengal,East Coast (Bay of Bengal Delta),22.5726,88.3639,5.0,May 2020 Super Cyclone Amphan,2020-05-19T16:00,0.2,999.6,15.8,28.8,0.298,0.256,0.303
kolkata_hooghly,Kolkata,West Bengal,East Coast (Bay of Bengal Delta),22.5726,88.3639,5.0,May 2020 Super Cyclone Amphan,2020-05-19T17:00,0.4,999.5,15.5,28.4,0.302,0.256,0.303
kolkata_hooghly,Kolkata,West Bengal,East Coast (Bay of Bengal Delta),22.5726,88.3639,5.0,May 2020 Super Cyclone Amphan,2020-05-19T18:00,0.7,998.2,16.8,29.9,0.31,0.257,0.303
kolkata_hooghly,Kolkata,West Bengal,East Coast (Bay of Bengal Delta),22.5726,88.3639,5.0,May 2020 Super Cyclone Amphan,2020-05-19T19:00,0.2,996.8,18.2,31.7,0.311,0.257,0.303
kolkata_hooghly,Kolkata,West Bengal,East Coast (Bay of Bengal Delta),22.5726,88.3639,5.0,May 2020 Super Cyclone Amphan,2020-05-19T20:00,0.1,996.3,20.2,36.4,0.311,0.257,0.303
kolkata_hooghly,Kolkata,West Bengal,East Coast (Bay of Bengal Delta),22.5726,88.3639,5.0,May 2020 Super Cyclone Amphan,2020-05-19T21:00,1.0,995.7,20.5,36.4,0.323,0.257,0.303
kolkata_hooghly,Kolkata,West Bengal,East Coast (Bay of Bengal Delta),22.5726,88.3639,5.0,May 2020 Super Cyclone Amphan,2020-05-19T22:00,0.5,995.4,20.2,42.1,0.328,0.258,0.303
kolkata_hooghly,Kolkata,West Bengal,East Coast (Bay of Bengal Delta),22.5726,88.3639,5.0,May 2020 Super Cyclone Amphan,2020-05-19T23:00,1.3,995.7,18.9,44.6,0.344,0.258,0.303
kolkata_hooghly,Kolkata,West Bengal,East Coast (Bay of Bengal Delta),22.5726,88.3639,5.0,May 2020 Super Cyclone Amphan,2020-05-20T00:00,2.0,993.9,28.6,43.6,0.376,0.262,0.302
kolkata_hooghly,Kolkata,West Bengal,East Coast (Bay of Bengal Delta),22.5726,88.3639,5.0,May 2020 Super Cyclone Amphan,2020-05-20T01:00,1.7,993.6,33.4,64.1,0.393,0.263,0.302
kolkata_hooghly,Kolkata,West Bengal,East Coast (Bay of Bengal Delta),22.5726,88.3639,5.0,May 2020 Super Cyclone Amphan,2020-05-20T02:00,5.9,993.1,35.4,77.8,0.439,0.274,0.302
kolkata_hooghly,Kolkata,West Bengal,East Coast (Bay of Bengal Delta),22.5726,88.3639,5.0,May 2020 Super Cyclone Amphan,2020-05-20T03:00,2.7,992.8,37.6,78.5,0.423,0.291,0.302
kolkata_hooghly,Kolkata,West Bengal,East Coast (Bay of Bengal Delta),22.5726,88.3639,5.0,May 2020 Super Cyclone Amphan,2020-05-20T04:00,0.8,992.8,31.8,69.8,0.415,0.296,0.302
kolkata_hooghly,Kolkata,West Bengal,East Coast (Bay of Bengal Delta),22.5726,88.3639,5.0,May 2020 Super Cyclone Amphan,2020-05-20T05:00,1.4,991.5,31.3,69.1,0.417,0.301,0.302
kolkata_hooghly,Kolkata,West Bengal,East Coast (Bay of Bengal Delta),22.5726,88.3639,5.0,May 2020 Super Cyclone Amphan,2020-05-20T06:00,0.9,990.0,31.6,66.6,0.413,0.305,0.302
kolkata_hooghly,Kolkata,West Bengal,East Coast (Bay of Bengal Delta),22.5726,88.3639,5.0,May 2020 Super Cyclone Amphan,2020-05-20T07:00,0.2,988.6,40.5,83.9,0.406,0.308,0.302
kolkata_hooghly,Kolkata,West Bengal,East Coast (Bay of Bengal Delta),22.5726,88.3639,5.0,May 2020 Super Cyclone Amphan,2020-05-20T08:00,1.4,987.3,36.8,83.5,0.412,0.31,0.302
kolkata_hooghly,Kolkata,West Bengal,East Coast (Bay of Bengal Delta),22.5726,88.3639,5.0,May 2020 Super Cyclone Amphan,2020-05-20T09:00,3.4,985.0,39.7,86.0,0.432,0.318,0.302
kolkata_hooghly,Kolkata,West Bengal,East Coast (Bay of Bengal Delta),22.5726,88.3639,5.0,May 2020 Super Cyclone Amphan,2020-05-20T10:00,2.0,982.7,47.5,99.7,0.432,0.326,0.302
kolkata_hooghly,Kolkata,West Bengal,East Coast (Bay of Bengal Delta),22.5726,88.3639,5.0,May 2020 Super Cyclone Amphan,2020-05-20T11:00,3.9,980.1,55.7,100.8,0.434,0.342,0.302
kolkata_hooghly,Kolkata,West Bengal,East Coast (Bay of Bengal Delta),22.5726,88.3639,5.0,May 2020 Super Cyclone Amphan,2020-05-20T12:00,5.9,976.2,65.6,126.4,0.441,0.379,0.303
kolkata_hooghly,Kolkata,West Bengal,East Coast (Bay of Bengal Delta),22.5726,88.3639,5.0,May 2020 Super Cyclone Amphan,2020-05-20T13:00,17.2,970.3,68.9,142.9,0.439,0.417,0.303
kolkata_hooghly,Kolkata,West Bengal,East Coast (Bay of Bengal Delta),22.5726,88.3639,5.0,May 2020 Super Cyclone Amphan,2020-05-20T14:00,25.9,964.5,53.8,137.2,0.439,0.439,0.307
kolkata_hooghly,Kolkata,West Bengal,East Coast (Bay of Bengal Delta),22.5726,88.3639,5.0,May 2020 Super Cyclone Amphan,2020-05-20T15:00,14.7,965.5,42.8,97.6,0.439,0.439,0.314
kolkata_hooghly,Kolkata,West Bengal,East Coast (Bay of Bengal Delta),22.5726,88.3639,5.0,May 2020 Super Cyclone Amphan,2020-05-20T16:00,3.2,976.5,42.5,91.1,0.438,0.436,0.319
kolkata_hooghly,Kolkata,West Bengal,East Coast (Bay of Bengal Delta),22.5726,88.3639,5.0,May 2020 Super Cyclone Amphan,2020-05-20T17:00,1.6,982.8,41.8,79.9,0.438,0.435,0.321
kolkata_hooghly,Kolkata,West Bengal,East Coast (Bay of Bengal Delta),22.5726,88.3639,5.0,May 2020 Super Cyclone Amphan,2020-05-20T18:00,1.2,986.0,38.8,76.7,0.437,0.434,0.323
kolkata_hooghly,Kolkata,West Bengal,East Coast (Bay of Bengal Delta),22.5726,88.3639,5.0,May 2020 Super Cyclone Amphan,2020-05-20T19:00,1.6,987.5,37.5,70.9,0.439,0.434,0.325
kolkata_hooghly,Kolkata,West Bengal,East Coast (Bay of Bengal Delta),22.5726,88.3639,5.0,May 2020 Super Cyclone Amphan,2020-05-20T20:00,2.5,988.7,36.7,68.8,0.439,0.437,0.327
kolkata_hooghly,Kolkata,West Bengal,East Coast (Bay of Bengal Delta),22.5726,88.3639,5.0,May 2020 Super Cyclone Amphan,2020-05-20T21:00,2.6,989.6,36.2,67.0,0.435,0.438,0.33
kolkata_hooghly,Kolkata,West Bengal,East Coast (Bay of Bengal Delta),22.5726,88.3639,5.0,May 2020 Super Cyclone Amphan,2020-05-20T22:00,1.1,990.4,33.5,65.9,0.436,0.434,0.332
kolkata_hooghly,Kolkata,West Bengal,East Coast (Bay of Bengal Delta),22.5726,88.3639,5.0,May 2020 Super Cyclone Amphan,2020-05-20T23:00,0.2,991.3,29.4,60.8,0.431,0.432,0.334
kolkata_hooghly,Kolkata,West Bengal,East Coast (Bay of Bengal Delta),22.5726,88.3639,5.0,May 2020 Super Cyclone Amphan,2020-05-21T00:00,0.0,992.2,27.2,52.9,0.427,0.429,0.331
kolkata_hooghly,Kolkata,West Bengal,East Coast (Bay of Bengal Delta),22.5726,88.3639,5.0,May 2020 Super Cyclone Amphan,2020-05-21T01:00,0.0,993.3,26.1,49.3,0.424,0.427,0.332
kolkata_hooghly,Kolkata,West Bengal,East Coast (Bay of Bengal Delta),22.5726,88.3639,5.0,May 2020 Super Cyclone Amphan,2020-05-21T02:00,0.1,994.7,24.1,47.2,0.422,0.425,0.333
kolkata_hooghly,Kolkata,West Bengal,East Coast (Bay of Bengal Delta),22.5726,88.3639,5.0,May 2020 Super Cyclone Amphan,2020-05-21T03:00,0.1,995.8,26.6,46.8,0.419,0.424,0.334
kolkata_hooghly,Kolkata,West Bengal,East Coast (Bay of Bengal Delta),22.5726,88.3639,5.0,May 2020 Super Cyclone Amphan,2020-05-21T04:00,0.0,996.3,23.3,50.4,0.416,0.422,0.334
kolkata_hooghly,Kolkata,West Bengal,East Coast (Bay of Bengal Delta),22.5726,88.3639,5.0,May 2020 Super Cyclone Amphan,2020-05-21T05:00,0.1,996.6,22.0,43.6,0.414,0.42,0.335
kolkata_hooghly,Kolkata,West Bengal,East Coast (Bay of Bengal Delta),22.5726,88.3639,5.0,May 2020 Super Cyclone Amphan,2020-05-21T06:00,0.1,996.8,20.4,41.4,0.412,0.419,0.335
kolkata_hooghly,Kolkata,West Bengal,East Coast (Bay of Bengal Delta),22.5726,88.3639,5.0,May 2020 Super Cyclone Amphan,2020-05-21T07:00,0.0,996.8,21.3,40.0,0.41,0.417,0.335
kolkata_hooghly,Kolkata,West Bengal,East Coast (Bay of Bengal Delta),22.5726,88.3639,5.0,May 2020 Super Cyclone Amphan,2020-05-21T08:00,0.0,996.6,17.0,39.6,0.408,0.416,0.336
kolkata_hooghly,Kolkata,West Bengal,East Coast (Bay of Bengal Delta),22.5726,88.3639,5.0,May 2020 Super Cyclone Amphan,2020-05-21T09:00,0.0,996.1,15.1,31.7,0.406,0.414,0.336
kolkata_hooghly,Kolkata,West Bengal,East Coast (Bay of Bengal Delta),22.5726,88.3639,5.0,May 2020 Super Cyclone Amphan,2020-05-21T10:00,0.0,995.9,18.8,34.9,0.403,0.413,0.336
kolkata_hooghly,Kolkata,West Bengal,East Coast (Bay of Bengal Delta),22.5726,88.3639,5.0,May 2020 Super Cyclone Amphan,2020-05-21T11:00,0.0,996.4,14.6,34.9,0.401,0.411,0.336
kolkata_hooghly,Kolkata,West Bengal,East Coast (Bay of Bengal Delta),22.5726,88.3639,5.0,May 2020 Super Cyclone Amphan,2020-05-21T12:00,0.0,997.8,12.0,25.9,0.41,0.412,0.337
kolkata_hooghly,Kolkata,West Bengal,East Coast (Bay of Bengal Delta),22.5726,88.3639,5.0,May 2020 Super Cyclone Amphan,2020-05-21T13:00,0.0,998.6,11.4,21.6,0.408,0.412,0.337
kolkata_hooghly,Kolkata,West Bengal,East Coast (Bay of Bengal Delta),22.5726,88.3639,5.0,May 2020 Super Cyclone Amphan,2020-05-21T14:00,0.0,999.9,10.7,21.2,0.407,0.411,0.337
kolkata_hooghly,Kolkata,West Bengal,East Coast (Bay of Bengal Delta),22.5726,88.3639,5.0,May 2020 Super Cyclone Amphan,2020-05-21T15:00,0.0,1000.6,9.4,18.7,0.406,0.41,0.337
kolkata_hooghly,Kolkata,West Bengal,East Coast (Bay of Bengal Delta),22.5726,88.3639,5.0,May 2020 Super Cyclone Amphan,2020-05-21T16:00,0.0,1001.2,11.9,20.5,0.405,0.409,0.338
kolkata_hooghly,Kolkata,West Bengal,East Coast (Bay of Bengal Delta),22.5726,88.3639,5.0,May 2020 Super Cyclone Amphan,2020-05-21T17:00,0.0,1001.2,11.9,20.9,0.404,0.409,0.338
kolkata_hooghly,Kolkata,West Bengal,East Coast (Bay of Bengal Delta),22.5726,88.3639,5.0,May 2020 Super Cyclone Amphan,2020-05-21T18:00,0.0,1001.0,11.4,21.2,0.403,0.408,0.338
kolkata_hooghly,Kolkata,West Bengal,East Coast (Bay of Bengal Delta),22.5726,88.3639,5.0,May 2020 Super Cyclone Amphan,2020-05-21T19:00,0.0,1000.4,10.0,20.2,0.402,0.407,0.339
kolkata_hooghly,Kolkata,West Bengal,East Coast (Bay of Bengal Delta),22.5726,88.3639,5.0,May 2020 Super Cyclone Amphan,2020-05-21T20:00,0.0,1000.0,10.9,19.4,0.401,0.407,0.339
kolkata_hooghly,Kolkata,West Bengal,East Coast (Bay of Bengal Delta),22.5726,88.3639,5.0,May 2020 Super Cyclone Amphan,2020-05-21T21:00,0.0,999.6,9.8,19.8,0.4,0.406,0.339
kolkata_hooghly,Kolkata,West Bengal,East Coast (Bay of Bengal Delta),22.5726,88.3639,5.0,May 2020 Super Cyclone Amphan,2020-05-21T22:00,0.0,999.8,9.2,16.9,0.399,0.406,0.339
kolkata_hooghly,Kolkata,West Bengal,East Coast (Bay of Bengal Delta),22.5726,88.3639,5.0,May 2020 Super Cyclone Amphan,2020-05-21T23:00,0.0,1000.5,8.4,16.2,0.398,0.405,0.34
kolkata_hooghly,Kolkata,West Bengal,East Coast (Bay of Bengal Delta),22.5726,88.3639,5.0,May 2020 Super Cyclone Amphan,2020-05-22T00:00,0.0,1000.9,7.4,14.4,0.402,0.405,0.34
kolkata_hooghly,Kolkata,West Bengal,East Coast (Bay of Bengal Delta),22.5726,88.3639,5.0,May 2020 Super Cyclone Amphan,2020-05-22T01:00,0.0,1001.9,6.7,14.4,0.401,0.404,0.34
kolkata_hooghly,Kolkata,West Bengal,East Coast (Bay of Bengal Delta),22.5726,88.3639,5.0,May 2020 Super Cyclone Amphan,2020-05-22T02:00,0.0,1002.5,3.3,14.0,0.4,0.404,0.34
kolkata_hooghly,Kolkata,West Bengal,East Coast (Bay of Bengal Delta),22.5726,88.3639,5.0,May 2020 Super Cyclone Amphan,2020-05-22T03:00,0.0,1003.1,2.6,13.0,0.398,0.403,0.34
kolkata_hooghly,Kolkata,West Bengal,East Coast (Bay of Bengal Delta),22.5726,88.3639,5.0,May 2020 Super Cyclone Amphan,2020-05-22T04:00,0.0,1003.0,4.7,15.5,0.395,0.402,0.34
kolkata_hooghly,Kolkata,West Bengal,East Coast (Bay of Bengal Delta),22.5726,88.3639,5.0,May 2020 Super Cyclone Amphan,2020-05-22T05:00,0.0,1002.8,15.1,29.9,0.393,0.4,0.34
kolkata_hooghly,Kolkata,West Bengal,East Coast (Bay of Bengal Delta),22.5726,88.3639,5.0,May 2020 Super Cyclone Amphan,2020-05-22T06:00,0.0,1002.4,16.2,31.7,0.39,0.399,0.34
kolkata_hooghly,Kolkata,West Bengal,East Coast (Bay of Bengal Delta),22.5726,88.3639,5.0,May 2020 Super Cyclone Amphan,2020-05-22T07:00,0.0,1001.9,17.3,35.3,0.387,0.398,0.34
kolkata_hooghly,Kolkata,West Bengal,East Coast (Bay of Bengal Delta),22.5726,88.3639,5.0,May 2020 Super Cyclone Amphan,2020-05-22T08:00,0.0,1001.1,18.3,35.6,0.384,0.396,0.34
kolkata_hooghly,Kolkata,West Bengal,East Coast (Bay of Bengal Delta),22.5726,88.3639,5.0,May 2020 Super Cyclone Amphan,2020-05-22T09:00,0.0,1000.5,18.4,36.7,0.381,0.395,0.34
kolkata_hooghly,Kolkata,West Bengal,East Coast (Bay of Bengal Delta),22.5726,88.3639,5.0,May 2020 Super Cyclone Amphan,2020-05-22T10:00,0.0,1000.2,18.3,36.0,0.379,0.393,0.34
kolkata_hooghly,Kolkata,West Bengal,East Coast (Bay of Bengal Delta),22.5726,88.3639,5.0,May 2020 Super Cyclone Amphan,2020-05-22T11:00,0.0,1000.3,16.2,34.6,0.377,0.392,0.34
kolkata_hooghly,Kolkata,West Bengal,East Coast (Bay of Bengal Delta),22.5726,88.3639,5.0,May 2020 Super Cyclone Amphan,2020-05-22T12:00,0.0,1000.6,11.9,29.5,0.372,0.387,0.339
kolkata_hooghly,Kolkata,West Bengal,East Coast (Bay of Bengal Delta),22.5726,88.3639,5.0,May 2020 Super Cyclone Amphan,2020-05-22T13:00,0.0,1001.3,13.3,23.4,0.372,0.387,0.339
kolkata_hooghly,Kolkata,West Bengal,East Coast (Bay of Bengal Delta),22.5726,88.3639,5.0,May 2020 Super Cyclone Amphan,2020-05-22T14:00,0.0,1002.1,14.0,24.5,0.372,0.386,0.339
kolkata_hooghly,Kolkata,West Bengal,East Coast (Bay of Bengal Delta),22.5726,88.3639,5.0,May 2020 Super Cyclone Amphan,2020-05-22T15:00,0.0,1003.0,14.2,24.8,0.372,0.386,0.339
kolkata_hooghly,Kolkata,West Bengal,East Coast (Bay of Bengal Delta),22.5726,88.3639,5.0,May 2020 Super Cyclone Amphan,2020-05-22T16:00,0.0,1003.4,13.3,24.8,0.372,0.386,0.34
kolkata_hooghly,Kolkata,West Bengal,East Coast (Bay of Bengal Delta),22.5726,88.3639,5.0,May 2020 Super Cyclone Amphan,2020-05-22T17:00,0.0,1003.6,11.9,23.4,0.372,0.385,0.34
kolkata_hooghly,Kolkata,West Bengal,East Coast (Bay of Bengal Delta),22.5726,88.3639,5.0,May 2020 Super Cyclone Amphan,2020-05-22T18:00,0.0,1003.2,12.2,21.2,0.372,0.385,0.34
kolkata_hooghly,Kolkata,West Bengal,East Coast (Bay of Bengal Delta),22.5726,88.3639,5.0,May 2020 Super Cyclone Amphan,2020-05-22T19:00,0.0,1002.8,12.3,21.6,0.372,0.385,0.34
kolkata_hooghly,Kolkata,West Bengal,East Coast (Bay of Bengal Delta),22.5726,88.3639,5.0,May 2020 Super Cyclone Amphan,2020-05-22T20:00,0.0,1002.6,11.2,21.2,0.372,0.384,0.34
kolkata_hooghly,Kolkata,West Bengal,East Coast (Bay of Bengal Delta),22.5726,88.3639,5.0,May 2020 Super Cyclone Amphan,2020-05-22T21:00,0.0,1002.5,10.1,19.4,0.372,0.384,0.34
kolkata_hooghly,Kolkata,West Bengal,East Coast (Bay of Bengal Delta),22.5726,88.3639,5.0,May 2020 Super Cyclone Amphan,2020-05-22T22:00,0.0,1002.4,10.1,18.0,0.372,0.384,0.34
kolkata_hooghly,Kolkata,West Bengal,East Coast (Bay of Bengal Delta),22.5726,88.3639,5.0,May 2020 Super Cyclone Amphan,2020-05-22T23:00,0.0,1002.6,9.5,17.6,0.372,0.383,0.34
kolkata_hooghly,Kolkata,West Bengal,East Coast (Bay of Bengal Delta),22.5726,88.3639,5.0,May 2020 Super Cyclone Amphan,2020-05-23T00:00,0.0,1002.3,9.7,16.6,0.372,0.383,0.34
kolkata_hooghly,Kolkata,West Bengal,East Coast (Bay of Bengal Delta),22.5726,88.3639,5.0,May 2020 Super Cyclone Amphan,2020-05-23T01:00,0.0,1003.1,9.4,18.0,0.372,0.383,0.34
kolkata_hooghly,Kolkata,West Bengal,East Coast (Bay of Bengal Delta),22.5726,88.3639,5.0,May 2020 Super Cyclone Amphan,2020-05-23T02:00,0.0,1003.4,19.6,36.4,0.371,0.382,0.34
kolkata_hooghly,Kolkata,West Bengal,East Coast (Bay of Bengal Delta),22.5726,88.3639,5.0,May 2020 Super Cyclone Amphan,2020-05-23T03:00,0.0,1003.6,22.1,41.8,0.37,0.381,0.34
kolkata_hooghly,Kolkata,West Bengal,East Coast (Bay of Bengal Delta),22.5726,88.3639,5.0,May 2020 Super Cyclone Amphan,2020-05-23T04:00,0.0,1003.9,22.0,42.5,0.368,0.38,0.34
kolkata_hooghly,Kolkata,West Bengal,East Coast (Bay of Bengal Delta),22.5726,88.3639,5.0,May 2020 Super Cyclone Amphan,2020-05-23T05:00,0.0,1003.8,21.7,42.8,0.366,0.379,0.34
kolkata_hooghly,Kolkata,West Bengal,East Coast (Bay of Bengal Delta),22.5726,88.3639,5.0,May 2020 Super Cyclone Amphan,2020-05-23T06:00,0.0,1003.5,22.3,43.2,0.363,0.378,0.34
kolkata_hooghly,Kolkata,West Bengal,East Coast (Bay of Bengal Delta),22.5726,88.3639,5.0,May 2020 Super Cyclone Amphan,2020-05-23T07:00,0.0,1002.8,21.9,42.8,0.36,0.376,0.34
kolkata_hooghly,Kolkata,West Bengal,East Coast (Bay of Bengal Delta),22.5726,88.3639,5.0,May 2020 Super Cyclone Amphan,2020-05-23T08:00,0.0,1002.3,20.5,42.5,0.358,0.375,0.34
kolkata_hooghly,Kolkata,West Bengal,East Coast (Bay of Bengal Delta),22.5726,88.3639,5.0,May 2020 Super Cyclone Amphan,2020-05-23T09:00,0.0,1001.5,19.7,40.0,0.355,0.374,0.34
kolkata_hooghly,Kolkata,West Bengal,East Coast (Bay of Bengal Delta),22.5726,88.3639,5.0,May 2020 Super Cyclone Amphan,2020-05-23T10:00,0.0,1001.1,19.6,38.2,0.354,0.373,0.34
kolkata_hooghly,Kolkata,West Bengal,East Coast (Bay of Bengal Delta),22.5726,88.3639,5.0,May 2020 Super Cyclone Amphan,2020-05-23T11:00,0.0,1001.0,19.3,37.1,0.352,0.372,0.339
kolkata_hooghly,Kolkata,West Bengal,East Coast (Bay of Bengal Delta),22.5726,88.3639,5.0,May 2020 Super Cyclone Amphan,2020-05-23T12:00,0.0,1001.4,18.1,34.9,0.351,0.371,0.339
kolkata_hooghly,Kolkata,West Bengal,East Coast (Bay of Bengal Delta),22.5726,88.3639,5.0,May 2020 Super Cyclone Amphan,2020-05-23T13:00,0.0,1001.7,16.9,32.4,0.351,0.371,0.339
kolkata_hooghly,Kolkata,West Bengal,East Coast (Bay of Bengal Delta),22.5726,88.3639,5.0,May 2020 Super Cyclone Amphan,2020-05-23T14:00,0.0,1002.6,18.1,31.7,0.351,0.371,0.339
kolkata_hooghly,Kolkata,West Bengal,East Coast (Bay of Bengal Delta),22.5726,88.3639,5.0,May 2020 Super Cyclone Amphan,2020-05-23T15:00,0.0,1003.1,18.5,33.1,0.351,0.37,0.34
kolkata_hooghly,Kolkata,West Bengal,East Coast (Bay of Bengal Delta),22.5726,88.3639,5.0,May 2020 Super Cyclone Amphan,2020-05-23T16:00,0.0,1003.8,17.0,32.8,0.351,0.37,0.34
kolkata_hooghly,Kolkata,West Bengal,East Coast (Bay of Bengal Delta),22.5726,88.3639,5.0,May 2020 Super Cyclone Amphan,2020-05-23T17:00,0.0,1004.2,17.3,30.6,0.352,0.37,0.34
kolkata_hooghly,Kolkata,West Bengal,East Coast (Bay of Bengal Delta),22.5726,88.3639,5.0,May 2020 Super Cyclone Amphan,2020-05-23T18:00,0.0,1004.0,17.7,31.7,0.352,0.37,0.34
kolkata_hooghly,Kolkata,West Bengal,East Coast (Bay of Bengal Delta),22.5726,88.3639,5.0,May 2020 Super Cyclone Amphan,2020-05-23T19:00,0.0,1003.2,17.3,32.0,0.352,0.369,0.34
kolkata_hooghly,Kolkata,West Bengal,East Coast (Bay of Bengal Delta),22.5726,88.3639,5.0,May 2020 Super Cyclone Amphan,2020-05-23T20:00,0.0,1002.9,15.5,30.6,0.352,0.369,0.34
kolkata_hooghly,Kolkata,West Bengal,East Coast (Bay of Bengal Delta),22.5726,88.3639,5.0,May 2020 Super Cyclone Amphan,2020-05-23T21:00,0.0,1002.4,15.5,28.1,0.352,0.369,0.34
kolkata_hooghly,Kolkata,West Bengal,East Coast (Bay of Bengal Delta),22.5726,88.3639,5.0,May 2020 Super Cyclone Amphan,2020-05-23T22:00,0.0,1002.3,16.3,29.2,0.352,0.369,0.34
kolkata_hooghly,Kolkata,West Bengal,East Coast (Bay of Bengal Delta),22.5726,88.3639,5.0,May 2020 Super Cyclone Amphan,2020-05-23T23:00,0.0,1002.7,15.6,29.2,0.352,0.368,0.34
kolkata_hooghly,Kolkata,West Bengal,East Coast (Bay of Bengal Delta),22.5726,88.3639,5.0,May 2020 Super Cyclone Amphan,2020-05-24T00:00,0.0,1002.9,15.0,28.1,0.352,0.368,0.34
kolkata_hooghly,Kolkata,West Bengal,East Coast (Bay of Bengal Delta),22.5726,88.3639,5.0,May 2020 Super Cyclone Amphan,2020-05-24T01:00,0.0,1003.4,16.1,27.7,0.352,0.367,0.34
kolkata_hooghly,Kolkata,West Bengal,East Coast (Bay of Bengal Delta),22.5726,88.3639,5.0,May 2020 Super Cyclone Amphan,2020-05-24T02:00,0.0,1004.0,25.1,45.7,0.351,0.367,0.34
kolkata_hooghly,Kolkata,West Bengal,East Coast (Bay of Bengal Delta),22.5726,88.3639,5.0,May 2020 Super Cyclone Amphan,2020-05-24T03:00,0.0,1004.3,26.0,49.0,0.35,0.366,0.34
kolkata_hooghly,Kolkata,West Bengal,East Coast (Bay of Bengal Delta),22.5726,88.3639,5.0,May 2020 Super Cyclone Amphan,2020-05-24T04:00,0.0,1004.2,25.5,49.0,0.348,0.365,0.34
kolkata_hooghly,Kolkata,West Bengal,East Coast (Bay of Bengal Delta),22.5726,88.3639,5.0,May 2020 Super Cyclone Amphan,2020-05-24T05:00,0.0,1004.1,25.7,49.3,0.346,0.364,0.339
kolkata_hooghly,Kolkata,West Bengal,East Coast (Bay of Bengal Delta),22.5726,88.3639,5.0,May 2020 Super Cyclone Amphan,2020-05-24T06:00,0.0,1003.6,26.4,50.0,0.343,0.363,0.339
kolkata_hooghly,Kolkata,West Bengal,East Coast (Bay of Bengal Delta),22.5726,88.3639,5.0,May 2020 Super Cyclone Amphan,2020-05-24T07:00,0.0,1002.6,25.9,51.1,0.34,0.361,0.339
kolkata_hooghly,Kolkata,West Bengal,East Coast (Bay of Bengal Delta),22.5726,88.3639,5.0,May 2020 Super Cyclone Amphan,2020-05-24T08:00,0.0,1001.7,25.9,50.4,0.338,0.36,0.339
kolkata_hooghly,Kolkata,West Bengal,East Coast (Bay of Bengal Delta),22.5726,88.3639,5.0,May 2020 Super Cyclone Amphan,2020-05-24T09:00,0.0,1000.9,26.0,50.4,0.335,0.359,0.339
kolkata_hooghly,Kolkata,West Bengal,East Coast (Bay of Bengal Delta),22.5726,88.3639,5.0,May 2020 Super Cyclone Amphan,2020-05-24T10:00,0.0,1000.4,26.6,50.0,0.334,0.358,0.338
kolkata_hooghly,Kolkata,West Bengal,East Coast (Bay of Bengal Delta),22.5726,88.3639,5.0,May 2020 Super Cyclone Amphan,2020-05-24T11:00,0.0,1000.2,23.4,49.7,0.333,0.357,0.338
kolkata_hooghly,Kolkata,West Bengal,East Coast (Bay of Bengal Delta),22.5726,88.3639,5.0,May 2020 Super Cyclone Amphan,2020-05-24T12:00,0.0,1000.5,18.8,43.2,0.331,0.356,0.338
kolkata_hooghly,Kolkata,West Bengal,East Coast (Bay of Bengal Delta),22.5726,88.3639,5.0,May 2020 Super Cyclone Amphan,2020-05-24T13:00,0.0,1000.6,17.3,34.2,0.331,0.356,0.338
kolkata_hooghly,Kolkata,West Bengal,East Coast (Bay of Bengal Delta),22.5726,88.3639,5.0,May 2020 Super Cyclone Amphan,2020-05-24T14:00,0.0,1001.4,18.2,32.4,0.331,0.355,0.338
kolkata_hooghly,Kolkata,West Bengal,East Coast (Bay of Bengal Delta),22.5726,88.3639,5.0,May 2020 Super Cyclone Amphan,2020-05-24T15:00,0.0,1002.2,19.1,34.2,0.331,0.355,0.338
kolkata_hooghly,Kolkata,West Bengal,East Coast (Bay of Bengal Delta),22.5726,88.3639,5.0,May 2020 Super Cyclone Amphan,2020-05-24T16:00,0.0,1002.7,19.8,34.9,0.332,0.355,0.338
kolkata_hooghly,Kolkata,West Bengal,East Coast (Bay of Bengal Delta),22.5726,88.3639,5.0,May 2020 Super Cyclone Amphan,2020-05-24T17:00,0.0,1002.9,23.1,41.4,0.332,0.355,0.338
kolkata_hooghly,Kolkata,West Bengal,East Coast (Bay of Bengal Delta),22.5726,88.3639,5.0,May 2020 Super Cyclone Amphan,2020-05-24T18:00,0.0,1002.7,23.5,42.8,0.332,0.354,0.338
kolkata_hooghly,Kolkata,West Bengal,East Coast (Bay of Bengal Delta),22.5726,88.3639,5.0,May 2020 Super Cyclone Amphan,2020-05-24T19:00,0.0,1002.5,24.0,42.8,0.332,0.354,0.338
kolkata_hooghly,Kolkata,West Bengal,East Coast (Bay of Bengal Delta),22.5726,88.3639,5.0,May 2020 Super Cyclone Amphan,2020-05-24T20:00,0.0,1002.1,24.9,44.6,0.332,0.354,0.338
kolkata_hooghly,Kolkata,West Bengal,East Coast (Bay of Bengal Delta),22.5726,88.3639,5.0,May 2020 Super Cyclone Amphan,2020-05-24T21:00,0.0,1002.3,22.9,44.6,0.333,0.354,0.338
kolkata_hooghly,Kolkata,West Bengal,East Coast (Bay of Bengal Delta),22.5726,88.3639,5.0,May 2020 Super Cyclone Amphan,2020-05-24T22:00,0.0,1002.4,23.2,42.1,0.333,0.354,0.338
kolkata_hooghly,Kolkata,West Bengal,East Coast (Bay of Bengal Delta),22.5726,88.3639,5.0,May 2020 Super Cyclone Amphan,2020-05-24T23:00,0.0,1002.6,24.3,43.9,0.333,0.353,0.338
kolkata_hooghly,Kolkata,West Bengal,East Coast (Bay of Bengal Delta),22.5726,88.3639,5.0,May 2020 Super Cyclone Amphan,2020-05-25T00:00,0.0,1002.8,21.7,43.9,0.332,0.352,0.338
kolkata_hooghly,Kolkata,West Bengal,East Coast (Bay of Bengal Delta),22.5726,88.3639,5.0,May 2020 Super Cyclone Amphan,2020-05-25T01:00,0.0,1003.8,21.0,38.2,0.332,0.352,0.338
kolkata_hooghly,Kolkata,West Bengal,East Coast (Bay of Bengal Delta),22.5726,88.3639,5.0,May 2020 Super Cyclone Amphan,2020-05-25T02:00,0.0,1004.1,30.9,56.9,0.331,0.352,0.338
kolkata_hooghly,Kolkata,West Bengal,East Coast (Bay of Bengal Delta),22.5726,88.3639,5.0,May 2020 Super Cyclone Amphan,2020-05-25T03:00,0.0,1004.2,31.7,59.0,0.331,0.351,0.338
kolkata_hooghly,Kolkata,West Bengal,East Coast (Bay of Bengal Delta),22.5726,88.3639,5.0,May 2020 Super Cyclone Amphan,2020-05-25T04:00,0.0,1004.1,31.6,59.4,0.329,0.35,0.338
kolkata_hooghly,Kolkata,West Bengal,East Coast (Bay of Bengal Delta),22.5726,88.3639,5.0,May 2020 Super Cyclone Amphan,2020-05-25T05:00,0.0,1004.2,29.8,59.0,0.327,0.349,0.338
kolkata_hooghly,Kolkata,West Bengal,East Coast (Bay of Bengal Delta),22.5726,88.3639,5.0,May 2020 Super Cyclone Amphan,2020-05-25T06:00,0.0,1004.3,27.5,56.2,0.325,0.348,0.337
kolkata_hooghly,Kolkata,West Bengal,East Coast (Bay of Bengal Delta),22.5726,88.3639,5.0,May 2020 Super Cyclone Amphan,2020-05-25T07:00,0.0,1003.4,30.0,56.2,0.323,0.347,0.337
kolkata_hooghly,Kolkata,West Bengal,East Coast (Bay of Bengal Delta),22.5726,88.3639,5.0,May 2020 Super Cyclone Amphan,2020-05-25T08:00,0.0,1002.5,32.5,60.8,0.321,0.346,0.337
kolkata_hooghly,Kolkata,West Bengal,East Coast (Bay of Bengal Delta),22.5726,88.3639,5.0,May 2020 Super Cyclone Amphan,2020-05-25T09:00,0.0,1001.7,31.6,61.6,0.319,0.345,0.337
kolkata_hooghly,Kolkata,West Bengal,East Coast (Bay of Bengal Delta),22.5726,88.3639,5.0,May 2020 Super Cyclone Amphan,2020-05-25T10:00,0.0,1001.3,30.2,59.0,0.318,0.344,0.337
kolkata_hooghly,Kolkata,West Bengal,East Coast (Bay of Bengal Delta),22.5726,88.3639,5.0,May 2020 Super Cyclone Amphan,2020-05-25T11:00,0.0,1001.5,24.1,56.2,0.317,0.343,0.337
kolkata_hooghly,Kolkata,West Bengal,East Coast (Bay of Bengal Delta),22.5726,88.3639,5.0,May 2020 Super Cyclone Amphan,2020-05-25T12:00,0.0,1001.1,26.4,44.3,0.317,0.343,0.336
kolkata_hooghly,Kolkata,West Bengal,East Coast (Bay of Bengal Delta),22.5726,88.3639,5.0,May 2020 Super Cyclone Amphan,2020-05-25T13:00,0.0,1000.9,27.0,49.3,0.317,0.343,0.336
kolkata_hooghly,Kolkata,West Bengal,East Coast (Bay of Bengal Delta),22.5726,88.3639,5.0,May 2020 Super Cyclone Amphan,2020-05-25T14:00,0.0,1001.7,23.8,49.0,0.317,0.342,0.336
kolkata_hooghly,Kolkata,West Bengal,East Coast (Bay of Bengal Delta),22.5726,88.3639,5.0,May 2020 Super Cyclone Amphan,2020-05-25T15:00,0.0,1003.4,15.5,42.8,0.317,0.342,0.336
kolkata_hooghly,Kolkata,West Bengal,East Coast (Bay of Bengal Delta),22.5726,88.3639,5.0,May 2020 Super Cyclone Amphan,2020-05-25T16:00,0.0,1003.7,18.7,33.8,0.317,0.342,0.336
kolkata_hooghly,Kolkata,West Bengal,East Coast (Bay of Bengal Delta),22.5726,88.3639,5.0,May 2020 Super Cyclone Amphan,2020-05-25T17:00,0.0,1003.7,22.4,40.0,0.318,0.342,0.336
kolkata_hooghly,Kolkata,West Bengal,East Coast (Bay of Bengal Delta),22.5726,88.3639,5.0,May 2020 Super Cyclone Amphan,2020-05-25T18:00,0.0,1003.0,25.1,45.0,0.318,0.342,0.336
kolkata_hooghly,Kolkata,West Bengal,East Coast (Bay of Bengal Delta),22.5726,88.3639,5.0,May 2020 Super Cyclone Amphan,2020-05-25T19:00,0.0,1002.3,24.6,45.4,0.318,0.342,0.336
kolkata_hooghly,Kolkata,West Bengal,East Coast (Bay of Bengal Delta),22.5726,88.3639,5.0,May 2020 Super Cyclone Amphan,2020-05-25T20:00,0.0,1001.7,26.5,47.9,0.318,0.341,0.336
kolkata_hooghly,Kolkata,West Bengal,East Coast (Bay of Bengal Delta),22.5726,88.3639,5.0,May 2020 Super Cyclone Amphan,2020-05-25T21:00,0.0,1001.6,25.1,47.9,0.318,0.341,0.336
kolkata_hooghly,Kolkata,West Bengal,East Coast (Bay of Bengal Delta),22.5726,88.3639,5.0,May 2020 Super Cyclone Amphan,2020-05-25T22:00,0.0,1001.4,25.4,46.1,0.318,0.341,0.336
kolkata_hooghly,Kolkata,West Bengal,East Coast (Bay of Bengal Delta),22.5726,88.3639,5.0,May 2020 Super Cyclone Amphan,2020-05-25T23:00,0.0,1001.7,24.7,46.1,0.319,0.341,0.336
kolkata_hooghly,Kolkata,West Bengal,East Coast (Bay of Bengal Delta),22.5726,88.3639,5.0,May 2020 Super Cyclone Amphan,2020-05-26T00:00,0.0,1002.5,25.1,44.6,0.317,0.34,0.336
kolkata_hooghly,Kolkata,West Bengal,East Coast (Bay of Bengal Delta),22.5726,88.3639,5.0,May 2020 Super Cyclone Amphan,2020-05-26T01:00,0.0,1003.3,25.7,46.4,0.317,0.34,0.336
kolkata_hooghly,Kolkata,West Bengal,East Coast (Bay of Bengal Delta),22.5726,88.3639,5.0,May 2020 Super Cyclone Amphan,2020-05-26T02:00,0.0,1004.2,29.7,55.8,0.317,0.339,0.336
kolkata_hooghly,Kolkata,West Bengal,East Coast (Bay of Bengal Delta),22.5726,88.3639,5.0,May 2020 Super Cyclone Amphan,2020-05-26T03:00,0.0,1003.9,27.9,54.0,0.316,0.339,0.336
kolkata_hooghly,Kolkata,West Bengal,East Coast (Bay of Bengal Delta),22.5726,88.3639,5.0,May 2020 Super Cyclone Amphan,2020-05-26T04:00,0.0,1003.8,28.7,53.3,0.316,0.338,0.336
kolkata_hooghly,Kolkata,West Bengal,East Coast (Bay of Bengal Delta),22.5726,88.3639,5.0,May 2020 Super Cyclone Amphan,2020-05-26T05:00,0.0,1004.0,29.7,55.1,0.315,0.338,0.336
kolkata_hooghly,Kolkata,West Bengal,East Coast (Bay of Bengal Delta),22.5726,88.3639,5.0,May 2020 Super Cyclone Amphan,2020-05-26T06:00,0.0,1003.6,29.0,54.7,0.314,0.337,0.336
kolkata_hooghly,Kolkata,West Bengal,East Coast (Bay of Bengal Delta),22.5726,88.3639,5.0,May 2020 Super Cyclone Amphan,2020-05-26T07:00,0.0,1003.0,29.8,57.2,0.312,0.336,0.336
kolkata_hooghly,Kolkata,West Bengal,East Coast (Bay of Bengal Delta),22.5726,88.3639,5.0,May 2020 Super Cyclone Amphan,2020-05-26T08:00,0.0,1002.3,28.7,55.4,0.311,0.336,0.336
kolkata_hooghly,Kolkata,West Bengal,East Coast (Bay of Bengal Delta),22.5726,88.3639,5.0,May 2020 Super Cyclone Amphan,2020-05-26T09:00,0.0,1001.4,32.1,61.2,0.31,0.335,0.335
kolkata_hooghly,Kolkata,West Bengal,East Coast (Bay of Bengal Delta),22.5726,88.3639,5.0,May 2020 Super Cyclone Amphan,2020-05-26T10:00,0.0,1000.6,33.8,64.4,0.308,0.334,0.335
kolkata_hooghly,Kolkata,West Bengal,East Coast (Bay of Bengal Delta),22.5726,88.3639,5.0,May 2020 Super Cyclone Amphan,2020-05-26T11:00,0.0,1000.4,28.4,63.0,0.308,0.334,0.335
kolkata_hooghly,Kolkata,West Bengal,East Coast (Bay of Bengal Delta),22.5726,88.3639,5.0,May 2020 Super Cyclone Amphan,2020-05-26T12:00,0.0,1000.7,24.1,52.6,0.306,0.333,0.335
kolkata_hooghly,Kolkata,West Bengal,East Coast (Bay of Bengal Delta),22.5726,88.3639,5.0,May 2020 Super Cyclone Amphan,2020-05-26T13:00,0.0,1000.9,25.1,45.4,0.306,0.333,0.335
kolkata_hooghly,Kolkata,West Bengal,East Coast (Bay of Bengal Delta),22.5726,88.3639,5.0,May 2020 Super Cyclone Amphan,2020-05-26T14:00,0.0,1001.6,26.3,47.9,0.306,0.333,0.335
kolkata_hooghly,Kolkata,West Bengal,East Coast (Bay of Bengal Delta),22.5726,88.3639,5.0,May 2020 Super Cyclone Amphan,2020-05-26T15:00,0.0,1002.1,26.1,47.9,0.306,0.333,0.335
kolkata_hooghly,Kolkata,West Bengal,East Coast (Bay of Bengal Delta),22.5726,88.3639,5.0,May 2020 Super Cyclone Amphan,2020-05-26T16:00,0.0,1002.9,23.9,46.8,0.306,0.332,0.335
kolkata_hooghly,Kolkata,West Bengal,East Coast (Bay of Bengal Delta),22.5726,88.3639,5.0,May 2020 Super Cyclone Amphan,2020-05-26T17:00,0.0,1002.8,24.7,44.6,0.306,0.332,0.335
kolkata_hooghly,Kolkata,West Bengal,East Coast (Bay of Bengal Delta),22.5726,88.3639,5.0,May 2020 Super Cyclone Amphan,2020-05-26T18:00,0.0,1002.7,23.6,44.6,0.307,0.332,0.335
kolkata_hooghly,Kolkata,West Bengal,East Coast (Bay of Bengal Delta),22.5726,88.3639,5.0,May 2020 Super Cyclone Amphan,2020-05-26T19:00,0.0,1002.1,24.6,43.9,0.307,0.332,0.335
kolkata_hooghly,Kolkata,West Bengal,East Coast (Bay of Bengal Delta),22.5726,88.3639,5.0,May 2020 Super Cyclone Amphan,2020-05-26T20:00,0.0,1001.5,26.6,47.9,0.307,0.332,0.335
kolkata_hooghly,Kolkata,West Bengal,East Coast (Bay of Bengal Delta),22.5726,88.3639,5.0,May 2020 Super Cyclone Amphan,2020-05-26T21:00,0.0,1001.4,27.6,49.7,0.307,0.332,0.335
kolkata_hooghly,Kolkata,West Bengal,East Coast (Bay of Bengal Delta),22.5726,88.3639,5.0,May 2020 Super Cyclone Amphan,2020-05-26T22:00,0.0,1001.3,27.6,50.4,0.307,0.332,0.335
kolkata_hooghly,Kolkata,West Bengal,East Coast (Bay of Bengal Delta),22.5726,88.3639,5.0,May 2020 Super Cyclone Amphan,2020-05-26T23:00,0.0,1001.5,25.2,49.7,0.307,0.331,0.335
kolkata_hooghly,Kolkata,West Bengal,East Coast (Bay of Bengal Delta),22.5726,88.3639,5.0,May 2020 Super Cyclone Amphan,2020-05-27T00:00,0.0,1001.7,22.0,45.7,0.307,0.331,0.335
kolkata_hooghly,Kolkata,West Bengal,East Coast (Bay of Bengal Delta),22.5726,88.3639,5.0,May 2020 Super Cyclone Amphan,2020-05-27T01:00,0.0,1003.0,21.1,39.6,0.308,0.331,0.335
kolkata_hooghly,Kolkata,West Bengal,East Coast (Bay of Bengal Delta),22.5726,88.3639,5.0,May 2020 Super Cyclone Amphan,2020-05-27T02:00,0.0,1003.4,15.3,38.5,0.308,0.331,0.335
kolkata_hooghly,Kolkata,West Bengal,East Coast (Bay of Bengal Delta),22.5726,88.3639,5.0,May 2020 Super Cyclone Amphan,2020-05-27T03:00,0.0,1003.7,23.6,42.5,0.307,0.331,0.335
kolkata_hooghly,Kolkata,West Bengal,East Coast (Bay of Bengal Delta),22.5726,88.3639,5.0,May 2020 Super Cyclone Amphan,2020-05-27T04:00,0.0,1003.3,29.9,54.4,0.307,0.33,0.335
kolkata_hooghly,Kolkata,West Bengal,East Coast (Bay of Bengal Delta),22.5726,88.3639,5.0,May 2020 Super Cyclone Amphan,2020-05-27T05:00,0.0,1002.8,30.3,58.7,0.305,0.329,0.335
kolkata_hooghly,Kolkata,West Bengal,East Coast (Bay of Bengal Delta),22.5726,88.3639,5.0,May 2020 Super Cyclone Amphan,2020-05-27T06:00,0.0,1002.3,29.3,57.2,0.304,0.328,0.334
kolkata_hooghly,Kolkata,West Bengal,East Coast (Bay of Bengal Delta),22.5726,88.3639,5.0,May 2020 Super Cyclone Amphan,2020-05-27T07:00,0.0,1001.4,27.9,55.1,0.302,0.327,0.334
kolkata_hooghly,Kolkata,West Bengal,East Coast (Bay of Bengal Delta),22.5726,88.3639,5.0,May 2020 Super Cyclone Amphan,2020-05-27T08:00,0.0,1000.3,29.7,56.5,0.3,0.327,0.334
kolkata_hooghly,Kolkata,West Bengal,East Coast (Bay of Bengal Delta),22.5726,88.3639,5.0,May 2020 Super Cyclone Amphan,2020-05-27T09:00,0.0,999.1,32.2,59.8,0.298,0.326,0.334
kolkata_hooghly,Kolkata,West Bengal,East Coast (Bay of Bengal Delta),22.5726,88.3639,5.0,May 2020 Super Cyclone Amphan,2020-05-27T10:00,0.0,998.5,28.4,60.8,0.297,0.325,0.334
kolkata_hooghly,Kolkata,West Bengal,East Coast (Bay of Bengal Delta),22.5726,88.3639,5.0,May 2020 Super Cyclone Amphan,2020-05-27T11:00,0.0,999.3,22.8,52.9,0.296,0.324,0.334
kolkata_hooghly,Kolkata,West Bengal,East Coast (Bay of Bengal Delta),22.5726,88.3639,5.0,May 2020 Super Cyclone Amphan,2020-05-27T12:00,0.6,999.5,23.4,42.1,0.296,0.322,0.333
kolkata_hooghly,Kolkata,West Bengal,East Coast (Bay of Bengal Delta),22.5726,88.3639,5.0,May 2020 Super Cyclone Amphan,2020-05-27T13:00,0.1,1001.1,10.4,43.2,0.296,0.322,0.333
kolkata_hooghly,Kolkata,West Bengal,East Coast (Bay of Bengal Delta),22.5726,88.3639,5.0,May 2020 Super Cyclone Amphan,2020-05-27T14:00,3.4,1003.3,12.1,23.4,0.34,0.322,0.333
kolkata_hooghly,Kolkata,West Bengal,East Coast (Bay of Bengal Delta),22.5726,88.3639,5.0,May 2020 Super Cyclone Amphan,2020-05-27T15:00,0.5,1004.0,18.9,33.1,0.345,0.322,0.333
kolkata_hooghly,Kolkata,West Bengal,East Coast (Bay of Bengal Delta),22.5726,88.3639,5.0,May 2020 Super Cyclone Amphan,2020-05-27T16:00,3.8,1004.1,23.0,40.0,0.395,0.323,0.333
kolkata_hooghly,Kolkata,West Bengal,East Coast (Bay of Bengal Delta),22.5726,88.3639,5.0,May 2020 Super Cyclone Amphan,2020-05-27T17:00,0.0,1003.3,25.2,47.2,0.391,0.324,0.333
kolkata_hooghly,Kolkata,West Bengal,East Coast (Bay of Bengal Delta),22.5726,88.3639,5.0,May 2020 Super Cyclone Amphan,2020-05-27T18:00,0.0,1002.6,26.0,45.7,0.388,0.325,0.333
kolkata_hooghly,Kolkata,West Bengal,East Coast (Bay of Bengal Delta),22.5726,88.3639,5.0,May 2020 Super Cyclone Amphan,2020-05-27T19:00,0.0,1001.5,24.9,47.9,0.385,0.326,0.333
kolkata_hooghly,Kolkata,West Bengal,East Coast (Bay of Bengal Delta),22.5726,88.3639,5.0,May 2020 Super Cyclone Amphan,2020-05-27T20:00,0.0,1001.0,23.8,44.6,0.382,0.327,0.333
kolkata_hooghly,Kolkata,West Bengal,East Coast (Bay of Bengal Delta),22.5726,88.3639,5.0,May 2020 Super Cyclone Amphan,2020-05-27T21:00,0.0,1000.4,25.7,46.1,0.38,0.328,0.333
kolkata_hooghly,Kolkata,West Bengal,East Coast (Bay of Bengal Delta),22.5726,88.3639,5.0,May 2020 Super Cyclone Amphan,2020-05-27T22:00,0.0,1000.3,23.3,46.4,0.378,0.328,0.333
kolkata_hooghly,Kolkata,West Bengal,East Coast (Bay of Bengal Delta),22.5726,88.3639,5.0,May 2020 Super Cyclone Amphan,2020-05-27T23:00,0.0,1000.9,17.3,41.8,0.376,0.329,0.333
kolkata_hooghly,Kolkata,West Bengal,East Coast (Bay of Bengal Delta),22.5726,88.3639,5.0,May 2020 Super Cyclone Amphan,2020-05-28T00:00,0.0,1003.0,9.4,30.6,0.309,0.323,0.333
kolkata_hooghly,Kolkata,West Bengal,East Coast (Bay of Bengal Delta),22.5726,88.3639,5.0,May 2020 Super Cyclone Amphan,2020-05-28T01:00,0.0,1003.2,10.4,17.6,0.31,0.323,0.333
kolkata_hooghly,Kolkata,West Bengal,East Coast (Bay of Bengal Delta),22.5726,88.3639,5.0,May 2020 Super Cyclone Amphan,2020-05-28T02:00,0.0,1004.0,14.8,26.6,0.309,0.323,0.333
kolkata_hooghly,Kolkata,West Bengal,East Coast (Bay of Bengal Delta),22.5726,88.3639,5.0,May 2020 Super Cyclone Amphan,2020-05-28T03:00,0.3,1004.4,15.0,29.2,0.311,0.323,0.333
kolkata_hooghly,Kolkata,West Bengal,East Coast (Bay of Bengal Delta),22.5726,88.3639,5.0,May 2020 Super Cyclone Amphan,2020-05-28T04:00,0.1,1003.8,22.0,41.4,0.311,0.323,0.333
kolkata_hooghly,Kolkata,West Bengal,East Coast (Bay of Bengal Delta),22.5726,88.3639,5.0,May 2020 Super Cyclone Amphan,2020-05-28T05:00,0.0,1003.5,15.9,40.3,0.311,0.323,0.333
kolkata_hooghly,Kolkata,West Bengal,East Coast (Bay of Bengal Delta),22.5726,88.3639,5.0,May 2020 Super Cyclone Amphan,2020-05-28T06:00,0.1,1002.9,24.8,47.2,0.31,0.322,0.333
kolkata_hooghly,Kolkata,West Bengal,East Coast (Bay of Bengal Delta),22.5726,88.3639,5.0,May 2020 Super Cyclone Amphan,2020-05-28T07:00,0.0,1002.2,24.1,47.9,0.309,0.321,0.333
kolkata_hooghly,Kolkata,West Bengal,East Coast (Bay of Bengal Delta),22.5726,88.3639,5.0,May 2020 Super Cyclone Amphan,2020-05-28T08:00,0.1,1000.5,27.0,51.1,0.308,0.32,0.333
kolkata_hooghly,Kolkata,West Bengal,East Coast (Bay of Bengal Delta),22.5726,88.3639,5.0,May 2020 Super Cyclone Amphan,2020-05-28T09:00,0.0,1000.2,25.0,52.2,0.306,0.32,0.332
kolkata_hooghly,Kolkata,West Bengal,East Coast (Bay of Bengal Delta),22.5726,88.3639,5.0,May 2020 Super Cyclone Amphan,2020-05-28T10:00,0.4,999.9,18.2,46.8,0.308,0.319,0.332
kolkata_hooghly,Kolkata,West Bengal,East Coast (Bay of Bengal Delta),22.5726,88.3639,5.0,May 2020 Super Cyclone Amphan,2020-05-28T11:00,1.1,1000.6,10.5,33.1,0.32,0.319,0.332
kolkata_hooghly,Kolkata,West Bengal,East Coast (Bay of Bengal Delta),22.5726,88.3639,5.0,May 2020 Super Cyclone Amphan,2020-05-28T12:00,1.0,1002.1,10.0,25.6,0.415,0.333,0.332
kolkata_hooghly,Kolkata,West Bengal,East Coast (Bay of Bengal Delta),22.5726,88.3639,5.0,May 2020 Super Cyclone Amphan,2020-05-28T13:00,0.0,1003.0,7.1,18.7,0.408,0.336,0.332
kolkata_hooghly,Kolkata,West Bengal,East Coast (Bay of Bengal Delta),22.5726,88.3639,5.0,May 2020 Super Cyclone Amphan,2020-05-28T14:00,0.0,1003.5,9.5,16.2,0.402,0.338,0.332
kolkata_hooghly,Kolkata,West Bengal,East Coast (Bay of Bengal Delta),22.5726,88.3639,5.0,May 2020 Super Cyclone Amphan,2020-05-28T15:00,0.0,1004.1,12.1,22.0,0.398,0.339,0.332
kolkata_hooghly,Kolkata,West Bengal,East Coast (Bay of Bengal Delta),22.5726,88.3639,5.0,May 2020 Super Cyclone Amphan,2020-05-28T16:00,0.0,1004.4,14.2,24.8,0.394,0.34,0.332
kolkata_hooghly,Kolkata,West Bengal,East Coast (Bay of Bengal Delta),22.5726,88.3639,5.0,May 2020 Super Cyclone Amphan,2020-05-28T17:00,0.0,1004.5,13.7,25.9,0.391,0.341,0.332
kolkata_hooghly,Kolkata,West Bengal,East Coast (Bay of Bengal Delta),22.5726,88.3639,5.0,May 2020 Super Cyclone Amphan,2020-05-28T18:00,0.0,1004.3,12.7,24.5,0.388,0.342,0.332
kolkata_hooghly,Kolkata,West Bengal,East Coast (Bay of Bengal Delta),22.5726,88.3639,5.0,May 2020 Super Cyclone Amphan,2020-05-28T19:00,0.0,1003.6,11.3,22.7,0.386,0.343,0.332
kolkata_hooghly,Kolkata,West Bengal,East Coast (Bay of Bengal Delta),22.5726,88.3639,5.0,May 2020 Super Cyclone Amphan,2020-05-28T20:00,0.0,1003.0,10.1,19.8,0.385,0.343,0.332
kolkata_hooghly,Kolkata,West Bengal,East Coast (Bay of Bengal Delta),22.5726,88.3639,5.0,May 2020 Super Cyclone Amphan,2020-05-28T21:00,0.0,1002.7,6.5,17.6,0.383,0.344,0.332
kolkata_hooghly,Kolkata,West Bengal,East Coast (Bay of Bengal Delta),22.5726,88.3639,5.0,May 2020 Super Cyclone Amphan,2020-05-28T22:00,0.0,1002.7,6.2,11.5,0.381,0.345,0.332
kolkata_hooghly,Kolkata,West Bengal,East Coast (Bay of Bengal Delta),22.5726,88.3639,5.0,May 2020 Super Cyclone Amphan,2020-05-28T23:00,0.1,1003.0,4.7,11.2,0.38,0.345,0.332
kolkata_hooghly,Kolkata,West Bengal,East Coast (Bay of Bengal Delta),22.5726,88.3639,5.0,May 2020 Super Cyclone Amphan,2020-05-29T00:00,0.1,1004.0,6.3,11.5,0.377,0.347,0.332
kolkata_hooghly,Kolkata,West Bengal,East Coast (Bay of Bengal Delta),22.5726,88.3639,5.0,May 2020 Super Cyclone Amphan,2020-05-29T01:00,0.1,1004.6,7.1,14.8,0.377,0.347,0.332
kolkata_hooghly,Kolkata,West Bengal,East Coast (Bay of Bengal Delta),22.5726,88.3639,5.0,May 2020 Super Cyclone Amphan,2020-05-29T02:00,0.2,1005.0,6.2,15.5,0.376,0.347,0.332
kolkata_hooghly,Kolkata,West Bengal,East Coast (Bay of Bengal Delta),22.5726,88.3639,5.0,May 2020 Super Cyclone Amphan,2020-05-29T03:00,0.0,1005.2,4.8,14.4,0.375,0.347,0.332
kolkata_hooghly,Kolkata,West Bengal,East Coast (Bay of Bengal Delta),22.5726,88.3639,5.0,May 2020 Super Cyclone Amphan,2020-05-29T04:00,0.0,1005.3,1.9,13.0,0.373,0.348,0.332
kolkata_hooghly,Kolkata,West Bengal,East Coast (Bay of Bengal Delta),22.5726,88.3639,5.0,May 2020 Super Cyclone Amphan,2020-05-29T05:00,0.0,1005.1,3.3,11.2,0.372,0.347,0.332
kolkata_hooghly,Kolkata,West Bengal,East Coast (Bay of Bengal Delta),22.5726,88.3639,5.0,May 2020 Super Cyclone Amphan,2020-05-29T06:00,0.2,1004.6,8.3,20.2,0.37,0.347,0.332
kolkata_hooghly,Kolkata,West Bengal,East Coast (Bay of Bengal Delta),22.5726,88.3639,5.0,May 2020 Super Cyclone Amphan,2020-05-29T07:00,0.2,1003.5,9.1,24.1,0.369,0.347,0.331
kolkata_hooghly,Kolkata,West Bengal,East Coast (Bay of Bengal Delta),22.5726,88.3639,5.0,May 2020 Super Cyclone Amphan,2020-05-29T08:00,0.2,1003.0,8.9,24.1,0.368,0.346,0.331
kolkata_hooghly,Kolkata,West Bengal,East Coast (Bay of Bengal Delta),22.5726,88.3639,5.0,May 2020 Super Cyclone Amphan,2020-05-29T09:00,4.3,1003.0,7.3,22.7,0.416,0.348,0.331
kolkata_hooghly,Kolkata,West Bengal,East Coast (Bay of Bengal Delta),22.5726,88.3639,5.0,May 2020 Super Cyclone Amphan,2020-05-29T10:00,4.4,1002.8,4.4,20.5,0.427,0.363,0.331
kolkata_hooghly,Kolkata,West Bengal,East Coast (Bay of Bengal Delta),22.5726,88.3639,5.0,May 2020 Super Cyclone Amphan,2020-05-29T11:00,0.1,1002.1,8.5,17.6,0.417,0.366,0.331
kolkata_hooghly,Kolkata,West Bengal,East Coast (Bay of Bengal Delta),22.5726,88.3639,5.0,May 2020 Super Cyclone Amphan,2020-05-29T12:00,0.0,1001.4,9.1,18.7,0.382,0.365,0.332
kolkata_hooghly,Kolkata,West Bengal,East Coast (Bay of Bengal Delta),22.5726,88.3639,5.0,May 2020 Super Cyclone Amphan,2020-05-29T13:00,0.0,1002.2,11.4,19.8,0.38,0.365,0.333
kolkata_hooghly,Kolkata,West Bengal,East Coast (Bay of Bengal Delta),22.5726,88.3639,5.0,May 2020 Super Cyclone Amphan,2020-05-29T14:00,0.0,1002.9,12.2,21.2,0.379,0.365,0.333
kolkata_hooghly,Kolkata,West Bengal,East Coast (Bay of Bengal Delta),22.5726,88.3639,5.0,May 2020 Super Cyclone Amphan,2020-05-29T15:00,0.0,1003.8,11.6,21.6,0.378,0.365,0.333
kolkata_hooghly,Kolkata,West Bengal,East Coast (Bay of Bengal Delta),22.5726,88.3639,5.0,May 2020 Super Cyclone Amphan,2020-05-29T16:00,0.0,1004.8,9.7,19.8,0.378,0.365,0.333
kolkata_hooghly,Kolkata,West Bengal,East Coast (Bay of Bengal Delta),22.5726,88.3639,5.0,May 2020 Super Cyclone Amphan,2020-05-29T17:00,0.0,1005.2,9.1,16.9,0.377,0.365,0.333
kolkata_hooghly,Kolkata,West Bengal,East Coast (Bay of Bengal Delta),22.5726,88.3639,5.0,May 2020 Super Cyclone Amphan,2020-05-29T18:00,0.0,1005.0,8.9,15.8,0.376,0.365,0.333
kolkata_hooghly,Kolkata,West Bengal,East Coast (Bay of Bengal Delta),22.5726,88.3639,5.0,May 2020 Super Cyclone Amphan,2020-05-29T19:00,0.0,1004.6,9.5,16.6,0.375,0.365,0.333
kolkata_hooghly,Kolkata,West Bengal,East Coast (Bay of Bengal Delta),22.5726,88.3639,5.0,May 2020 Super Cyclone Amphan,2020-05-29T20:00,0.0,1004.1,10.6,18.7,0.375,0.366,0.333
kolkata_hooghly,Kolkata,West Bengal,East Coast (Bay of Bengal Delta),22.5726,88.3639,5.0,May 2020 Super Cyclone Amphan,2020-05-29T21:00,0.0,1003.8,10.9,19.8,0.374,0.366,0.333
kolkata_hooghly,Kolkata,West Bengal,East Coast (Bay of Bengal Delta),22.5726,88.3639,5.0,May 2020 Super Cyclone Amphan,2020-05-29T22:00,0.0,1003.7,10.3,19.4,0.374,0.366,0.333
kolkata_hooghly,Kolkata,West Bengal,East Coast (Bay of Bengal Delta),22.5726,88.3639,5.0,May 2020 Super Cyclone Amphan,2020-05-29T23:00,0.0,1003.8,10.0,18.0,0.373,0.366,0.333
kolkata_hooghly,Kolkata,West Bengal,East Coast (Bay of Bengal Delta),22.5726,88.3639,5.0,May 2020 Super Cyclone Amphan,2020-05-30T00:00,0.0,1004.3,9.8,18.0,0.372,0.366,0.332
kolkata_hooghly,Kolkata,West Bengal,East Coast (Bay of Bengal Delta),22.5726,88.3639,5.0,May 2020 Super Cyclone Amphan,2020-05-30T01:00,0.0,1004.4,10.4,20.2,0.371,0.366,0.332
kolkata_hooghly,Kolkata,West Bengal,East Coast (Bay of Bengal Delta),22.5726,88.3639,5.0,May 2020 Super Cyclone Amphan,2020-05-30T02:00,0.0,1004.5,16.9,32.8,0.37,0.366,0.332
kolkata_hooghly,Kolkata,West Bengal,East Coast (Bay of Bengal Delta),22.5726,88.3639,5.0,May 2020 Super Cyclone Amphan,2020-05-30T03:00,0.0,1004.8,16.1,33.1,0.369,0.365,0.332
kolkata_hooghly,Kolkata,West Bengal,East Coast (Bay of Bengal Delta),22.5726,88.3639,5.0,May 2020 Super Cyclone Amphan,2020-05-30T04:00,0.0,1005.4,13.0,31.7,0.367,0.364,0.332
kolkata_hooghly,Kolkata,West Bengal,East Coast (Bay of Bengal Delta),22.5726,88.3639,5.0,May 2020 Super Cyclone Amphan,2020-05-30T05:00,0.1,1005.4,9.9,26.6,0.365,0.364,0.332
kolkata_hooghly,Kolkata,West Bengal,East Coast (Bay of Bengal Delta),22.5726,88.3639,5.0,May 2020 Super Cyclone Amphan,2020-05-30T06:00,0.2,1005.1,6.9,22.7,0.364,0.363,0.332
kolkata_hooghly,Kolkata,West Bengal,East Coast (Bay of Bengal Delta),22.5726,88.3639,5.0,May 2020 Super Cyclone Amphan,2020-05-30T07:00,1.4,1004.2,11.5,24.8,0.377,0.362,0.331
kolkata_hooghly,Kolkata,West Bengal,East Coast (Bay of Bengal Delta),22.5726,88.3639,5.0,May 2020 Super Cyclone Amphan,2020-05-30T08:00,0.8,1004.1,13.0,25.6,0.383,0.362,0.331
kolkata_hooghly,Kolkata,West Bengal,East Coast (Bay of Bengal Delta),22.5726,88.3639,5.0,May 2020 Super Cyclone Amphan,2020-05-30T09:00,1.1,1003.3,12.2,32.8,0.393,0.362,0.331
kolkata_hooghly,Kolkata,West Bengal,East Coast (Bay of Bengal Delta),22.5726,88.3639,5.0,May 2020 Super Cyclone Amphan,2020-05-30T10:00,0.0,1003.2,12.3,26.3,0.39,0.362,0.331
kolkata_hooghly,Kolkata,West Bengal,East Coast (Bay of Bengal Delta),22.5726,88.3639,5.0,May 2020 Super Cyclone Amphan,2020-05-30T11:00,0.0,1004.1,13.8,26.6,0.387,0.362,0.331
kolkata_hooghly,Kolkata,West Bengal,East Coast (Bay of Bengal Delta),22.5726,88.3639,5.0,May 2020 Super Cyclone Amphan,2020-05-30T12:00,0.3,1003.3,9.2,25.6,0.409,0.373,0.332
kolkata_hooghly,Kolkata,West Bengal,East Coast (Bay of Bengal Delta),22.5726,88.3639,5.0,May 2020 Super Cyclone Amphan,2020-05-30T13:00,0.0,1003.9,10.3,19.1,0.405,0.374,0.332
kolkata_hooghly,Kolkata,West Bengal,East Coast (Bay of Bengal Delta),22.5726,88.3639,5.0,May 2020 Super Cyclone Amphan,2020-05-30T14:00,0.0,1004.9,6.8,18.0,0.402,0.374,0.332
kolkata_hooghly,Kolkata,West Bengal,East Coast (Bay of Bengal Delta),22.5726,88.3639,5.0,May 2020 Super Cyclone Amphan,2020-05-30T15:00,0.0,1005.3,8.1,14.0,0.399,0.375,0.332
kolkata_hooghly,Kolkata,West Bengal,East Coast (Bay of Bengal Delta),22.5726,88.3639,5.0,May 2020 Super Cyclone Amphan,2020-05-30T16:00,0.0,1005.7,7.9,14.4,0.397,0.375,0.332
kolkata_hooghly,Kolkata,West Bengal,East Coast (Bay of Bengal Delta),22.5726,88.3639,5.0,May 2020 Super Cyclone Amphan,2020-05-30T17:00,0.0,1005.7,10.7,18.7,0.395,0.376,0.332
kolkata_hooghly,Kolkata,West Bengal,East Coast (Bay of Bengal Delta),22.5726,88.3639,5.0,May 2020 Super Cyclone Amphan,2020-05-30T18:00,0.0,1005.4,11.9,21.2,0.394,0.376,0.332
kolkata_hooghly,Kolkata,West Bengal,East Coast (Bay of Bengal Delta),22.5726,88.3639,5.0,May 2020 Super Cyclone Amphan,2020-05-30T19:00,0.0,1005.2,11.9,21.2,0.392,0.376,0.332
kolkata_hooghly,Kolkata,West Bengal,East Coast (Bay of Bengal Delta),22.5726,88.3639,5.0,May 2020 Super Cyclone Amphan,2020-05-30T20:00,0.0,1005.1,12.4,22.0,0.391,0.376,0.332
kolkata_hooghly,Kolkata,West Bengal,East Coast (Bay of Bengal Delta),22.5726,88.3639,5.0,May 2020 Super Cyclone Amphan,2020-05-30T21:00,0.0,1005.3,12.1,22.3,0.39,0.376,0.332
kolkata_hooghly,Kolkata,West Bengal,East Coast (Bay of Bengal Delta),22.5726,88.3639,5.0,May 2020 Super Cyclone Amphan,2020-05-30T22:00,0.0,1005.8,11.0,21.2,0.388,0.377,0.333
kolkata_hooghly,Kolkata,West Bengal,East Coast (Bay of Bengal Delta),22.5726,88.3639,5.0,May 2020 Super Cyclone Amphan,2020-05-30T23:00,0.0,1005.7,12.8,22.3,0.387,0.377,0.333
kolkata_hooghly,Kolkata,West Bengal,East Coast (Bay of Bengal Delta),22.5726,88.3639,5.0,May 2020 Super Cyclone Amphan,2020-05-31T00:00,0.0,1007.0,7.9,25.2,0.386,0.377,0.333
kolkata_hooghly,Kolkata,West Bengal,East Coast (Bay of Bengal Delta),22.5726,88.3639,5.0,May 2020 Super Cyclone Amphan,2020-05-31T01:00,0.0,1008.2,5.3,14.0,0.385,0.377,0.333
kolkata_hooghly,Kolkata,West Bengal,East Coast (Bay of Bengal Delta),22.5726,88.3639,5.0,May 2020 Super Cyclone Amphan,2020-05-31T02:00,0.0,1008.7,9.0,18.7,0.384,0.377,0.333
kolkata_hooghly,Kolkata,West Bengal,East Coast (Bay of Bengal Delta),22.5726,88.3639,5.0,May 2020 Super Cyclone Amphan,2020-05-31T03:00,0.1,1008.6,10.9,23.4,0.382,0.376,0.333
kolkata_hooghly,Kolkata,West Bengal,East Coast (Bay of Bengal Delta),22.5726,88.3639,5.0,May 2020 Super Cyclone Amphan,2020-05-31T04:00,0.2,1008.7,11.4,23.4,0.382,0.376,0.333
kolkata_hooghly,Kolkata,West Bengal,East Coast (Bay of Bengal Delta),22.5726,88.3639,5.0,May 2020 Super Cyclone Amphan,2020-05-31T05:00,0.5,1008.3,10.3,24.1,0.384,0.375,0.333
kolkata_hooghly,Kolkata,West Bengal,East Coast (Bay of Bengal Delta),22.5726,88.3639,5.0,May 2020 Super Cyclone Amphan,2020-05-31T06:00,1.0,1007.4,8.8,22.7,0.392,0.375,0.333
kolkata_hooghly,Kolkata,West Bengal,East Coast (Bay of Bengal Delta),22.5726,88.3639,5.0,May 2020 Super Cyclone Amphan,2020-05-31T07:00,0.2,1005.9,12.9,27.0,0.391,0.375,0.333
kolkata_hooghly,Kolkata,West Bengal,East Coast (Bay of Bengal Delta),22.5726,88.3639,5.0,May 2020 Super Cyclone Amphan,2020-05-31T08:00,0.1,1004.8,13.3,28.1,0.388,0.374,0.333
kolkata_hooghly,Kolkata,West Bengal,East Coast (Bay of Bengal Delta),22.5726,88.3639,5.0,May 2020 Super Cyclone Amphan,2020-05-31T09:00,0.2,1003.5,14.8,29.5,0.387,0.374,0.333
kolkata_hooghly,Kolkata,West Bengal,East Coast (Bay of Bengal Delta),22.5726,88.3639,5.0,May 2020 Super Cyclone Amphan,2020-05-31T10:00,0.1,1002.8,13.7,29.2,0.385,0.373,0.333
kolkata_hooghly,Kolkata,West Bengal,East Coast (Bay of Bengal Delta),22.5726,88.3639,5.0,May 2020 Super Cyclone Amphan,2020-05-31T11:00,1.0,1002.9,9.0,26.3,0.393,0.373,0.333
kolkata_hooghly,Kolkata,West Bengal,East Coast (Bay of Bengal Delta),22.5726,88.3639,5.0,May 2020 Super Cyclone Amphan,2020-05-31T12:00,0.2,1003.9,6.6,17.3,0.395,0.388,0.333
kolkata_hooghly,Kolkata,West Bengal,East Coast (Bay of Bengal Delta),22.5726,88.3639,5.0,May 2020 Super Cyclone Amphan,2020-05-31T13:00,0.0,1004.5,10.4,17.3,0.393,0.387,0.333
kolkata_hooghly,Kolkata,West Bengal,East Coast (Bay of Bengal Delta),22.5726,88.3639,5.0,May 2020 Super Cyclone Amphan,2020-05-31T14:00,0.0,1005.3,11.7,20.5,0.392,0.387,0.333
kolkata_hooghly,Kolkata,West Bengal,East Coast (Bay of Bengal Delta),22.5726,88.3639,5.0,May 2020 Super Cyclone Amphan,2020-05-31T15:00,0.0,1006.2,11.9,20.5,0.391,0.387,0.333
kolkata_hooghly,Kolkata,West Bengal,East Coast (Bay of Bengal Delta),22.5726,88.3639,5.0,May 2020 Super Cyclone Amphan,2020-05-31T16:00,0.0,1006.7,13.3,23.8,0.391,0.387,0.334
kolkata_hooghly,Kolkata,West Bengal,East Coast (Bay of Bengal Delta),22.5726,88.3639,5.0,May 2020 Super Cyclone Amphan,2020-05-31T17:00,0.0,1006.9,14.0,25.6,0.39,0.387,0.334
kolkata_hooghly,Kolkata,West Bengal,East Coast (Bay of Bengal Delta),22.5726,88.3639,5.0,May 2020 Super Cyclone Amphan,2020-05-31T18:00,0.0,1006.9,11.9,25.2,0.389,0.387,0.334
kolkata_hooghly,Kolkata,West Bengal,East Coast (Bay of Bengal Delta),22.5726,88.3639,5.0,May 2020 Super Cyclone Amphan,2020-05-31T19:00,0.0,1006.6,12.6,22.3,0.388,0.387,0.334
kolkata_hooghly,Kolkata,West Bengal,East Coast (Bay of Bengal Delta),22.5726,88.3639,5.0,May 2020 Super Cyclone Amphan,2020-05-31T20:00,0.0,1006.0,13.7,24.1,0.388,0.386,0.334
kolkata_hooghly,Kolkata,West Bengal,East Coast (Bay of Bengal Delta),22.5726,88.3639,5.0,May 2020 Super Cyclone Amphan,2020-05-31T21:00,0.0,1005.4,14.2,25.6,0.387,0.386,0.334
kolkata_hooghly,Kolkata,West Bengal,East Coast (Bay of Bengal Delta),22.5726,88.3639,5.0,May 2020 Super Cyclone Amphan,2020-05-31T22:00,0.0,1005.2,13.7,25.6,0.386,0.386,0.334
kolkata_hooghly,Kolkata,West Bengal,East Coast (Bay of Bengal Delta),22.5726,88.3639,5.0,May 2020 Super Cyclone Amphan,2020-05-31T23:00,0.0,1005.4,11.5,24.1,0.386,0.386,0.334
kolkata_hooghly,Kolkata,West Bengal,East Coast (Bay of Bengal Delta),22.5726,88.3639,5.0,May 2021 Very Severe Cyclone Yaas,2021-05-15T00:00,0.0,1002.9,10.4,15.8,0.291,0.237,0.165
kolkata_hooghly,Kolkata,West Bengal,East Coast (Bay of Bengal Delta),22.5726,88.3639,5.0,May 2021 Very Severe Cyclone Yaas,2021-05-15T01:00,0.0,1003.9,16.9,31.3,0.291,0.237,0.165
kolkata_hooghly,Kolkata,West Bengal,East Coast (Bay of Bengal Delta),22.5726,88.3639,5.0,May 2021 Very Severe Cyclone Yaas,2021-05-15T02:00,0.0,1004.8,14.9,32.8,0.289,0.237,0.165
kolkata_hooghly,Kolkata,West Bengal,East Coast (Bay of Bengal Delta),22.5726,88.3639,5.0,May 2021 Very Severe Cyclone Yaas,2021-05-15T03:00,0.0,1005.2,14.5,31.0,0.287,0.237,0.165
kolkata_hooghly,Kolkata,West Bengal,East Coast (Bay of Bengal Delta),22.5726,88.3639,5.0,May 2021 Very Severe Cyclone Yaas,2021-05-15T04:00,0.0,1005.3,14.4,31.3,0.284,0.236,0.165
kolkata_hooghly,Kolkata,West Bengal,East Coast (Bay of Bengal Delta),22.5726,88.3639,5.0,May 2021 Very Severe Cyclone Yaas,2021-05-15T05:00,0.0,1005.0,14.8,32.0,0.281,0.235,0.165
kolkata_hooghly,Kolkata,West Bengal,East Coast (Bay of Bengal Delta),22.5726,88.3639,5.0,May 2021 Very Severe Cyclone Yaas,2021-05-15T06:00,0.0,1004.5,15.9,34.2,0.276,0.234,0.165
kolkata_hooghly,Kolkata,West Bengal,East Coast (Bay of Bengal Delta),22.5726,88.3639,5.0,May 2021 Very Severe Cyclone Yaas,2021-05-15T07:00,0.0,1003.6,16.8,35.3,0.272,0.233,0.165
kolkata_hooghly,Kolkata,West Bengal,East Coast (Bay of Bengal Delta),22.5726,88.3639,5.0,May 2021 Very Severe Cyclone Yaas,2021-05-15T08:00,0.5,1002.7,18.5,36.7,0.273,0.233,0.165
kolkata_hooghly,Kolkata,West Bengal,East Coast (Bay of Bengal Delta),22.5726,88.3639,5.0,May 2021 Very Severe Cyclone Yaas,2021-05-15T09:00,0.0,1002.0,18.1,36.7,0.271,0.232,0.165
kolkata_hooghly,Kolkata,West Bengal,East Coast (Bay of Bengal Delta),22.5726,88.3639,5.0,May 2021 Very Severe Cyclone Yaas,2021-05-15T10:00,0.0,1001.7,19.6,37.8,0.269,0.232,0.165
kolkata_hooghly,Kolkata,West Bengal,East Coast (Bay of Bengal Delta),22.5726,88.3639,5.0,May 2021 Very Severe Cyclone Yaas,2021-05-15T11:00,0.0,1001.7,17.8,37.8,0.267,0.231,0.165
kolkata_hooghly,Kolkata,West Bengal,East Coast (Bay of Bengal Delta),22.5726,88.3639,5.0,May 2021 Very Severe Cyclone Yaas,2021-05-15T12:00,0.0,1002.2,14.2,33.8,0.261,0.23,0.163
kolkata_hooghly,Kolkata,West Bengal,East Coast (Bay of Bengal Delta),22.5726,88.3639,5.0,May 2021 Very Severe Cyclone Yaas,2021-05-15T13:00,0.0,1002.9,15.6,27.7,0.261,0.23,0.163
kolkata_hooghly,Kolkata,West Bengal,East Coast (Bay of Bengal Delta),22.5726,88.3639,5.0,May 2021 Very Severe Cyclone Yaas,2021-05-15T14:00,0.0,1003.6,15.6,28.1,0.26,0.23,0.163
kolkata_hooghly,Kolkata,West Bengal,East Coast (Bay of Bengal Delta),22.5726,88.3639,5.0,May 2021 Very Severe Cyclone Yaas,2021-05-15T15:00,0.0,1004.1,13.7,27.7,0.26,0.23,0.163
kolkata_hooghly,Kolkata,West Bengal,East Coast (Bay of Bengal Delta),22.5726,88.3639,5.0,May 2021 Very Severe Cyclone Yaas,2021-05-15T16:00,0.0,1004.6,12.6,24.5,0.26,0.23,0.163
kolkata_hooghly,Kolkata,West Bengal,East Coast (Bay of Bengal Delta),22.5726,88.3639,5.0,May 2021 Very Severe Cyclone Yaas,2021-05-15T17:00,0.0,1004.9,12.6,22.7,0.26,0.23,0.163
kolkata_hooghly,Kolkata,West Bengal,East Coast (Bay of Bengal Delta),22.5726,88.3639,5.0,May 2021 Very Severe Cyclone Yaas,2021-05-15T18:00,0.0,1004.7,13.3,23.8,0.26,0.23,0.163
kolkata_hooghly,Kolkata,West Bengal,East Coast (Bay of Bengal Delta),22.5726,88.3639,5.0,May 2021 Very Severe Cyclone Yaas,2021-05-15T19:00,0.0,1004.2,13.3,23.8,0.259,0.23,0.163
kolkata_hooghly,Kolkata,West Bengal,East Coast (Bay of Bengal Delta),22.5726,88.3639,5.0,May 2021 Very Severe Cyclone Yaas,2021-05-15T20:00,0.0,1003.8,13.0,23.4,0.259,0.23,0.163
kolkata_hooghly,Kolkata,West Bengal,East Coast (Bay of Bengal Delta),22.5726,88.3639,5.0,May 2021 Very Severe Cyclone Yaas,2021-05-15T21:00,0.0,1003.6,13.4,23.8,0.259,0.23,0.163
kolkata_hooghly,Kolkata,West Bengal,East Coast (Bay of Bengal Delta),22.5726,88.3639,5.0,May 2021 Very Severe Cyclone Yaas,2021-05-15T22:00,0.0,1004.0,12.8,23.8,0.259,0.23,0.163
kolkata_hooghly,Kolkata,West Bengal,East Coast (Bay of Bengal Delta),22.5726,88.3639,5.0,May 2021 Very Severe Cyclone Yaas,2021-05-15T23:00,0.0,1004.4,11.9,22.7,0.259,0.23,0.163
kolkata_hooghly,Kolkata,West Bengal,East Coast (Bay of Bengal Delta),22.5726,88.3639,5.0,May 2021 Very Severe Cyclone Yaas,2021-05-16T00:00,0.0,1004.6,13.0,21.2,0.258,0.23,0.163
kolkata_hooghly,Kolkata,West Bengal,East Coast (Bay of Bengal Delta),22.5726,88.3639,5.0,May 2021 Very Severe Cyclone Yaas,2021-05-16T01:00,0.0,1005.8,16.1,30.2,0.257,0.23,0.163
kolkata_hooghly,Kolkata,West Bengal,East Coast (Bay of Bengal Delta),22.5726,88.3639,5.0,May 2021 Very Severe Cyclone Yaas,2021-05-16T02:00,0.0,1006.5,13.9,31.0,0.256,0.23,0.163
kolkata_hooghly,Kolkata,West Bengal,East Coast (Bay of Bengal Delta),22.5726,88.3639,5.0,May 2021 Very Severe Cyclone Yaas,2021-05-16T03:00,0.0,1006.8,13.5,29.5,0.255,0.229,0.163
kolkata_hooghly,Kolkata,West Bengal,East Coast (Bay of Bengal Delta),22.5726,88.3639,5.0,May 2021 Very Severe Cyclone Yaas,2021-05-16T04:00,0.0,1006.7,13.2,29.9,0.252,0.229,0.163
kolkata_hooghly,Kolkata,West Bengal,East Coast (Bay of Bengal Delta),22.5726,88.3639,5.0,May 2021 Very Severe Cyclone Yaas,2021-05-16T05:00,0.0,1006.2,12.6,29.9,0.249,0.228,0.163
kolkata_hooghly,Kolkata,West Bengal,East Coast (Bay of Bengal Delta),22.5726,88.3639,5.0,May 2021 Very Severe Cyclone Yaas,2021-05-16T06:00,0.0,1005.6,12.8,29.9,0.246,0.227,0.163
kolkata_hooghly,Kolkata,West Bengal,East Coast (Bay of Bengal Delta),22.5726,88.3639,5.0,May 2021 Very Severe Cyclone Yaas,2021-05-16T07:00,0.0,1004.9,13.1,29.5,0.243,0.226,0.163
kolkata_hooghly,Kolkata,West Bengal,East Coast (Bay of Bengal Delta),22.5726,88.3639,5.0,May 2021 Very Severe Cyclone Yaas,2021-05-16T08:00,0.0,1003.8,13.0,30.2,0.24,0.225,0.163
kolkata_hooghly,Kolkata,West Bengal,East Coast (Bay of Bengal Delta),22.5726,88.3639,5.0,May 2021 Very Severe Cyclone Yaas,2021-05-16T09:00,0.1,1003.1,13.3,29.9,0.238,0.224,0.163
kolkata_hooghly,Kolkata,West Bengal,East Coast (Bay of Bengal Delta),22.5726,88.3639,5.0,May 2021 Very Severe Cyclone Yaas,2021-05-16T10:00,0.0,1002.5,14.6,28.8,0.236,0.224,0.163
kolkata_hooghly,Kolkata,West Bengal,East Coast (Bay of Bengal Delta),22.5726,88.3639,5.0,May 2021 Very Severe Cyclone Yaas,2021-05-16T11:00,0.0,1002.7,17.2,32.8,0.235,0.223,0.163
kolkata_hooghly,Kolkata,West Bengal,East Coast (Bay of Bengal Delta),22.5726,88.3639,5.0,May 2021 Very Severe Cyclone Yaas,2021-05-16T12:00,0.0,1003.0,16.6,33.1,0.234,0.223,0.162
kolkata_hooghly,Kolkata,West Bengal,East Coast (Bay of Bengal Delta),22.5726,88.3639,5.0,May 2021 Very Severe Cyclone Yaas,2021-05-16T13:00,0.0,1003.5,17.0,30.6,0.233,0.223,0.162
kolkata_hooghly,Kolkata,West Bengal,East Coast (Bay of Bengal Delta),22.5726,88.3639,5.0,May 2021 Very Severe Cyclone Yaas,2021-05-16T14:00,0.0,1004.3,16.8,30.2,0.233,0.223,0.162
kolkata_hooghly,Kolkata,West Bengal,East Coast (Bay of Bengal Delta),22.5726,88.3639,5.0,May 2021 Very Severe Cyclone Yaas,2021-05-16T15:00,0.0,1004.7,16.3,30.2,0.233,0.223,0.162
kolkata_hooghly,Kolkata,West Bengal,East Coast (Bay of Bengal Delta),22.5726,88.3639,5.0,May 2021 Very Severe Cyclone Yaas,2021-05-16T16:00,0.0,1005.1,15.2,29.5,0.233,0.223,0.162
kolkata_hooghly,Kolkata,West Bengal,East Coast (Bay of Bengal Delta),22.5726,88.3639,5.0,May 2021 Very Severe Cyclone Yaas,2021-05-16T17:00,0.0,1005.4,13.8,26.6,0.233,0.223,0.162
kolkata_hooghly,Kolkata,West Bengal,East Coast (Bay of Bengal Delta),22.5726,88.3639,5.0,May 2021 Very Severe Cyclone Yaas,2021-05-16T18:00,0.0,1005.1,12.8,24.5,0.233,0.223,0.162
kolkata_hooghly,Kolkata,West Bengal,East Coast (Bay of Bengal Delta),22.5726,88.3639,5.0,May 2021 Very Severe Cyclone Yaas,2021-05-16T19:00,0.0,1004.7,12.4,23.0,0.233,0.223,0.162
kolkata_hooghly,Kolkata,West Bengal,East Coast (Bay of Bengal Delta),22.5726,88.3639,5.0,May 2021 Very Severe Cyclone Yaas,2021-05-16T20:00,0.0,1004.4,12.4,22.3,0.233,0.223,0.162
kolkata_hooghly,Kolkata,West Bengal,East Coast (Bay of Bengal Delta),22.5726,88.3639,5.0,May 2021 Very Severe Cyclone Yaas,2021-05-16T21:00,0.0,1004.4,13.1,23.4,0.232,0.223,0.162
kolkata_hooghly,Kolkata,West Bengal,East Coast (Bay of Bengal Delta),22.5726,88.3639,5.0,May 2021 Very Severe Cyclone Yaas,2021-05-16T22:00,0.0,1004.6,12.8,23.4,0.232,0.223,0.163
kolkata_hooghly,Kolkata,West Bengal,East Coast (Bay of Bengal Delta),22.5726,88.3639,5.0,May 2021 Very Severe Cyclone Yaas,2021-05-16T23:00,0.0,1005.0,12.9,23.0,0.232,0.223,0.163
kolkata_hooghly,Kolkata,West Bengal,East Coast (Bay of Bengal Delta),22.5726,88.3639,5.0,May 2021 Very Severe Cyclone Yaas,2021-05-17T00:00,0.0,1004.8,15.0,23.8,0.231,0.222,0.162
kolkata_hooghly,Kolkata,West Bengal,East Coast (Bay of Bengal Delta),22.5726,88.3639,5.0,May 2021 Very Severe Cyclone Yaas,2021-05-17T01:00,0.0,1005.9,15.8,29.9,0.231,0.222,0.162
kolkata_hooghly,Kolkata,West Bengal,East Coast (Bay of Bengal Delta),22.5726,88.3639,5.0,May 2021 Very Severe Cyclone Yaas,2021-05-17T02:00,0.0,1006.2,16.2,33.1,0.23,0.222,0.162
kolkata_hooghly,Kolkata,West Bengal,East Coast (Bay of Bengal Delta),22.5726,88.3639,5.0,May 2021 Very Severe Cyclone Yaas,2021-05-17T03:00,0.0,1006.5,15.9,33.1,0.229,0.221,0.162
kolkata_hooghly,Kolkata,West Bengal,East Coast (Bay of Bengal Delta),22.5726,88.3639,5.0,May 2021 Very Severe Cyclone Yaas,2021-05-17T04:00,0.0,1006.7,15.1,33.5,0.227,0.221,0.162
kolkata_hooghly,Kolkata,West Bengal,East Coast (Bay of Bengal Delta),22.5726,88.3639,5.0,May 2021 Very Severe Cyclone Yaas,2021-05-17T05:00,0.0,1006.1,13.9,32.8,0.224,0.22,0.162
kolkata_hooghly,Kolkata,West Bengal,East Coast (Bay of Bengal Delta),22.5726,88.3639,5.0,May 2021 Very Severe Cyclone Yaas,2021-05-17T06:00,0.0,1005.4,11.9,31.3,0.221,0.219,0.162
kolkata_hooghly,Kolkata,West Bengal,East Coast (Bay of Bengal Delta),22.5726,88.3639,5.0,May 2021 Very Severe Cyclone Yaas,2021-05-17T07:00,0.0,1004.2,10.0,28.4,0.218,0.218,0.162
kolkata_hooghly,Kolkata,West Bengal,East Coast (Bay of Bengal Delta),22.5726,88.3639,5.0,May 2021 Very Severe Cyclone Yaas,2021-05-17T08:00,0.0,1003.0,9.5,25.6,0.215,0.217,0.162
kolkata_hooghly,Kolkata,West Bengal,East Coast (Bay of Bengal Delta),22.5726,88.3639,5.0,May 2021 Very Severe Cyclone Yaas,2021-05-17T09:00,0.0,1002.1,10.7,24.1,0.213,0.216,0.162
kolkata_hooghly,Kolkata,West Bengal,East Coast (Bay of Bengal Delta),22.5726,88.3639,5.0,May 2021 Very Severe Cyclone Yaas,2021-05-17T10:00,0.0,1001.7,14.8,29.5,0.212,0.215,0.162
kolkata_hooghly,Kolkata,West Bengal,East Coast (Bay of Bengal Delta),22.5726,88.3639,5.0,May 2021 Very Severe Cyclone Yaas,2021-05-17T11:00,0.0,1001.4,17.3,32.4,0.211,0.215,0.162
kolkata_hooghly,Kolkata,West Bengal,East Coast (Bay of Bengal Delta),22.5726,88.3639,5.0,May 2021 Very Severe Cyclone Yaas,2021-05-17T12:00,0.0,1002.1,14.1,33.5,0.21,0.215,0.162
kolkata_hooghly,Kolkata,West Bengal,East Coast (Bay of Bengal Delta),22.5726,88.3639,5.0,May 2021 Very Severe Cyclone Yaas,2021-05-17T13:00,0.0,1002.4,16.7,29.9,0.209,0.214,0.162
kolkata_hooghly,Kolkata,West Bengal,East Coast (Bay of Bengal Delta),22.5726,88.3639,5.0,May 2021 Very Severe Cyclone Yaas,2021-05-17T14:00,0.0,1003.0,15.9,29.9,0.209,0.214,0.162
kolkata_hooghly,Kolkata,West Bengal,East Coast (Bay of Bengal Delta),22.5726,88.3639,5.0,May 2021 Very Severe Cyclone Yaas,2021-05-17T15:00,0.0,1003.6,15.5,28.4,0.209,0.214,0.162
kolkata_hooghly,Kolkata,West Bengal,East Coast (Bay of Bengal Delta),22.5726,88.3639,5.0,May 2021 Very Severe Cyclone Yaas,2021-05-17T16:00,0.0,1004.1,14.4,27.4,0.209,0.214,0.162
kolkata_hooghly,Kolkata,West Bengal,East Coast (Bay of Bengal Delta),22.5726,88.3639,5.0,May 2021 Very Severe Cyclone Yaas,2021-05-17T17:00,0.0,1004.5,13.0,25.6,0.209,0.214,0.162
kolkata_hooghly,Kolkata,West Bengal,East Coast (Bay of Bengal Delta),22.5726,88.3639,5.0,May 2021 Very Severe Cyclone Yaas,2021-05-17T18:00,0.0,1004.2,14.2,24.8,0.209,0.214,0.162
kolkata_hooghly,Kolkata,West Bengal,East Coast (Bay of Bengal Delta),22.5726,88.3639,5.0,May 2021 Very Severe Cyclone Yaas,2021-05-17T19:00,0.0,1004.0,14.5,25.9,0.209,0.214,0.162
kolkata_hooghly,Kolkata,West Bengal,East Coast (Bay of Bengal Delta),22.5726,88.3639,5.0,May 2021 Very Severe Cyclone Yaas,2021-05-17T20:00,0.0,1003.9,14.1,25.9,0.209,0.214,0.162
kolkata_hooghly,Kolkata,West Bengal,East Coast (Bay of Bengal Delta),22.5726,88.3639,5.0,May 2021 Very Severe Cyclone Yaas,2021-05-17T21:00,0.0,1003.7,14.0,25.6,0.209,0.214,0.162
kolkata_hooghly,Kolkata,West Bengal,East Coast (Bay of Bengal Delta),22.5726,88.3639,5.0,May 2021 Very Severe Cyclone Yaas,2021-05-17T22:00,0.0,1003.7,14.3,25.6,0.208,0.214,0.162
kolkata_hooghly,Kolkata,West Bengal,East Coast (Bay of Bengal Delta),22.5726,88.3639,5.0,May 2021 Very Severe Cyclone Yaas,2021-05-17T23:00,0.0,1003.7,14.8,26.6,0.208,0.214,0.162
kolkata_hooghly,Kolkata,West Bengal,East Coast (Bay of Bengal Delta),22.5726,88.3639,5.0,May 2021 Very Severe Cyclone Yaas,2021-05-18T00:00,0.0,1003.7,14.0,28.1,0.208,0.214,0.162
kolkata_hooghly,Kolkata,West Bengal,East Coast (Bay of Bengal Delta),22.5726,88.3639,5.0,May 2021 Very Severe Cyclone Yaas,2021-05-18T01:00,0.0,1004.6,15.9,30.6,0.208,0.214,0.162
kolkata_hooghly,Kolkata,West Bengal,East Coast (Bay of Bengal Delta),22.5726,88.3639,5.0,May 2021 Very Severe Cyclone Yaas,2021-05-18T02:00,0.0,1005.2,15.9,32.4,0.207,0.214,0.162
kolkata_hooghly,Kolkata,West Bengal,East Coast (Bay of Bengal Delta),22.5726,88.3639,5.0,May 2021 Very Severe Cyclone Yaas,2021-05-18T03:00,0.0,1005.3,15.0,33.1,0.206,0.213,0.162
kolkata_hooghly,Kolkata,West Bengal,East Coast (Bay of Bengal Delta),22.5726,88.3639,5.0,May 2021 Very Severe Cyclone Yaas,2021-05-18T04:00,0.0,1005.4,13.5,32.8,0.204,0.212,0.162
kolkata_hooghly,Kolkata,West Bengal,East Coast (Bay of Bengal Delta),22.5726,88.3639,5.0,May 2021 Very Severe Cyclone Yaas,2021-05-18T05:00,0.0,1004.9,11.2,30.6,0.202,0.212,0.162
kolkata_hooghly,Kolkata,West Bengal,East Coast (Bay of Bengal Delta),22.5726,88.3639,5.0,May 2021 Very Severe Cyclone Yaas,2021-05-18T06:00,0.0,1004.1,8.9,27.7,0.199,0.211,0.162
kolkata_hooghly,Kolkata,West Bengal,East Coast (Bay of Bengal Delta),22.5726,88.3639,5.0,May 2021 Very Severe Cyclone Yaas,2021-05-18T07:00,0.0,1003.0,8.9,24.1,0.197,0.209,0.162
kolkata_hooghly,Kolkata,West Bengal,East Coast (Bay of Bengal Delta),22.5726,88.3639,5.0,May 2021 Very Severe Cyclone Yaas,2021-05-18T08:00,0.0,1002.0,11.3,26.3,0.195,0.208,0.162
kolkata_hooghly,Kolkata,West Bengal,East Coast (Bay of Bengal Delta),22.5726,88.3639,5.0,May 2021 Very Severe Cyclone Yaas,2021-05-18T09:00,0.0,1001.2,17.4,34.6,0.193,0.208,0.161
kolkata_hooghly,Kolkata,West Bengal,East Coast (Bay of Bengal Delta),22.5726,88.3639,5.0,May 2021 Very Severe Cyclone Yaas,2021-05-18T10:00,0.0,1000.8,18.5,37.4,0.192,0.207,0.161
kolkata_hooghly,Kolkata,West Bengal,East Coast (Bay of Bengal Delta),22.5726,88.3639,5.0,May 2021 Very Severe Cyclone Yaas,2021-05-18T11:00,0.0,1000.6,20.4,39.6,0.191,0.207,0.161
kolkata_hooghly,Kolkata,West Bengal,East Coast (Bay of Bengal Delta),22.5726,88.3639,5.0,May 2021 Very Severe Cyclone Yaas,2021-05-18T12:00,0.0,1001.3,17.5,38.9,0.191,0.207,0.162
kolkata_hooghly,Kolkata,West Bengal,East Coast (Bay of Bengal Delta),22.5726,88.3639,5.0,May 2021 Very Severe Cyclone Yaas,2021-05-18T13:00,0.0,1002.4,10.4,31.7,0.191,0.207,0.162
kolkata_hooghly,Kolkata,West Bengal,East Coast (Bay of Bengal Delta),22.5726,88.3639,5.0,May 2021 Very Severe Cyclone Yaas,2021-05-18T14:00,0.0,1003.2,11.6,20.9,0.191,0.207,0.162
kolkata_hooghly,Kolkata,West Bengal,East Coast (Bay of Bengal Delta),22.5726,88.3639,5.0,May 2021 Very Severe Cyclone Yaas,2021-05-18T15:00,0.0,1003.9,10.0,21.2,0.191,0.207,0.162
kolkata_hooghly,Kolkata,West Bengal,East Coast (Bay of Bengal Delta),22.5726,88.3639,5.0,May 2021 Very Severe Cyclone Yaas,2021-05-18T16:00,0.0,1005.4,6.6,18.4,0.191,0.207,0.162
kolkata_hooghly,Kolkata,West Bengal,East Coast (Bay of Bengal Delta),22.5726,88.3639,5.0,May 2021 Very Severe Cyclone Yaas,2021-05-18T17:00,0.0,1005.8,6.8,12.6,0.191,0.207,0.162
kolkata_hooghly,Kolkata,West Bengal,East Coast (Bay of Bengal Delta),22.5726,88.3639,5.0,May 2021 Very Severe Cyclone Yaas,2021-05-18T18:00,0.1,1005.4,8.9,15.8,0.191,0.207,0.162
kolkata_hooghly,Kolkata,West Bengal,East Coast (Bay of Bengal Delta),22.5726,88.3639,5.0,May 2021 Very Severe Cyclone Yaas,2021-05-18T19:00,0.0,1004.5,13.0,22.3,0.191,0.207,0.162
kolkata_hooghly,Kolkata,West Bengal,East Coast (Bay of Bengal Delta),22.5726,88.3639,5.0,May 2021 Very Severe Cyclone Yaas,2021-05-18T20:00,0.0,1003.5,16.9,30.2,0.191,0.207,0.162
kolkata_hooghly,Kolkata,West Bengal,East Coast (Bay of Bengal Delta),22.5726,88.3639,5.0,May 2021 Very Severe Cyclone Yaas,2021-05-18T21:00,0.0,1002.7,17.1,31.0,0.191,0.207,0.162
kolkata_hooghly,Kolkata,West Bengal,East Coast (Bay of Bengal Delta),22.5726,88.3639,5.0,May 2021 Very Severe Cyclone Yaas,2021-05-18T22:00,0.0,1002.5,15.0,31.0,0.191,0.207,0.162
kolkata_hooghly,Kolkata,West Bengal,East Coast (Bay of Bengal Delta),22.5726,88.3639,5.0,May 2021 Very Severe Cyclone Yaas,2021-05-18T23:00,0.0,1002.7,13.9,26.6,0.191,0.207,0.162
kolkata_hooghly,Kolkata,West Bengal,East Coast (Bay of Bengal Delta),22.5726,88.3639,5.0,May 2021 Very Severe Cyclone Yaas,2021-05-19T00:00,0.0,1003.3,11.8,24.8,0.208,0.207,0.162
kolkata_hooghly,Kolkata,West Bengal,East Coast (Bay of Bengal Delta),22.5726,88.3639,5.0,May 2021 Very Severe Cyclone Yaas,2021-05-19T01:00,0.0,1003.9,16.4,29.2,0.208,0.207,0.162
kolkata_hooghly,Kolkata,West Bengal,East Coast (Bay of Bengal Delta),22.5726,88.3639,5.0,May 2021 Very Severe Cyclone Yaas,2021-05-19T02:00,0.0,1004.3,18.8,36.7,0.208,0.206,0.162
kolkata_hooghly,Kolkata,West Bengal,East Coast (Bay of Bengal Delta),22.5726,88.3639,5.0,May 2021 Very Severe Cyclone Yaas,2021-05-19T03:00,0.0,1004.5,17.4,36.7,0.207,0.206,0.162
kolkata_hooghly,Kolkata,West Bengal,East Coast (Bay of Bengal Delta),22.5726,88.3639,5.0,May 2021 Very Severe Cyclone Yaas,2021-05-19T04:00,0.0,1004.4,14.6,35.6,0.205,0.206,0.162
kolkata_hooghly,Kolkata,West Bengal,East Coast (Bay of Bengal Delta),22.5726,88.3639,5.0,May 2021 Very Severe Cyclone Yaas,2021-05-19T05:00,0.0,1003.7,12.0,31.3,0.204,0.205,0.162
kolkata_hooghly,Kolkata,West Bengal,East Coast (Bay of Bengal Delta),22.5726,88.3639,5.0,May 2021 Very Severe Cyclone Yaas,2021-05-19T06:00,0.0,1002.9,9.6,28.1,0.202,0.204,0.162
kolkata_hooghly,Kolkata,West Bengal,East Coast (Bay of Bengal Delta),22.5726,88.3639,5.0,May 2021 Very Severe Cyclone Yaas,2021-05-19T07:00,0.0,1002.3,7.9,24.5,0.2,0.204,0.162
kolkata_hooghly,Kolkata,West Bengal,East Coast (Bay of Bengal Delta),22.5726,88.3639,5.0,May 2021 Very Severe Cyclone Yaas,2021-05-19T08:00,0.0,1001.6,7.6,23.8,0.199,0.203,0.162
kolkata_hooghly,Kolkata,West Bengal,East Coast (Bay of Bengal Delta),22.5726,88.3639,5.0,May 2021 Very Severe Cyclone Yaas,2021-05-19T09:00,0.0,1000.8,7.3,20.2,0.197,0.202,0.162
kolkata_hooghly,Kolkata,West Bengal,East Coast (Bay of Bengal Delta),22.5726,88.3639,5.0,May 2021 Very Severe Cyclone Yaas,2021-05-19T10:00,0.0,1000.5,8.3,19.1,0.196,0.202,0.162
kolkata_hooghly,Kolkata,West Bengal,East Coast (Bay of Bengal Delta),22.5726,88.3639,5.0,May 2021 Very Severe Cyclone Yaas,2021-05-19T11:00,0.2,1000.3,7.2,20.9,0.198,0.202,0.162
kolkata_hooghly,Kolkata,West Bengal,East Coast (Bay of Bengal Delta),22.5726,88.3639,5.0,May 2021 Very Severe Cyclone Yaas,2021-05-19T12:00,0.0,1000.8,8.7,20.9,0.194,0.201,0.162
kolkata_hooghly,Kolkata,West Bengal,East Coast (Bay of Bengal Delta),22.5726,88.3639,5.0,May 2021 Very Severe Cyclone Yaas,2021-05-19T13:00,0.3,1001.7,9.0,16.9,0.197,0.201,0.162
kolkata_hooghly,Kolkata,West Bengal,East Coast (Bay of Bengal Delta),22.5726,88.3639,5.0,May 2021 Very Severe Cyclone Yaas,2021-05-19T14:00,0.4,1002.4,10.3,16.2,0.2,0.201,0.162
kolkata_hooghly,Kolkata,West Bengal,East Coast (Bay of Bengal Delta),22.5726,88.3639,5.0,May 2021 Very Severe Cyclone Yaas,2021-05-19T15:00,0.0,1003.0,13.4,23.8,0.2,0.201,0.162
kolkata_hooghly,Kolkata,West Bengal,East Coast (Bay of Bengal Delta),22.5726,88.3639,5.0,May 2021 Very Severe Cyclone Yaas,2021-05-19T16:00,0.0,1003.7,11.5,23.8,0.2,0.201,0.162
kolkata_hooghly,Kolkata,West Bengal,East Coast (Bay of Bengal Delta),22.5726,88.3639,5.0,May 2021 Very Severe Cyclone Yaas,2021-05-19T17:00,0.0,1004.1,11.7,20.5,0.199,0.201,0.162
kolkata_hooghly,Kolkata,West Bengal,East Coast (Bay of Bengal Delta),22.5726,88.3639,5.0,May 2021 Very Severe Cyclone Yaas,2021-05-19T18:00,0.0,1003.7,13.6,24.1,0.199,0.201,0.162
kolkata_hooghly,Kolkata,West Bengal,East Coast (Bay of Bengal Delta),22.5726,88.3639,5.0,May 2021 Very Severe Cyclone Yaas,2021-05-19T19:00,0.0,1003.2,15.6,27.7,0.199,0.201,0.162
kolkata_hooghly,Kolkata,West Bengal,East Coast (Bay of Bengal Delta),22.5726,88.3639,5.0,May 2021 Very Severe Cyclone Yaas,2021-05-19T20:00,0.0,1002.6,15.4,28.1,0.199,0.201,0.162
kolkata_hooghly,Kolkata,West Bengal,East Coast (Bay of Bengal Delta),22.5726,88.3639,5.0,May 2021 Very Severe Cyclone Yaas,2021-05-19T21:00,0.0,1002.1,15.2,27.4,0.199,0.201,0.162
kolkata_hooghly,Kolkata,West Bengal,East Coast (Bay of Bengal Delta),22.5726,88.3639,5.0,May 2021 Very Severe Cyclone Yaas,2021-05-19T22:00,0.0,1002.0,14.2,27.0,0.199,0.201,0.162
kolkata_hooghly,Kolkata,West Bengal,East Coast (Bay of Bengal Delta),22.5726,88.3639,5.0,May 2021 Very Severe Cyclone Yaas,2021-05-19T23:00,0.0,1002.4,13.8,25.2,0.199,0.2,0.162
kolkata_hooghly,Kolkata,West Bengal,East Coast (Bay of Bengal Delta),22.5726,88.3639,5.0,May 2021 Very Severe Cyclone Yaas,2021-05-20T00:00,0.0,1002.8,13.7,25.6,0.193,0.2,0.161
kolkata_hooghly,Kolkata,West Bengal,East Coast (Bay of Bengal Delta),22.5726,88.3639,5.0,May 2021 Very Severe Cyclone Yaas,2021-05-20T01:00,0.0,1003.6,16.1,31.0,0.193,0.2,0.161
kolkata_hooghly,Kolkata,West Bengal,East Coast (Bay of Bengal Delta),22.5726,88.3639,5.0,May 2021 Very Severe Cyclone Yaas,2021-05-20T02:00,0.0,1004.1,17.3,34.9,0.192,0.2,0.161
kolkata_hooghly,Kolkata,West Bengal,East Coast (Bay of Bengal Delta),22.5726,88.3639,5.0,May 2021 Very Severe Cyclone Yaas,2021-05-20T03:00,0.0,1004.2,17.2,36.0,0.191,0.199,0.161
kolkata_hooghly,Kolkata,West Bengal,East Coast (Bay of Bengal Delta),22.5726,88.3639,5.0,May 2021 Very Severe Cyclone Yaas,2021-05-20T04:00,0.0,1004.2,16.9,36.0,0.19,0.199,0.161
kolkata_hooghly,Kolkata,West Bengal,East Coast (Bay of Bengal Delta),22.5726,88.3639,5.0,May 2021 Very Severe Cyclone Yaas,2021-05-20T05:00,0.0,1003.9,18.0,38.2,0.188,0.198,0.161
kolkata_hooghly,Kolkata,West Bengal,East Coast (Bay of Bengal Delta),22.5726,88.3639,5.0,May 2021 Very Severe Cyclone Yaas,2021-05-20T06:00,0.0,1003.5,20.0,41.8,0.186,0.197,0.161
kolkata_hooghly,Kolkata,West Bengal,East Coast (Bay of Bengal Delta),22.5726,88.3639,5.0,May 2021 Very Severe Cyclone Yaas,2021-05-20T07:00,0.0,1002.9,20.9,43.9,0.184,0.196,0.161
kolkata_hooghly,Kolkata,West Bengal,East Coast (Bay of Bengal Delta),22.5726,88.3639,5.0,May 2021 Very Severe Cyclone Yaas,2021-05-20T08:00,0.0,1001.9,20.3,43.6,0.183,0.195,0.161
kolkata_hooghly,Kolkata,West Bengal,East Coast (Bay of Bengal Delta),22.5726,88.3639,5.0,May 2021 Very Severe Cyclone Yaas,2021-05-20T09:00,0.0,1001.0,19.5,42.1,0.181,0.195,0.161
kolkata_hooghly,Kolkata,West Bengal,East Coast (Bay of Bengal Delta),22.5726,88.3639,5.0,May 2021 Very Severe Cyclone Yaas,2021-05-20T10:00,0.0,1000.4,19.4,40.3,0.18,0.194,0.161
kolkata_hooghly,Kolkata,West Bengal,East Coast (Bay of Bengal Delta),22.5726,88.3639,5.0,May 2021 Very Severe Cyclone Yaas,2021-05-20T11:00,0.0,1000.3,19.6,38.9,0.179,0.194,0.161
kolkata_hooghly,Kolkata,West Bengal,East Coast (Bay of Bengal Delta),22.5726,88.3639,5.0,May 2021 Very Severe Cyclone Yaas,2021-05-20T12:00,0.0,1001.5,13.8,37.8,0.179,0.194,0.162
kolkata_hooghly,Kolkata,West Bengal,East Coast (Bay of Bengal Delta),22.5726,88.3639,5.0,May 2021 Very Severe Cyclone Yaas,2021-05-20T13:00,0.0,1002.3,12.7,25.2,0.179,0.194,0.162
kolkata_hooghly,Kolkata,West Bengal,East Coast (Bay of Bengal Delta),22.5726,88.3639,5.0,May 2021 Very Severe Cyclone Yaas,2021-05-20T14:00,0.0,1003.1,13.7,24.5,0.179,0.194,0.162
kolkata_hooghly,Kolkata,West Bengal,East Coast (Bay of Bengal Delta),22.5726,88.3639,5.0,May 2021 Very Severe Cyclone Yaas,2021-05-20T15:00,0.0,1004.1,15.9,28.4,0.179,0.194,0.162
kolkata_hooghly,Kolkata,West Bengal,East Coast (Bay of Bengal Delta),22.5726,88.3639,5.0,May 2021 Very Severe Cyclone Yaas,2021-05-20T16:00,0.0,1004.6,16.2,29.2,0.179,0.194,0.162
kolkata_hooghly,Kolkata,West Bengal,East Coast (Bay of Bengal Delta),22.5726,88.3639,5.0,May 2021 Very Severe Cyclone Yaas,2021-05-20T17:00,0.0,1004.6,16.2,29.9,0.179,0.194,0.162
kolkata_hooghly,Kolkata,West Bengal,East Coast (Bay of Bengal Delta),22.5726,88.3639,5.0,May 2021 Very Severe Cyclone Yaas,2021-05-20T18:00,0.0,1004.1,15.2,29.2,0.179,0.194,0.162
kolkata_hooghly,Kolkata,West Bengal,East Coast (Bay of Bengal Delta),22.5726,88.3639,5.0,May 2021 Very Severe Cyclone Yaas,2021-05-20T19:00,0.0,1003.5,14.9,27.7,0.179,0.194,0.162
kolkata_hooghly,Kolkata,West Bengal,East Coast (Bay of Bengal Delta),22.5726,88.3639,5.0,May 2021 Very Severe Cyclone Yaas,2021-05-20T20:00,0.0,1002.7,14.0,26.6,0.179,0.194,0.162
kolkata_hooghly,Kolkata,West Bengal,East Coast (Bay of Bengal Delta),22.5726,88.3639,5.0,May 2021 Very Severe Cyclone Yaas,2021-05-20T21:00,0.0,1002.2,14.0,25.6,0.179,0.194,0.162
kolkata_hooghly,Kolkata,West Bengal,East Coast (Bay of Bengal Delta),22.5726,88.3639,5.0,May 2021 Very Severe Cyclone Yaas,2021-05-20T22:00,0.0,1002.2,13.7,25.2,0.179,0.194,0.162
kolkata_hooghly,Kolkata,West Bengal,East Coast (Bay of Bengal Delta),22.5726,88.3639,5.0,May 2021 Very Severe Cyclone Yaas,2021-05-20T23:00,0.0,1002.3,13.8,25.2,0.179,0.194,0.162
kolkata_hooghly,Kolkata,West Bengal,East Coast (Bay of Bengal Delta),22.5726,88.3639,5.0,May 2021 Very Severe Cyclone Yaas,2021-05-21T00:00,0.0,1003.4,9.4,24.8,0.178,0.194,0.161
kolkata_hooghly,Kolkata,West Bengal,East Coast (Bay of Bengal Delta),22.5726,88.3639,5.0,May 2021 Very Severe Cyclone Yaas,2021-05-21T01:00,0.0,1004.1,14.5,28.4,0.178,0.194,0.161
kolkata_hooghly,Kolkata,West Bengal,East Coast (Bay of Bengal Delta),22.5726,88.3639,5.0,May 2021 Very Severe Cyclone Yaas,2021-05-21T02:00,0.0,1004.7,13.0,29.5,0.178,0.193,0.161
kolkata_hooghly,Kolkata,West Bengal,East Coast (Bay of Bengal Delta),22.5726,88.3639,5.0,May 2021 Very Severe Cyclone Yaas,2021-05-21T03:00,0.0,1005.0,12.5,28.4,0.178,0.193,0.161
kolkata_hooghly,Kolkata,West Bengal,East Coast (Bay of Bengal Delta),22.5726,88.3639,5.0,May 2021 Very Severe Cyclone Yaas,2021-05-21T04:00,0.0,1004.7,12.6,29.5,0.177,0.193,0.161
kolkata_hooghly,Kolkata,West Bengal,East Coast (Bay of Bengal Delta),22.5726,88.3639,5.0,May 2021 Very Severe Cyclone Yaas,2021-05-21T05:00,0.0,1004.1,13.4,31.3,0.176,0.192,0.161
kolkata_hooghly,Kolkata,West Bengal,East Coast (Bay of Bengal Delta),22.5726,88.3639,5.0,May 2021 Very Severe Cyclone Yaas,2021-05-21T06:00,0.0,1003.2,13.9,32.4,0.174,0.191,0.161
kolkata_hooghly,Kolkata,West Bengal,East Coast (Bay of Bengal Delta),22.5726,88.3639,5.0,May 2021 Very Severe Cyclone Yaas,2021-05-21T07:00,0.0,1002.2,15.5,34.6,0.173,0.191,0.161
kolkata_hooghly,Kolkata,West Bengal,East Coast (Bay of Bengal Delta),22.5726,88.3639,5.0,May 2021 Very Severe Cyclone Yaas,2021-05-21T08:00,0.0,1001.4,16.6,34.9,0.172,0.19,0.161
kolkata_hooghly,Kolkata,West Bengal,East Coast (Bay of Bengal Delta),22.5726,88.3639,5.0,May 2021 Very Severe Cyclone Yaas,2021-05-21T09:00,0.0,1000.6,17.7,36.7,0.172,0.19,0.161
kolkata_hooghly,Kolkata,West Bengal,East Coast (Bay of Bengal Delta),22.5726,88.3639,5.0,May 2021 Very Severe Cyclone Yaas,2021-05-21T10:00,0.0,1000.3,16.1,37.1,0.171,0.189,0.161
kolkata_hooghly,Kolkata,West Bengal,East Coast (Bay of Bengal Delta),22.5726,88.3639,5.0,May 2021 Very Severe Cyclone Yaas,2021-05-21T11:00,0.0,1000.3,16.6,32.8,0.171,0.189,0.161
kolkata_hooghly,Kolkata,West Bengal,East Coast (Bay of Bengal Delta),22.5726,88.3639,5.0,May 2021 Very Severe Cyclone Yaas,2021-05-21T12:00,0.0,1000.9,15.9,32.8,0.165,0.187,0.159
kolkata_hooghly,Kolkata,West Bengal,East Coast (Bay of Bengal Delta),22.5726,88.3639,5.0,May 2021 Very Severe Cyclone Yaas,2021-05-21T13:00,0.0,1002.0,18.5,32.8,0.165,0.187,0.16
kolkata_hooghly,Kolkata,West Bengal,East Coast (Bay of Bengal Delta),22.5726,88.3639,5.0,May 2021 Very Severe Cyclone Yaas,2021-05-21T14:00,0.0,1002.7,18.7,34.6,0.165,0.187,0.16
kolkata_hooghly,Kolkata,West Bengal,East Coast (Bay of Bengal Delta),22.5726,88.3639,5.0,May 2021 Very Severe Cyclone Yaas,2021-05-21T15:00,0.0,1003.7,17.6,33.5,0.165,0.187,0.16
kolkata_hooghly,Kolkata,West Bengal,East Coast (Bay of Bengal Delta),22.5726,88.3639,5.0,May 2021 Very Severe Cyclone Yaas,2021-05-21T16:00,0.0,1003.9,17.6,32.4,0.165,0.187,0.16
kolkata_hooghly,Kolkata,West Bengal,East Coast (Bay of Bengal Delta),22.5726,88.3639,5.0,May 2021 Very Severe Cyclone Yaas,2021-05-21T17:00,0.0,1004.0,15.3,31.3,0.165,0.187,0.16
kolkata_hooghly,Kolkata,West Bengal,East Coast (Bay of Bengal Delta),22.5726,88.3639,5.0,May 2021 Very Severe Cyclone Yaas,2021-05-21T18:00,0.0,1003.6,14.9,27.4,0.165,0.187,0.16
kolkata_hooghly,Kolkata,West Bengal,East Coast (Bay of Bengal Delta),22.5726,88.3639,5.0,May 2021 Very Severe Cyclone Yaas,2021-05-21T19:00,0.0,1002.7,15.4,31.0,0.165,0.187,0.16
kolkata_hooghly,Kolkata,West Bengal,East Coast (Bay of Bengal Delta),22.5726,88.3639,5.0,May 2021 Very Severe Cyclone Yaas,2021-05-21T20:00,0.0,1001.5,10.6,27.7,0.165,0.187,0.16
kolkata_hooghly,Kolkata,West Bengal,East Coast (Bay of Bengal Delta),22.5726,88.3639,5.0,May 2021 Very Severe Cyclone Yaas,2021-05-21T21:00,0.0,1001.4,8.4,18.7,0.165,0.187,0.16
kolkata_hooghly,Kolkata,West Bengal,East Coast (Bay of Bengal Delta),22.5726,88.3639,5.0,May 2021 Very Severe Cyclone Yaas,2021-05-21T22:00,0.0,1001.4,6.4,15.1,0.165,0.187,0.16
kolkata_hooghly,Kolkata,West Bengal,East Coast (Bay of Bengal Delta),22.5726,88.3639,5.0,May 2021 Very Severe Cyclone Yaas,2021-05-21T23:00,0.0,1001.9,3.7,11.5,0.165,0.187,0.16
kolkata_hooghly,Kolkata,West Bengal,East Coast (Bay of Bengal Delta),22.5726,88.3639,5.0,May 2021 Very Severe Cyclone Yaas,2021-05-22T00:00,0.0,1002.1,4.0,10.1,0.164,0.185,0.158
kolkata_hooghly,Kolkata,West Bengal,East Coast (Bay of Bengal Delta),22.5726,88.3639,5.0,May 2021 Very Severe Cyclone Yaas,2021-05-22T01:00,0.0,1002.9,6.3,17.6,0.164,0.185,0.158
kolkata_hooghly,Kolkata,West Bengal,East Coast (Bay of Bengal Delta),22.5726,88.3639,5.0,May 2021 Very Severe Cyclone Yaas,2021-05-22T02:00,0.0,1003.3,7.6,20.9,0.164,0.185,0.158
kolkata_hooghly,Kolkata,West Bengal,East Coast (Bay of Bengal Delta),22.5726,88.3639,5.0,May 2021 Very Severe Cyclone Yaas,2021-05-22T03:00,0.1,1003.8,9.3,23.4,0.165,0.185,0.158
kolkata_hooghly,Kolkata,West Bengal,East Coast (Bay of Bengal Delta),22.5726,88.3639,5.0,May 2021 Very Severe Cyclone Yaas,2021-05-22T04:00,0.0,1003.5,10.1,25.9,0.164,0.185,0.158
kolkata_hooghly,Kolkata,West Bengal,East Coast (Bay of Bengal Delta),22.5726,88.3639,5.0,May 2021 Very Severe Cyclone Yaas,2021-05-22T05:00,0.0,1002.5,9.8,27.4,0.164,0.184,0.158
kolkata_hooghly,Kolkata,West Bengal,East Coast (Bay of Bengal Delta),22.5726,88.3639,5.0,May 2021 Very Severe Cyclone Yaas,2021-05-22T06:00,0.0,1001.6,10.2,27.4,0.163,0.183,0.158
kolkata_hooghly,Kolkata,West Bengal,East Coast (Bay of Bengal Delta),22.5726,88.3639,5.0,May 2021 Very Severe Cyclone Yaas,2021-05-22T07:00,0.0,1000.7,10.1,27.4,0.162,0.183,0.158
kolkata_hooghly,Kolkata,West Bengal,East Coast (Bay of Bengal Delta),22.5726,88.3639,5.0,May 2021 Very Severe Cyclone Yaas,2021-05-22T08:00,0.0,999.7,10.8,27.0,0.161,0.182,0.158
kolkata_hooghly,Kolkata,West Bengal,East Coast (Bay of Bengal Delta),22.5726,88.3639,5.0,May 2021 Very Severe Cyclone Yaas,2021-05-22T09:00,0.0,999.0,8.3,27.0,0.161,0.182,0.158
kolkata_hooghly,Kolkata,West Bengal,East Coast (Bay of Bengal Delta),22.5726,88.3639,5.0,May 2021 Very Severe Cyclone Yaas,2021-05-22T10:00,0.6,998.9,13.1,27.7,0.166,0.181,0.158
kolkata_hooghly,Kolkata,West Bengal,East Coast (Bay of Bengal Delta),22.5726,88.3639,5.0,May 2021 Very Severe Cyclone Yaas,2021-05-22T11:00,0.2,998.9,10.5,28.4,0.168,0.181,0.158
kolkata_hooghly,Kolkata,West Bengal,East Coast (Bay of Bengal Delta),22.5726,88.3639,5.0,May 2021 Very Severe Cyclone Yaas,2021-05-22T12:00,0.0,999.3,9.8,22.3,0.161,0.18,0.157
kolkata_hooghly,Kolkata,West Bengal,East Coast (Bay of Bengal Delta),22.5726,88.3639,5.0,May 2021 Very Severe Cyclone Yaas,2021-05-22T13:00,0.0,999.8,11.5,21.2,0.161,0.18,0.157
kolkata_hooghly,Kolkata,West Bengal,East Coast (Bay of Bengal Delta),22.5726,88.3639,5.0,May 2021 Very Severe Cyclone Yaas,2021-05-22T14:00,0.0,1000.4,8.4,21.6,0.16,0.18,0.157
kolkata_hooghly,Kolkata,West Bengal,East Coast (Bay of Bengal Delta),22.5726,88.3639,5.0,May 2021 Very Severe Cyclone Yaas,2021-05-22T15:00,0.0,1001.2,5.9,14.0,0.16,0.18,0.157
kolkata_hooghly,Kolkata,West Bengal,East Coast (Bay of Bengal Delta),22.5726,88.3639,5.0,May 2021 Very Severe Cyclone Yaas,2021-05-22T16:00,0.0,1001.5,6.4,10.8,0.16,0.18,0.157
kolkata_hooghly,Kolkata,West Bengal,East Coast (Bay of Bengal Delta),22.5726,88.3639,5.0,May 2021 Very Severe Cyclone Yaas,2021-05-22T17:00,0.0,1001.8,9.4,16.6,0.16,0.18,0.157
kolkata_hooghly,Kolkata,West Bengal,East Coast (Bay of Bengal Delta),22.5726,88.3639,5.0,May 2021 Very Severe Cyclone Yaas,2021-05-22T18:00,0.0,1001.4,9.8,17.6,0.16,0.18,0.157
kolkata_hooghly,Kolkata,West Bengal,East Coast (Bay of Bengal Delta),22.5726,88.3639,5.0,May 2021 Very Severe Cyclone Yaas,2021-05-22T19:00,0.0,1000.9,8.9,17.3,0.16,0.18,0.157
kolkata_hooghly,Kolkata,West Bengal,East Coast (Bay of Bengal Delta),22.5726,88.3639,5.0,May 2021 Very Severe Cyclone Yaas,2021-05-22T20:00,0.0,1000.5,7.8,16.2,0.16,0.18,0.157
kolkata_hooghly,Kolkata,West Bengal,East Coast (Bay of Bengal Delta),22.5726,88.3639,5.0,May 2021 Very Severe Cyclone Yaas,2021-05-22T21:00,0.3,1000.3,7.7,14.0,0.163,0.18,0.157
kolkata_hooghly,Kolkata,West Bengal,East Coast (Bay of Bengal Delta),22.5726,88.3639,5.0,May 2021 Very Severe Cyclone Yaas,2021-05-22T22:00,0.3,1000.6,6.4,13.7,0.165,0.18,0.157
kolkata_hooghly,Kolkata,West Bengal,East Coast (Bay of Bengal Delta),22.5726,88.3639,5.0,May 2021 Very Severe Cyclone Yaas,2021-05-22T23:00,0.5,1001.0,3.3,11.2,0.171,0.18,0.157
kolkata_hooghly,Kolkata,West Bengal,East Coast (Bay of Bengal Delta),22.5726,88.3639,5.0,May 2021 Very Severe Cyclone Yaas,2021-05-23T00:00,0.3,1001.0,3.7,7.2,0.194,0.179,0.156
kolkata_hooghly,Kolkata,West Bengal,East Coast (Bay of Bengal Delta),22.5726,88.3639,5.0,May 2021 Very Severe Cyclone Yaas,2021-05-23T01:00,0.0,1001.9,1.8,9.7,0.194,0.179,0.156
kolkata_hooghly,Kolkata,West Bengal,East Coast (Bay of Bengal Delta),22.5726,88.3639,5.0,May 2021 Very Severe Cyclone Yaas,2021-05-23T02:00,0.0,1002.5,3.3,13.3,0.194,0.179,0.156
kolkata_hooghly,Kolkata,West Bengal,East Coast (Bay of Bengal Delta),22.5726,88.3639,5.0,May 2021 Very Severe Cyclone Yaas,2021-05-23T03:00,0.0,1002.7,6.5,19.4,0.193,0.178,0.156
kolkata_hooghly,Kolkata,West Bengal,East Coast (Bay of Bengal Delta),22.5726,88.3639,5.0,May 2021 Very Severe Cyclone Yaas,2021-05-23T04:00,0.1,1002.6,8.2,23.8,0.193,0.178,0.156
kolkata_hooghly,Kolkata,West Bengal,East Coast (Bay of Bengal Delta),22.5726,88.3639,5.0,May 2021 Very Severe Cyclone Yaas,2021-05-23T05:00,0.1,1002.2,6.9,23.8,0.192,0.178,0.156
kolkata_hooghly,Kolkata,West Bengal,East Coast (Bay of Bengal Delta),22.5726,88.3639,5.0,May 2021 Very Severe Cyclone Yaas,2021-05-23T06:00,0.1,1001.6,5.5,22.0,0.191,0.177,0.156
kolkata_hooghly,Kolkata,West Bengal,East Coast (Bay of Bengal Delta),22.5726,88.3639,5.0,May 2021 Very Severe Cyclone Yaas,2021-05-23T07:00,0.0,1000.8,4.1,19.8,0.189,0.177,0.156
kolkata_hooghly,Kolkata,West Bengal,East Coast (Bay of Bengal Delta),22.5726,88.3639,5.0,May 2021 Very Severe Cyclone Yaas,2021-05-23T08:00,0.0,999.7,3.3,18.0,0.188,0.177,0.156
kolkata_hooghly,Kolkata,West Bengal,East Coast (Bay of Bengal Delta),22.5726,88.3639,5.0,May 2021 Very Severe Cyclone Yaas,2021-05-23T09:00,0.0,998.4,4.5,16.6,0.186,0.176,0.156
kolkata_hooghly,Kolkata,West Bengal,East Coast (Bay of Bengal Delta),22.5726,88.3639,5.0,May 2021 Very Severe Cyclone Yaas,2021-05-23T10:00,0.0,997.7,5.4,16.9,0.185,0.176,0.156
kolkata_hooghly,Kolkata,West Bengal,East Coast (Bay of Bengal Delta),22.5726,88.3639,5.0,May 2021 Very Severe Cyclone Yaas,2021-05-23T11:00,0.0,997.5,5.4,16.9,0.184,0.176,0.156
kolkata_hooghly,Kolkata,West Bengal,East Coast (Bay of Bengal Delta),22.5726,88.3639,5.0,May 2021 Very Severe Cyclone Yaas,2021-05-23T12:00,0.0,998.0,6.3,14.8,0.194,0.174,0.154
kolkata_hooghly,Kolkata,West Bengal,East Coast (Bay of Bengal Delta),22.5726,88.3639,5.0,May 2021 Very Severe Cyclone Yaas,2021-05-23T13:00,0.0,999.1,4.3,11.9,0.194,0.174,0.154
kolkata_hooghly,Kolkata,West Bengal,East Coast (Bay of Bengal Delta),22.5726,88.3639,5.0,May 2021 Very Severe Cyclone Yaas,2021-05-23T14:00,0.0,1000.0,1.8,6.5,0.194,0.174,0.154
kolkata_hooghly,Kolkata,West Bengal,East Coast (Bay of Bengal Delta),22.5726,88.3639,5.0,May 2021 Very Severe Cyclone Yaas,2021-05-23T15:00,0.0,1000.6,3.6,5.4,0.194,0.174,0.154
kolkata_hooghly,Kolkata,West Bengal,East Coast (Bay of Bengal Delta),22.5726,88.3639,5.0,May 2021 Very Severe Cyclone Yaas,2021-05-23T16:00,0.0,1001.3,3.1,6.8,0.194,0.174,0.154
kolkata_hooghly,Kolkata,West Bengal,East Coast (Bay of Bengal Delta),22.5726,88.3639,5.0,May 2021 Very Severe Cyclone Yaas,2021-05-23T17:00,0.0,1001.8,3.6,4.3,0.194,0.174,0.154
kolkata_hooghly,Kolkata,West Bengal,East Coast (Bay of Bengal Delta),22.5726,88.3639,5.0,May 2021 Very Severe Cyclone Yaas,2021-05-23T18:00,0.0,1001.5,4.1,5.4,0.194,0.174,0.154
kolkata_hooghly,Kolkata,West Bengal,East Coast (Bay of Bengal Delta),22.5726,88.3639,5.0,May 2021 Very Severe Cyclone Yaas,2021-05-23T19:00,0.0,1001.4,10.8,18.0,0.194,0.174,0.154
kolkata_hooghly,Kolkata,West Bengal,East Coast (Bay of Bengal Delta),22.5726,88.3639,5.0,May 2021 Very Severe Cyclone Yaas,2021-05-23T20:00,0.0,1000.4,10.5,20.2,0.194,0.174,0.154
kolkata_hooghly,Kolkata,West Bengal,East Coast (Bay of Bengal Delta),22.5726,88.3639,5.0,May 2021 Very Severe Cyclone Yaas,2021-05-23T21:00,0.0,999.8,6.8,19.4,0.194,0.174,0.154
kolkata_hooghly,Kolkata,West Bengal,East Coast (Bay of Bengal Delta),22.5726,88.3639,5.0,May 2021 Very Severe Cyclone Yaas,2021-05-23T22:00,0.0,999.8,8.3,14.8,0.194,0.174,0.154
kolkata_hooghly,Kolkata,West Bengal,East Coast (Bay of Bengal Delta),22.5726,88.3639,5.0,May 2021 Very Severe Cyclone Yaas,2021-05-23T23:00,0.0,999.9,7.3,15.1,0.194,0.174,0.154
kolkata_hooghly,Kolkata,West Bengal,East Coast (Bay of Bengal Delta),22.5726,88.3639,5.0,May 2021 Very Severe Cyclone Yaas,2021-05-24T00:00,0.0,1000.2,3.0,15.5,0.196,0.171,0.15
kolkata_hooghly,Kolkata,West Bengal,East Coast (Bay of Bengal Delta),22.5726,88.3639,5.0,May 2021 Very Severe Cyclone Yaas,2021-05-24T01:00,0.0,1000.2,4.1,12.2,0.196,0.171,0.15
kolkata_hooghly,Kolkata,West Bengal,East Coast (Bay of Bengal Delta),22.5726,88.3639,5.0,May 2021 Very Severe Cyclone Yaas,2021-05-24T02:00,0.2,1001.2,10.2,30.2,0.197,0.171,0.15
kolkata_hooghly,Kolkata,West Bengal,East Coast (Bay of Bengal Delta),22.5726,88.3639,5.0,May 2021 Very Severe Cyclone Yaas,2021-05-24T03:00,2.5,1001.7,11.2,36.4,0.226,0.171,0.15
kolkata_hooghly,Kolkata,West Bengal,East Coast (Bay of Bengal Delta),22.5726,88.3639,5.0,May 2021 Very Severe Cyclone Yaas,2021-05-24T04:00,0.1,1001.8,10.0,37.1,0.226,0.171,0.15
kolkata_hooghly,Kolkata,West Bengal,East Coast (Bay of Bengal Delta),22.5726,88.3639,5.0,May 2021 Very Severe Cyclone Yaas,2021-05-24T05:00,0.3,1001.3,10.9,40.0,0.227,0.171,0.15
kolkata_hooghly,Kolkata,West Bengal,East Coast (Bay of Bengal Delta),22.5726,88.3639,5.0,May 2021 Very Severe Cyclone Yaas,2021-05-24T06:00,0.2,1000.7,14.5,43.9,0.227,0.17,0.15
kolkata_hooghly,Kolkata,West Bengal,East Coast (Bay of Bengal Delta),22.5726,88.3639,5.0,May 2021 Very Severe Cyclone Yaas,2021-05-24T07:00,3.3,1000.0,16.2,44.3,0.266,0.17,0.15
kolkata_hooghly,Kolkata,West Bengal,East Coast (Bay of Bengal Delta),22.5726,88.3639,5.0,May 2021 Very Severe Cyclone Yaas,2021-05-24T08:00,0.2,998.9,8.9,33.1,0.266,0.171,0.15
kolkata_hooghly,Kolkata,West Bengal,East Coast (Bay of Bengal Delta),22.5726,88.3639,5.0,May 2021 Very Severe Cyclone Yaas,2021-05-24T09:00,0.1,998.4,10.2,33.5,0.264,0.171,0.15
kolkata_hooghly,Kolkata,West Bengal,East Coast (Bay of Bengal Delta),22.5726,88.3639,5.0,May 2021 Very Severe Cyclone Yaas,2021-05-24T10:00,0.0,998.0,10.1,24.8,0.263,0.171,0.15
kolkata_hooghly,Kolkata,West Bengal,East Coast (Bay of Bengal Delta),22.5726,88.3639,5.0,May 2021 Very Severe Cyclone Yaas,2021-05-24T11:00,0.0,997.7,10.7,24.5,0.261,0.171,0.15
kolkata_hooghly,Kolkata,West Bengal,East Coast (Bay of Bengal Delta),22.5726,88.3639,5.0,May 2021 Very Severe Cyclone Yaas,2021-05-24T12:00,0.2,998.6,7.3,32.8,0.285,0.174,0.153
kolkata_hooghly,Kolkata,West Bengal,East Coast (Bay of Bengal Delta),22.5726,88.3639,5.0,May 2021 Very Severe Cyclone Yaas,2021-05-24T13:00,0.2,999.1,5.9,14.0,0.286,0.174,0.153
kolkata_hooghly,Kolkata,West Bengal,East Coast (Bay of Bengal Delta),22.5726,88.3639,5.0,May 2021 Very Severe Cyclone Yaas,2021-05-24T14:00,0.7,999.5,7.9,35.6,0.291,0.175,0.153
kolkata_hooghly,Kolkata,West Bengal,East Coast (Bay of Bengal Delta),22.5726,88.3639,5.0,May 2021 Very Severe Cyclone Yaas,2021-05-24T15:00,0.3,1000.0,10.8,18.4,0.294,0.175,0.153
kolkata_hooghly,Kolkata,West Bengal,East Coast (Bay of Bengal Delta),22.5726,88.3639,5.0,May 2021 Very Severe Cyclone Yaas,2021-05-24T16:00,0.0,999.7,12.6,22.7,0.293,0.175,0.153
kolkata_hooghly,Kolkata,West Bengal,East Coast (Bay of Bengal Delta),22.5726,88.3639,5.0,May 2021 Very Severe Cyclone Yaas,2021-05-24T17:00,0.0,999.5,12.3,22.3,0.293,0.176,0.153
kolkata_hooghly,Kolkata,West Bengal,East Coast (Bay of Bengal Delta),22.5726,88.3639,5.0,May 2021 Very Severe Cyclone Yaas,2021-05-24T18:00,0.0,999.0,13.8,23.8,0.292,0.176,0.153
kolkata_hooghly,Kolkata,West Bengal,East Coast (Bay of Bengal Delta),22.5726,88.3639,5.0,May 2021 Very Severe Cyclone Yaas,2021-05-24T19:00,0.0,998.5,14.3,25.6,0.291,0.176,0.153
kolkata_hooghly,Kolkata,West Bengal,East Coast (Bay of Bengal Delta),22.5726,88.3639,5.0,May 2021 Very Severe Cyclone Yaas,2021-05-24T20:00,0.0,997.8,16.0,40.7,0.291,0.176,0.153
kolkata_hooghly,Kolkata,West Bengal,East Coast (Bay of Bengal Delta),22.5726,88.3639,5.0,May 2021 Very Severe Cyclone Yaas,2021-05-24T21:00,0.1,997.5,16.8,29.9,0.291,0.177,0.153
kolkata_hooghly,Kolkata,West Bengal,East Coast (Bay of Bengal Delta),22.5726,88.3639,5.0,May 2021 Very Severe Cyclone Yaas,2021-05-24T22:00,0.1,997.3,19.4,33.8,0.291,0.177,0.153
kolkata_hooghly,Kolkata,West Bengal,East Coast (Bay of Bengal Delta),22.5726,88.3639,5.0,May 2021 Very Severe Cyclone Yaas,2021-05-24T23:00,0.1,997.4,19.9,45.7,0.29,0.177,0.153
kolkata_hooghly,Kolkata,West Bengal,East Coast (Bay of Bengal Delta),22.5726,88.3639,5.0,May 2021 Very Severe Cyclone Yaas,2021-05-25T00:00,0.0,996.9,14.4,38.2,0.328,0.178,0.153
kolkata_hooghly,Kolkata,West Bengal,East Coast (Bay of Bengal Delta),22.5726,88.3639,5.0,May 2021 Very Severe Cyclone Yaas,2021-05-25T01:00,0.3,997.3,17.7,41.4,0.329,0.179,0.153
kolkata_hooghly,Kolkata,West Bengal,East Coast (Bay of Bengal Delta),22.5726,88.3639,5.0,May 2021 Very Severe Cyclone Yaas,2021-05-25T02:00,0.5,997.4,17.5,45.4,0.332,0.179,0.153
kolkata_hooghly,Kolkata,West Bengal,East Coast (Bay of Bengal Delta),22.5726,88.3639,5.0,May 2021 Very Severe Cyclone Yaas,2021-05-25T03:00,0.1,997.8,20.7,49.3,0.33,0.18,0.153
kolkata_hooghly,Kolkata,West Bengal,East Coast (Bay of Bengal Delta),22.5726,88.3639,5.0,May 2021 Very Severe Cyclone Yaas,2021-05-25T04:00,0.3,997.4,22.9,58.3,0.329,0.181,0.153
kolkata_hooghly,Kolkata,West Bengal,East Coast (Bay of Bengal Delta),22.5726,88.3639,5.0,May 2021 Very Severe Cyclone Yaas,2021-05-25T05:00,1.7,996.9,27.7,67.3,0.343,0.181,0.153
kolkata_hooghly,Kolkata,West Bengal,East Coast (Bay of Bengal Delta),22.5726,88.3639,5.0,May 2021 Very Severe Cyclone Yaas,2021-05-25T06:00,1.1,996.2,29.8,68.0,0.352,0.182,0.153
kolkata_hooghly,Kolkata,West Bengal,East Coast (Bay of Bengal Delta),22.5726,88.3639,5.0,May 2021 Very Severe Cyclone Yaas,2021-05-25T07:00,0.4,995.2,26.4,57.2,0.351,0.183,0.153
kolkata_hooghly,Kolkata,West Bengal,East Coast (Bay of Bengal Delta),22.5726,88.3639,5.0,May 2021 Very Severe Cyclone Yaas,2021-05-25T08:00,0.1,993.8,27.1,52.2,0.347,0.184,0.153
kolkata_hooghly,Kolkata,West Bengal,East Coast (Bay of Bengal Delta),22.5726,88.3639,5.0,May 2021 Very Severe Cyclone Yaas,2021-05-25T09:00,0.0,992.1,33.6,62.6,0.342,0.185,0.153
kolkata_hooghly,Kolkata,West Bengal,East Coast (Bay of Bengal Delta),22.5726,88.3639,5.0,May 2021 Very Severe Cyclone Yaas,2021-05-25T10:00,0.5,992.2,32.1,78.8,0.342,0.186,0.153
kolkata_hooghly,Kolkata,West Bengal,East Coast (Bay of Bengal Delta),22.5726,88.3639,5.0,May 2021 Very Severe Cyclone Yaas,2021-05-25T11:00,2.1,992.0,27.8,71.6,0.361,0.187,0.153
kolkata_hooghly,Kolkata,West Bengal,East Coast (Bay of Bengal Delta),22.5726,88.3639,5.0,May 2021 Very Severe Cyclone Yaas,2021-05-25T12:00,0.1,993.4,22.1,51.8,0.33,0.187,0.157
kolkata_hooghly,Kolkata,West Bengal,East Coast (Bay of Bengal Delta),22.5726,88.3639,5.0,May 2021 Very Severe Cyclone Yaas,2021-05-25T13:00,0.1,992.9,24.2,42.5,0.328,0.188,0.157
kolkata_hooghly,Kolkata,West Bengal,East Coast (Bay of Bengal Delta),22.5726,88.3639,5.0,May 2021 Very Severe Cyclone Yaas,2021-05-25T14:00,0.0,993.2,28.0,51.1,0.326,0.189,0.157
kolkata_hooghly,Kolkata,West Bengal,East Coast (Bay of Bengal Delta),22.5726,88.3639,5.0,May 2021 Very Severe Cyclone Yaas,2021-05-25T15:00,0.0,994.1,27.9,51.1,0.324,0.189,0.157
kolkata_hooghly,Kolkata,West Bengal,East Coast (Bay of Bengal Delta),22.5726,88.3639,5.0,May 2021 Very Severe Cyclone Yaas,2021-05-25T16:00,0.7,993.9,28.9,67.0,0.329,0.19,0.157
kolkata_hooghly,Kolkata,West Bengal,East Coast (Bay of Bengal Delta),22.5726,88.3639,5.0,May 2021 Very Severe Cyclone Yaas,2021-05-25T17:00,0.9,993.5,28.8,64.8,0.337,0.191,0.157
kolkata_hooghly,Kolkata,West Bengal,East Coast (Bay of Bengal Delta),22.5726,88.3639,5.0,May 2021 Very Severe Cyclone Yaas,2021-05-25T18:00,0.7,992.5,31.4,62.6,0.343,0.191,0.157
kolkata_hooghly,Kolkata,West Bengal,East Coast (Bay of Bengal Delta),22.5726,88.3639,5.0,May 2021 Very Severe Cyclone Yaas,2021-05-25T19:00,0.4,991.4,32.0,61.6,0.344,0.192,0.157
kolkata_hooghly,Kolkata,West Bengal,East Coast (Bay of Bengal Delta),22.5726,88.3639,5.0,May 2021 Very Severe Cyclone Yaas,2021-05-25T20:00,0.2,990.3,32.0,59.0,0.342,0.193,0.157
kolkata_hooghly,Kolkata,West Bengal,East Coast (Bay of Bengal Delta),22.5726,88.3639,5.0,May 2021 Very Severe Cyclone Yaas,2021-05-25T21:00,0.1,989.2,33.8,61.2,0.34,0.194,0.157
kolkata_hooghly,Kolkata,West Bengal,East Coast (Bay of Bengal Delta),22.5726,88.3639,5.0,May 2021 Very Severe Cyclone Yaas,2021-05-25T22:00,0.5,988.6,34.6,62.3,0.341,0.195,0.157
kolkata_hooghly,Kolkata,West Bengal,East Coast (Bay of Bengal Delta),22.5726,88.3639,5.0,May 2021 Very Severe Cyclone Yaas,2021-05-25T23:00,0.4,988.0,34.9,65.5,0.342,0.196,0.158
kolkata_hooghly,Kolkata,West Bengal,East Coast (Bay of Bengal Delta),22.5726,88.3639,5.0,May 2021 Very Severe Cyclone Yaas,2021-05-26T00:00,0.1,989.3,36.8,68.0,0.338,0.195,0.157
kolkata_hooghly,Kolkata,West Bengal,East Coast (Bay of Bengal Delta),22.5726,88.3639,5.0,May 2021 Very Severe Cyclone Yaas,2021-05-26T01:00,1.4,989.3,39.5,76.0,0.353,0.196,0.157
kolkata_hooghly,Kolkata,West Bengal,East Coast (Bay of Bengal Delta),22.5726,88.3639,5.0,May 2021 Very Severe Cyclone Yaas,2021-05-26T02:00,1.2,989.9,36.8,75.6,0.362,0.197,0.157
kolkata_hooghly,Kolkata,West Bengal,East Coast (Bay of Bengal Delta),22.5726,88.3639,5.0,May 2021 Very Severe Cyclone Yaas,2021-05-26T03:00,0.5,990.5,31.3,68.0,0.363,0.198,0.157
kolkata_hooghly,Kolkata,West Bengal,East Coast (Bay of Bengal Delta),22.5726,88.3639,5.0,May 2021 Very Severe Cyclone Yaas,2021-05-26T04:00,0.3,990.9,30.1,65.2,0.361,0.2,0.157
kolkata_hooghly,Kolkata,West Bengal,East Coast (Bay of Bengal Delta),22.5726,88.3639,5.0,May 2021 Very Severe Cyclone Yaas,2021-05-26T05:00,0.1,990.6,34.7,61.9,0.357,0.201,0.157
kolkata_hooghly,Kolkata,West Bengal,East Coast (Bay of Bengal Delta),22.5726,88.3639,5.0,May 2021 Very Severe Cyclone Yaas,2021-05-26T06:00,0.1,990.5,39.6,76.3,0.353,0.202,0.157
kolkata_hooghly,Kolkata,West Bengal,East Coast (Bay of Bengal Delta),22.5726,88.3639,5.0,May 2021 Very Severe Cyclone Yaas,2021-05-26T07:00,1.2,990.3,36.1,70.6,0.358,0.203,0.157
kolkata_hooghly,Kolkata,West Bengal,East Coast (Bay of Bengal Delta),22.5726,88.3639,5.0,May 2021 Very Severe Cyclone Yaas,2021-05-26T08:00,0.6,989.7,29.5,65.9,0.358,0.204,0.157
kolkata_hooghly,Kolkata,West Bengal,East Coast (Bay of Bengal Delta),22.5726,88.3639,5.0,May 2021 Very Severe Cyclone Yaas,2021-05-26T09:00,1.1,989.4,31.9,61.2,0.364,0.205,0.157
kolkata_hooghly,Kolkata,West Bengal,East Coast (Bay of Bengal Delta),22.5726,88.3639,5.0,May 2021 Very Severe Cyclone Yaas,2021-05-26T10:00,1.1,989.3,28.2,57.6,0.369,0.207,0.157
kolkata_hooghly,Kolkata,West Bengal,East Coast (Bay of Bengal Delta),22.5726,88.3639,5.0,May 2021 Very Severe Cyclone Yaas,2021-05-26T11:00,1.4,989.5,28.6,60.5,0.38,0.209,0.157
kolkata_hooghly,Kolkata,West Bengal,East Coast (Bay of Bengal Delta),22.5726,88.3639,5.0,May 2021 Very Severe Cyclone Yaas,2021-05-26T12:00,0.1,990.7,27.5,51.1,0.392,0.243,0.153
kolkata_hooghly,Kolkata,West Bengal,East Coast (Bay of Bengal Delta),22.5726,88.3639,5.0,May 2021 Very Severe Cyclone Yaas,2021-05-26T13:00,0.3,991.8,25.9,56.2,0.387,0.246,0.153
kolkata_hooghly,Kolkata,West Bengal,East Coast (Bay of Bengal Delta),22.5726,88.3639,5.0,May 2021 Very Severe Cyclone Yaas,2021-05-26T14:00,0.2,992.8,25.2,46.4,0.383,0.247,0.153
kolkata_hooghly,Kolkata,West Bengal,East Coast (Bay of Bengal Delta),22.5726,88.3639,5.0,May 2021 Very Severe Cyclone Yaas,2021-05-26T15:00,0.1,993.9,23.9,52.2,0.378,0.249,0.153
kolkata_hooghly,Kolkata,West Bengal,East Coast (Bay of Bengal Delta),22.5726,88.3639,5.0,May 2021 Very Severe Cyclone Yaas,2021-05-26T16:00,0.2,994.6,25.7,51.8,0.376,0.251,0.153
kolkata_hooghly,Kolkata,West Bengal,East Coast (Bay of Bengal Delta),22.5726,88.3639,5.0,May 2021 Very Severe Cyclone Yaas,2021-05-26T17:00,0.3,994.8,24.0,54.4,0.374,0.252,0.153
kolkata_hooghly,Kolkata,West Bengal,East Coast (Bay of Bengal Delta),22.5726,88.3639,5.0,May 2021 Very Severe Cyclone Yaas,2021-05-26T18:00,0.0,994.1,23.3,44.3,0.37,0.253,0.153
kolkata_hooghly,Kolkata,West Bengal,East Coast (Bay of Bengal Delta),22.5726,88.3639,5.0,May 2021 Very Severe Cyclone Yaas,2021-05-26T19:00,1.6,993.9,28.7,58.7,0.385,0.254,0.153
kolkata_hooghly,Kolkata,West Bengal,East Coast (Bay of Bengal Delta),22.5726,88.3639,5.0,May 2021 Very Severe Cyclone Yaas,2021-05-26T20:00,1.1,993.1,27.1,60.8,0.393,0.257,0.153
kolkata_hooghly,Kolkata,West Bengal,East Coast (Bay of Bengal Delta),22.5726,88.3639,5.0,May 2021 Very Severe Cyclone Yaas,2021-05-26T21:00,0.8,993.0,29.3,62.6,0.396,0.259,0.153
kolkata_hooghly,Kolkata,West Bengal,East Coast (Bay of Bengal Delta),22.5726,88.3639,5.0,May 2021 Very Severe Cyclone Yaas,2021-05-26T22:00,0.7,993.1,31.1,64.1,0.397,0.262,0.153
kolkata_hooghly,Kolkata,West Bengal,East Coast (Bay of Bengal Delta),22.5726,88.3639,5.0,May 2021 Very Severe Cyclone Yaas,2021-05-26T23:00,0.2,993.5,27.5,63.4,0.391,0.264,0.153
kolkata_hooghly,Kolkata,West Bengal,East Coast (Bay of Bengal Delta),22.5726,88.3639,5.0,May 2021 Very Severe Cyclone Yaas,2021-05-27T00:00,0.1,993.4,27.2,50.4,0.396,0.274,0.154
kolkata_hooghly,Kolkata,West Bengal,East Coast (Bay of Bengal Delta),22.5726,88.3639,5.0,May 2021 Very Severe Cyclone Yaas,2021-05-27T01:00,0.7,994.6,30.6,66.2,0.395,0.277,0.154
kolkata_hooghly,Kolkata,West Bengal,East Coast (Bay of Bengal Delta),22.5726,88.3639,5.0,May 2021 Very Severe Cyclone Yaas,2021-05-27T02:00,0.4,995.3,28.4,59.0,0.392,0.279,0.154
kolkata_hooghly,Kolkata,West Bengal,East Coast (Bay of Bengal Delta),22.5726,88.3639,5.0,May 2021 Very Severe Cyclone Yaas,2021-05-27T03:00,0.4,996.0,24.0,59.4,0.389,0.28,0.154
kolkata_hooghly,Kolkata,West Bengal,East Coast (Bay of Bengal Delta),22.5726,88.3639,5.0,May 2021 Very Severe Cyclone Yaas,2021-05-27T04:00,0.2,996.5,28.0,68.0,0.385,0.282,0.154
kolkata_hooghly,Kolkata,West Bengal,East Coast (Bay of Bengal Delta),22.5726,88.3639,5.0,May 2021 Very Severe Cyclone Yaas,2021-05-27T05:00,0.3,996.7,31.7,74.5,0.381,0.282,0.154
kolkata_hooghly,Kolkata,West Bengal,East Coast (Bay of Bengal Delta),22.5726,88.3639,5.0,May 2021 Very Severe Cyclone Yaas,2021-05-27T06:00,0.3,996.9,26.0,72.0,0.377,0.283,0.154
kolkata_hooghly,Kolkata,West Bengal,East Coast (Bay of Bengal Delta),22.5726,88.3639,5.0,May 2021 Very Severe Cyclone Yaas,2021-05-27T07:00,0.7,996.5,29.3,64.1,0.378,0.283,0.154
kolkata_hooghly,Kolkata,West Bengal,East Coast (Bay of Bengal Delta),22.5726,88.3639,5.0,May 2021 Very Severe Cyclone Yaas,2021-05-27T08:00,1.9,996.1,28.1,61.6,0.393,0.285,0.154
kolkata_hooghly,Kolkata,West Bengal,East Coast (Bay of Bengal Delta),22.5726,88.3639,5.0,May 2021 Very Severe Cyclone Yaas,2021-05-27T09:00,3.8,996.3,26.1,60.5,0.428,0.288,0.154
kolkata_hooghly,Kolkata,West Bengal,East Coast (Bay of Bengal Delta),22.5726,88.3639,5.0,May 2021 Very Severe Cyclone Yaas,2021-05-27T10:00,1.7,995.9,26.0,49.0,0.423,0.297,0.154
kolkata_hooghly,Kolkata,West Bengal,East Coast (Bay of Bengal Delta),22.5726,88.3639,5.0,May 2021 Very Severe Cyclone Yaas,2021-05-27T11:00,0.8,996.3,27.6,50.8,0.416,0.302,0.154
kolkata_hooghly,Kolkata,West Bengal,East Coast (Bay of Bengal Delta),22.5726,88.3639,5.0,May 2021 Very Severe Cyclone Yaas,2021-05-27T12:00,2.6,997.3,25.1,49.7,0.407,0.314,0.155
kolkata_hooghly,Kolkata,West Bengal,East Coast (Bay of Bengal Delta),22.5726,88.3639,5.0,May 2021 Very Severe Cyclone Yaas,2021-05-27T13:00,0.7,998.0,22.7,46.1,0.408,0.316,0.155
kolkata_hooghly,Kolkata,West Bengal,East Coast (Bay of Bengal Delta),22.5726,88.3639,5.0,May 2021 Very Severe Cyclone Yaas,2021-05-27T14:00,0.1,998.8,22.3,42.1,0.402,0.319,0.155
kolkata_hooghly,Kolkata,West Bengal,East Coast (Bay of Bengal Delta),22.5726,88.3639,5.0,May 2021 Very Severe Cyclone Yaas,2021-05-27T15:00,0.0,999.7,19.5,40.0,0.397,0.32,0.155
kolkata_hooghly,Kolkata,West Bengal,East Coast (Bay of Bengal Delta),22.5726,88.3639,5.0,May 2021 Very Severe Cyclone Yaas,2021-05-27T16:00,0.1,1000.3,19.0,36.7,0.393,0.321,0.156
kolkata_hooghly,Kolkata,West Bengal,East Coast (Bay of Bengal Delta),22.5726,88.3639,5.0,May 2021 Very Severe Cyclone Yaas,2021-05-27T17:00,0.0,1000.9,20.2,35.6,0.39,0.322,0.156
kolkata_hooghly,Kolkata,West Bengal,East Coast (Bay of Bengal Delta),22.5726,88.3639,5.0,May 2021 Very Severe Cyclone Yaas,2021-05-27T18:00,0.6,1000.7,21.6,38.2,0.393,0.323,0.156
kolkata_hooghly,Kolkata,West Bengal,East Coast (Bay of Bengal Delta),22.5726,88.3639,5.0,May 2021 Very Severe Cyclone Yaas,2021-05-27T19:00,0.6,1000.7,17.4,38.2,0.397,0.325,0.156
kolkata_hooghly,Kolkata,West Bengal,East Coast (Bay of Bengal Delta),22.5726,88.3639,5.0,May 2021 Very Severe Cyclone Yaas,2021-05-27T20:00,0.0,1000.3,17.6,31.0,0.393,0.326,0.156
kolkata_hooghly,Kolkata,West Bengal,East Coast (Bay of Bengal Delta),22.5726,88.3639,5.0,May 2021 Very Severe Cyclone Yaas,2021-05-27T21:00,0.0,999.8,17.2,31.7,0.389,0.327,0.156
kolkata_hooghly,Kolkata,West Bengal,East Coast (Bay of Bengal Delta),22.5726,88.3639,5.0,May 2021 Very Severe Cyclone Yaas,2021-05-27T22:00,0.0,1000.1,16.1,30.2,0.386,0.327,0.156
kolkata_hooghly,Kolkata,West Bengal,East Coast (Bay of Bengal Delta),22.5726,88.3639,5.0,May 2021 Very Severe Cyclone Yaas,2021-05-27T23:00,0.0,1000.7,15.4,28.8,0.383,0.328,0.156
kolkata_hooghly,Kolkata,West Bengal,East Coast (Bay of Bengal Delta),22.5726,88.3639,5.0,May 2021 Very Severe Cyclone Yaas,2021-05-28T00:00,0.0,1001.3,15.6,27.7,0.375,0.331,0.156
kolkata_hooghly,Kolkata,West Bengal,East Coast (Bay of Bengal Delta),22.5726,88.3639,5.0,May 2021 Very Severe Cyclone Yaas,2021-05-28T01:00,0.3,1002.1,17.7,31.3,0.376,0.331,0.156
kolkata_hooghly,Kolkata,West Bengal,East Coast (Bay of Bengal Delta),22.5726,88.3639,5.0,May 2021 Very Severe Cyclone Yaas,2021-05-28T02:00,0.1,1002.8,19.3,33.5,0.375,0.331,0.156
kolkata_hooghly,Kolkata,West Bengal,East Coast (Bay of Bengal Delta),22.5726,88.3639,5.0,May 2021 Very Severe Cyclone Yaas,2021-05-28T03:00,0.0,1003.3,24.4,45.4,0.373,0.331,0.157
kolkata_hooghly,Kolkata,West Bengal,East Coast (Bay of Bengal Delta),22.5726,88.3639,5.0,May 2021 Very Severe Cyclone Yaas,2021-05-28T04:00,0.0,1003.8,23.4,46.8,0.369,0.331,0.157
kolkata_hooghly,Kolkata,West Bengal,East Coast (Bay of Bengal Delta),22.5726,88.3639,5.0,May 2021 Very Severe Cyclone Yaas,2021-05-28T05:00,0.0,1003.7,22.7,46.8,0.365,0.33,0.157
kolkata_hooghly,Kolkata,West Bengal,East Coast (Bay of Bengal Delta),22.5726,88.3639,5.0,May 2021 Very Severe Cyclone Yaas,2021-05-28T06:00,0.0,1003.2,22.9,45.7,0.361,0.329,0.157
kolkata_hooghly,Kolkata,West Bengal,East Coast (Bay of Bengal Delta),22.5726,88.3639,5.0,May 2021 Very Severe Cyclone Yaas,2021-05-28T07:00,0.0,1002.6,23.1,45.0,0.357,0.328,0.157
kolkata_hooghly,Kolkata,West Bengal,East Coast (Bay of Bengal Delta),22.5726,88.3639,5.0,May 2021 Very Severe Cyclone Yaas,2021-05-28T08:00,0.0,1002.0,23.0,45.4,0.352,0.326,0.157
kolkata_hooghly,Kolkata,West Bengal,East Coast (Bay of Bengal Delta),22.5726,88.3639,5.0,May 2021 Very Severe Cyclone Yaas,2021-05-28T09:00,0.0,1001.4,22.6,44.6,0.349,0.325,0.157
kolkata_hooghly,Kolkata,West Bengal,East Coast (Bay of Bengal Delta),22.5726,88.3639,5.0,May 2021 Very Severe Cyclone Yaas,2021-05-28T10:00,0.0,1001.0,20.8,43.2,0.345,0.324,0.157
kolkata_hooghly,Kolkata,West Bengal,East Coast (Bay of Bengal Delta),22.5726,88.3639,5.0,May 2021 Very Severe Cyclone Yaas,2021-05-28T11:00,0.0,1000.9,18.4,39.2,0.343,0.324,0.157
kolkata_hooghly,Kolkata,West Bengal,East Coast (Bay of Bengal Delta),22.5726,88.3639,5.0,May 2021 Very Severe Cyclone Yaas,2021-05-28T12:00,0.0,1001.8,13.8,33.5,0.341,0.324,0.157
kolkata_hooghly,Kolkata,West Bengal,East Coast (Bay of Bengal Delta),22.5726,88.3639,5.0,May 2021 Very Severe Cyclone Yaas,2021-05-28T13:00,0.0,1002.5,14.1,25.2,0.34,0.324,0.157
kolkata_hooghly,Kolkata,West Bengal,East Coast (Bay of Bengal Delta),22.5726,88.3639,5.0,May 2021 Very Severe Cyclone Yaas,2021-05-28T14:00,0.0,1003.5,13.7,25.2,0.34,0.324,0.157
kolkata_hooghly,Kolkata,West Bengal,East Coast (Bay of Bengal Delta),22.5726,88.3639,5.0,May 2021 Very Severe Cyclone Yaas,2021-05-28T15:00,0.1,1004.1,13.7,24.5,0.34,0.323,0.157
kolkata_hooghly,Kolkata,West Bengal,East Coast (Bay of Bengal Delta),22.5726,88.3639,5.0,May 2021 Very Severe Cyclone Yaas,2021-05-28T16:00,0.0,1004.6,13.4,24.8,0.34,0.323,0.157
kolkata_hooghly,Kolkata,West Bengal,East Coast (Bay of Bengal Delta),22.5726,88.3639,5.0,May 2021 Very Severe Cyclone Yaas,2021-05-28T17:00,0.1,1004.7,11.6,24.1,0.34,0.323,0.157
kolkata_hooghly,Kolkata,West Bengal,East Coast (Bay of Bengal Delta),22.5726,88.3639,5.0,May 2021 Very Severe Cyclone Yaas,2021-05-28T18:00,0.1,1004.5,10.6,20.5,0.34,0.323,0.157
kolkata_hooghly,Kolkata,West Bengal,East Coast (Bay of Bengal Delta),22.5726,88.3639,5.0,May 2021 Very Severe Cyclone Yaas,2021-05-28T19:00,0.0,1004.1,10.0,18.7,0.34,0.323,0.157
kolkata_hooghly,Kolkata,West Bengal,East Coast (Bay of Bengal Delta),22.5726,88.3639,5.0,May 2021 Very Severe Cyclone Yaas,2021-05-28T20:00,0.0,1003.8,9.7,17.3,0.34,0.323,0.157
kolkata_hooghly,Kolkata,West Bengal,East Coast (Bay of Bengal Delta),22.5726,88.3639,5.0,May 2021 Very Severe Cyclone Yaas,2021-05-28T21:00,0.0,1003.3,10.5,18.4,0.339,0.323,0.157
kolkata_hooghly,Kolkata,West Bengal,East Coast (Bay of Bengal Delta),22.5726,88.3639,5.0,May 2021 Very Severe Cyclone Yaas,2021-05-28T22:00,0.0,1003.4,8.9,18.4,0.339,0.323,0.157
kolkata_hooghly,Kolkata,West Bengal,East Coast (Bay of Bengal Delta),22.5726,88.3639,5.0,May 2021 Very Severe Cyclone Yaas,2021-05-28T23:00,0.0,1003.6,8.0,15.8,0.339,0.323,0.157
kolkata_hooghly,Kolkata,West Bengal,East Coast (Bay of Bengal Delta),22.5726,88.3639,5.0,May 2021 Very Severe Cyclone Yaas,2021-05-29T00:00,0.0,1004.1,10.2,14.8,0.341,0.324,0.158
kolkata_hooghly,Kolkata,West Bengal,East Coast (Bay of Bengal Delta),22.5726,88.3639,5.0,May 2021 Very Severe Cyclone Yaas,2021-05-29T01:00,0.1,1004.7,11.6,23.0,0.341,0.324,0.158
kolkata_hooghly,Kolkata,West Bengal,East Coast (Bay of Bengal Delta),22.5726,88.3639,5.0,May 2021 Very Severe Cyclone Yaas,2021-05-29T02:00,0.1,1005.2,12.4,25.2,0.34,0.323,0.158
kolkata_hooghly,Kolkata,West Bengal,East Coast (Bay of Bengal Delta),22.5726,88.3639,5.0,May 2021 Very Severe Cyclone Yaas,2021-05-29T03:00,0.0,1005.5,13.5,27.0,0.339,0.323,0.159
kolkata_hooghly,Kolkata,West Bengal,East Coast (Bay of Bengal Delta),22.5726,88.3639,5.0,May 2021 Very Severe Cyclone Yaas,2021-05-29T04:00,0.0,1005.5,12.8,27.4,0.338,0.323,0.159
kolkata_hooghly,Kolkata,West Bengal,East Coast (Bay of Bengal Delta),22.5726,88.3639,5.0,May 2021 Very Severe Cyclone Yaas,2021-05-29T05:00,0.0,1005.1,13.4,29.2,0.336,0.322,0.159
kolkata_hooghly,Kolkata,West Bengal,East Coast (Bay of Bengal Delta),22.5726,88.3639,5.0,May 2021 Very Severe Cyclone Yaas,2021-05-29T06:00,0.1,1004.5,13.0,29.5,0.334,0.321,0.159
kolkata_hooghly,Kolkata,West Bengal,East Coast (Bay of Bengal Delta),22.5726,88.3639,5.0,May 2021 Very Severe Cyclone Yaas,2021-05-29T07:00,0.0,1003.7,13.6,29.9,0.332,0.32,0.159
kolkata_hooghly,Kolkata,West Bengal,East Coast (Bay of Bengal Delta),22.5726,88.3639,5.0,May 2021 Very Severe Cyclone Yaas,2021-05-29T08:00,0.0,1002.8,12.6,29.2,0.329,0.319,0.159
kolkata_hooghly,Kolkata,West Bengal,East Coast (Bay of Bengal Delta),22.5726,88.3639,5.0,May 2021 Very Severe Cyclone Yaas,2021-05-29T09:00,0.0,1001.9,12.8,30.2,0.327,0.318,0.159
kolkata_hooghly,Kolkata,West Bengal,East Coast (Bay of Bengal Delta),22.5726,88.3639,5.0,May 2021 Very Severe Cyclone Yaas,2021-05-29T10:00,0.1,1001.4,10.1,27.7,0.326,0.317,0.159
kolkata_hooghly,Kolkata,West Bengal,East Coast (Bay of Bengal Delta),22.5726,88.3639,5.0,May 2021 Very Severe Cyclone Yaas,2021-05-29T11:00,0.2,1001.4,7.6,22.0,0.326,0.317,0.159
kolkata_hooghly,Kolkata,West Bengal,East Coast (Bay of Bengal Delta),22.5726,88.3639,5.0,May 2021 Very Severe Cyclone Yaas,2021-05-29T12:00,0.1,1001.5,11.5,15.5,0.328,0.315,0.158
kolkata_hooghly,Kolkata,West Bengal,East Coast (Bay of Bengal Delta),22.5726,88.3639,5.0,May 2021 Very Severe Cyclone Yaas,2021-05-29T13:00,0.0,1002.1,14.3,25.6,0.328,0.314,0.158
kolkata_hooghly,Kolkata,West Bengal,East Coast (Bay of Bengal Delta),22.5726,88.3639,5.0,May 2021 Very Severe Cyclone Yaas,2021-05-29T14:00,0.0,1002.9,14.4,25.9,0.327,0.314,0.158
kolkata_hooghly,Kolkata,West Bengal,East Coast (Bay of Bengal Delta),22.5726,88.3639,5.0,May 2021 Very Severe Cyclone Yaas,2021-05-29T15:00,0.0,1003.4,14.0,25.6,0.327,0.314,0.158
kolkata_hooghly,Kolkata,West Bengal,East Coast (Bay of Bengal Delta),22.5726,88.3639,5.0,May 2021 Very Severe Cyclone Yaas,2021-05-29T16:00,0.0,1004.1,14.4,25.9,0.327,0.314,0.159
kolkata_hooghly,Kolkata,West Bengal,East Coast (Bay of Bengal Delta),22.5726,88.3639,5.0,May 2021 Very Severe Cyclone Yaas,2021-05-29T17:00,0.0,1004.3,13.1,25.9,0.326,0.314,0.159
kolkata_hooghly,Kolkata,West Bengal,East Coast (Bay of Bengal Delta),22.5726,88.3639,5.0,May 2021 Very Severe Cyclone Yaas,2021-05-29T18:00,0.0,1004.0,12.8,23.4,0.326,0.314,0.159
kolkata_hooghly,Kolkata,West Bengal,East Coast (Bay of Bengal Delta),22.5726,88.3639,5.0,May 2021 Very Severe Cyclone Yaas,2021-05-29T19:00,0.0,1003.6,12.7,23.4,0.326,0.314,0.159
kolkata_hooghly,Kolkata,West Bengal,East Coast (Bay of Bengal Delta),22.5726,88.3639,5.0,May 2021 Very Severe Cyclone Yaas,2021-05-29T20:00,0.0,1003.3,10.7,22.3,0.325,0.314,0.159
kolkata_hooghly,Kolkata,West Bengal,East Coast (Bay of Bengal Delta),22.5726,88.3639,5.0,May 2021 Very Severe Cyclone Yaas,2021-05-29T21:00,0.0,1003.0,11.0,19.4,0.325,0.313,0.159
kolkata_hooghly,Kolkata,West Bengal,East Coast (Bay of Bengal Delta),22.5726,88.3639,5.0,May 2021 Very Severe Cyclone Yaas,2021-05-29T22:00,0.0,1002.6,11.2,20.2,0.325,0.313,0.159
kolkata_hooghly,Kolkata,West Bengal,East Coast (Bay of Bengal Delta),22.5726,88.3639,5.0,May 2021 Very Severe Cyclone Yaas,2021-05-29T23:00,0.0,1002.6,9.0,19.8,0.325,0.313,0.159
kolkata_hooghly,Kolkata,West Bengal,East Coast (Bay of Bengal Delta),22.5726,88.3639,5.0,May 2021 Very Severe Cyclone Yaas,2021-05-30T00:00,0.0,1002.8,8.8,15.8,0.324,0.313,0.159
kolkata_hooghly,Kolkata,West Bengal,East Coast (Bay of Bengal Delta),22.5726,88.3639,5.0,May 2021 Very Severe Cyclone Yaas,2021-05-30T01:00,0.0,1003.4,8.9,18.0,0.324,0.313,0.159
kolkata_hooghly,Kolkata,West Bengal,East Coast (Bay of Bengal Delta),22.5726,88.3639,5.0,May 2021 Very Severe Cyclone Yaas,2021-05-30T02:00,0.1,1003.7,15.9,30.6,0.324,0.312,0.159
kolkata_hooghly,Kolkata,West Bengal,East Coast (Bay of Bengal Delta),22.5726,88.3639,5.0,May 2021 Very Severe Cyclone Yaas,2021-05-30T03:00,0.1,1003.8,15.8,31.3,0.323,0.312,0.159
kolkata_hooghly,Kolkata,West Bengal,East Coast (Bay of Bengal Delta),22.5726,88.3639,5.0,May 2021 Very Severe Cyclone Yaas,2021-05-30T04:00,0.2,1004.1,13.2,32.0,0.323,0.311,0.159
kolkata_hooghly,Kolkata,West Bengal,East Coast (Bay of Bengal Delta),22.5726,88.3639,5.0,May 2021 Very Severe Cyclone Yaas,2021-05-30T05:00,0.1,1003.4,13.9,29.9,0.322,0.31,0.159
kolkata_hooghly,Kolkata,West Bengal,East Coast (Bay of Bengal Delta),22.5726,88.3639,5.0,May 2021 Very Severe Cyclone Yaas,2021-05-30T06:00,0.6,1002.9,13.7,33.1,0.326,0.31,0.159
kolkata_hooghly,Kolkata,West Bengal,East Coast (Bay of Bengal Delta),22.5726,88.3639,5.0,May 2021 Very Severe Cyclone Yaas,2021-05-30T07:00,0.5,1002.4,15.0,33.1,0.328,0.309,0.159
kolkata_hooghly,Kolkata,West Bengal,East Coast (Bay of Bengal Delta),22.5726,88.3639,5.0,May 2021 Very Severe Cyclone Yaas,2021-05-30T08:00,0.1,1001.2,16.8,34.9,0.327,0.309,0.159
kolkata_hooghly,Kolkata,West Bengal,East Coast (Bay of Bengal Delta),22.5726,88.3639,5.0,May 2021 Very Severe Cyclone Yaas,2021-05-30T09:00,0.0,1000.2,17.1,33.1,0.326,0.308,0.159
kolkata_hooghly,Kolkata,West Bengal,East Coast (Bay of Bengal Delta),22.5726,88.3639,5.0,May 2021 Very Severe Cyclone Yaas,2021-05-30T10:00,0.1,999.5,18.6,36.7,0.324,0.307,0.16
kolkata_hooghly,Kolkata,West Bengal,East Coast (Bay of Bengal Delta),22.5726,88.3639,5.0,May 2021 Very Severe Cyclone Yaas,2021-05-30T11:00,0.0,999.1,16.6,36.0,0.323,0.307,0.16
kolkata_hooghly,Kolkata,West Bengal,East Coast (Bay of Bengal Delta),22.5726,88.3639,5.0,May 2021 Very Severe Cyclone Yaas,2021-05-30T12:00,0.0,999.6,13.1,31.0,0.385,0.313,0.159
kolkata_hooghly,Kolkata,West Bengal,East Coast (Bay of Bengal Delta),22.5726,88.3639,5.0,May 2021 Very Severe Cyclone Yaas,2021-05-30T13:00,0.0,999.9,14.6,25.9,0.382,0.314,0.159
kolkata_hooghly,Kolkata,West Bengal,East Coast (Bay of Bengal Delta),22.5726,88.3639,5.0,May 2021 Very Severe Cyclone Yaas,2021-05-30T14:00,0.0,1001.0,14.8,26.6,0.379,0.314,0.159
kolkata_hooghly,Kolkata,West Bengal,East Coast (Bay of Bengal Delta),22.5726,88.3639,5.0,May 2021 Very Severe Cyclone Yaas,2021-05-30T15:00,0.0,1001.1,17.7,31.0,0.376,0.315,0.159
kolkata_hooghly,Kolkata,West Bengal,East Coast (Bay of Bengal Delta),22.5726,88.3639,5.0,May 2021 Very Severe Cyclone Yaas,2021-05-30T16:00,0.0,1001.1,17.6,35.3,0.374,0.316,0.159
kolkata_hooghly,Kolkata,West Bengal,East Coast (Bay of Bengal Delta),22.5726,88.3639,5.0,May 2021 Very Severe Cyclone Yaas,2021-05-30T17:00,0.0,1002.0,16.2,31.7,0.372,0.316,0.159
kolkata_hooghly,Kolkata,West Bengal,East Coast (Bay of Bengal Delta),22.5726,88.3639,5.0,May 2021 Very Severe Cyclone Yaas,2021-05-30T18:00,0.0,1001.1,18.4,32.8,0.37,0.316,0.159
kolkata_hooghly,Kolkata,West Bengal,East Coast (Bay of Bengal Delta),22.5726,88.3639,5.0,May 2021 Very Severe Cyclone Yaas,2021-05-30T19:00,0.1,1000.3,20.1,36.4,0.369,0.317,0.159
kolkata_hooghly,Kolkata,West Bengal,East Coast (Bay of Bengal Delta),22.5726,88.3639,5.0,May 2021 Very Severe Cyclone Yaas,2021-05-30T20:00,0.5,999.9,17.6,36.7,0.371,0.317,0.159
kolkata_hooghly,Kolkata,West Bengal,East Coast (Bay of Bengal Delta),22.5726,88.3639,5.0,May 2021 Very Severe Cyclone Yaas,2021-05-30T21:00,0.5,999.3,17.8,32.4,0.373,0.318,0.159
kolkata_hooghly,Kolkata,West Bengal,East Coast (Bay of Bengal Delta),22.5726,88.3639,5.0,May 2021 Very Severe Cyclone Yaas,2021-05-30T22:00,0.1,999.4,15.6,32.4,0.373,0.318,0.159
kolkata_hooghly,Kolkata,West Bengal,East Coast (Bay of Bengal Delta),22.5726,88.3639,5.0,May 2021 Very Severe Cyclone Yaas,2021-05-30T23:00,0.0,999.5,15.0,28.4,0.371,0.319,0.159
kolkata_hooghly,Kolkata,West Bengal,East Coast (Bay of Bengal Delta),22.5726,88.3639,5.0,May 2021 Very Severe Cyclone Yaas,2021-05-31T00:00,0.0,1000.1,14.2,26.6,0.361,0.318,0.159
kolkata_hooghly,Kolkata,West Bengal,East Coast (Bay of Bengal Delta),22.5726,88.3639,5.0,May 2021 Very Severe Cyclone Yaas,2021-05-31T01:00,4.7,1000.9,12.6,26.6,0.421,0.319,0.159
kolkata_hooghly,Kolkata,West Bengal,East Coast (Bay of Bengal Delta),22.5726,88.3639,5.0,May 2021 Very Severe Cyclone Yaas,2021-05-31T02:00,1.2,1000.9,12.8,24.5,0.419,0.325,0.159
kolkata_hooghly,Kolkata,West Bengal,East Coast (Bay of Bengal Delta),22.5726,88.3639,5.0,May 2021 Very Severe Cyclone Yaas,2021-05-31T03:00,0.4,1001.1,17.9,33.5,0.411,0.328,0.159
kolkata_hooghly,Kolkata,West Bengal,East Coast (Bay of Bengal Delta),22.5726,88.3639,5.0,May 2021 Very Severe Cyclone Yaas,2021-05-31T04:00,0.2,1001.2,17.3,36.7,0.405,0.33,0.16
kolkata_hooghly,Kolkata,West Bengal,East Coast (Bay of Bengal Delta),22.5726,88.3639,5.0,May 2021 Very Severe Cyclone Yaas,2021-05-31T05:00,7.4,1000.9,14.9,38.5,0.439,0.348,0.16
kolkata_hooghly,Kolkata,West Bengal,East Coast (Bay of Bengal Delta),22.5726,88.3639,5.0,May 2021 Very Severe Cyclone Yaas,2021-05-31T06:00,2.7,1000.3,17.9,33.8,0.423,0.364,0.16
kolkata_hooghly,Kolkata,West Bengal,East Coast (Bay of Bengal Delta),22.5726,88.3639,5.0,May 2021 Very Severe Cyclone Yaas,2021-05-31T07:00,0.0,999.3,19.0,38.5,0.414,0.366,0.16
kolkata_hooghly,Kolkata,West Bengal,East Coast (Bay of Bengal Delta),22.5726,88.3639,5.0,May 2021 Very Severe Cyclone Yaas,2021-05-31T08:00,1.8,998.4,18.8,36.7,0.426,0.367,0.16
kolkata_hooghly,Kolkata,West Bengal,East Coast (Bay of Bengal Delta),22.5726,88.3639,5.0,May 2021 Very Severe Cyclone Yaas,2021-05-31T09:00,3.6,997.5,12.7,34.6,0.434,0.379,0.16
kolkata_hooghly,Kolkata,West Bengal,East Coast (Bay of Bengal Delta),22.5726,88.3639,5.0,May 2021 Very Severe Cyclone Yaas,2021-05-31T10:00,0.7,996.9,10.9,23.8,0.425,0.384,0.161
kolkata_hooghly,Kolkata,West Bengal,East Coast (Bay of Bengal Delta),22.5726,88.3639,5.0,May 2021 Very Severe Cyclone Yaas,2021-05-31T11:00,0.4,996.6,16.5,29.9,0.42,0.385,0.161
kolkata_hooghly,Kolkata,West Bengal,East Coast (Bay of Bengal Delta),22.5726,88.3639,5.0,May 2021 Very Severe Cyclone Yaas,2021-05-31T12:00,0.1,998.9,12.8,29.9,0.398,0.35,0.163
kolkata_hooghly,Kolkata,West Bengal,East Coast (Bay of Bengal Delta),22.5726,88.3639,5.0,May 2021 Very Severe Cyclone Yaas,2021-05-31T13:00,0.0,999.5,11.4,24.5,0.395,0.351,0.163
kolkata_hooghly,Kolkata,West Bengal,East Coast (Bay of Bengal Delta),22.5726,88.3639,5.0,May 2021 Very Severe Cyclone Yaas,2021-05-31T14:00,0.0,1000.3,10.9,19.8,0.392,0.351,0.164
kolkata_hooghly,Kolkata,West Bengal,East Coast (Bay of Bengal Delta),22.5726,88.3639,5.0,May 2021 Very Severe Cyclone Yaas,2021-05-31T15:00,0.0,1000.9,13.4,23.0,0.39,0.351,0.164
kolkata_hooghly,Kolkata,West Bengal,East Coast (Bay of Bengal Delta),22.5726,88.3639,5.0,May 2021 Very Severe Cyclone Yaas,2021-05-31T16:00,0.0,1001.3,15.1,26.6,0.387,0.352,0.164
kolkata_hooghly,Kolkata,West Bengal,East Coast (Bay of Bengal Delta),22.5726,88.3639,5.0,May 2021 Very Severe Cyclone Yaas,2021-05-31T17:00,0.0,1001.5,15.5,27.7,0.385,0.352,0.164
kolkata_hooghly,Kolkata,West Bengal,East Coast (Bay of Bengal Delta),22.5726,88.3639,5.0,May 2021 Very Severe Cyclone Yaas,2021-05-31T18:00,0.0,1001.1,14.8,27.4,0.384,0.352,0.164
kolkata_hooghly,Kolkata,West Bengal,East Coast (Bay of Bengal Delta),22.5726,88.3639,5.0,May 2021 Very Severe Cyclone Yaas,2021-05-31T19:00,0.0,1000.7,14.6,26.6,0.382,0.352,0.164
kolkata_hooghly,Kolkata,West Bengal,East Coast (Bay of Bengal Delta),22.5726,88.3639,5.0,May 2021 Very Severe Cyclone Yaas,2021-05-31T20:00,0.0,1000.3,15.1,27.0,0.381,0.352,0.164
kolkata_hooghly,Kolkata,West Bengal,East Coast (Bay of Bengal Delta),22.5726,88.3639,5.0,May 2021 Very Severe Cyclone Yaas,2021-05-31T21:00,0.0,1000.1,15.6,27.7,0.379,0.352,0.165
kolkata_hooghly,Kolkata,West Bengal,East Coast (Bay of Bengal Delta),22.5726,88.3639,5.0,May 2021 Very Severe Cyclone Yaas,2021-05-31T22:00,0.0,1000.1,14.2,27.7,0.378,0.352,0.165
kolkata_hooghly,Kolkata,West Bengal,East Coast (Bay of Bengal Delta),22.5726,88.3639,5.0,May 2021 Very Severe Cyclone Yaas,2021-05-31T23:00,0.0,1000.4,12.7,24.8,0.377,0.352,0.165
kolkata_hooghly,Kolkata,West Bengal,East Coast (Bay of Bengal Delta),22.5726,88.3639,5.0,May 2021 Very Severe Cyclone Yaas,2021-06-01T00:00,0.0,1000.8,9.4,22.7,0.375,0.352,0.165
kolkata_hooghly,Kolkata,West Bengal,East Coast (Bay of Bengal Delta),22.5726,88.3639,5.0,May 2021 Very Severe Cyclone Yaas,2021-06-01T01:00,0.0,1001.5,15.6,27.7,0.374,0.351,0.165
kolkata_hooghly,Kolkata,West Bengal,East Coast (Bay of Bengal Delta),22.5726,88.3639,5.0,May 2021 Very Severe Cyclone Yaas,2021-06-01T02:00,0.3,1002.3,17.3,32.4,0.374,0.351,0.165
kolkata_hooghly,Kolkata,West Bengal,East Coast (Bay of Bengal Delta),22.5726,88.3639,5.0,May 2021 Very Severe Cyclone Yaas,2021-06-01T03:00,0.1,1002.8,15.0,32.8,0.373,0.351,0.165
kolkata_hooghly,Kolkata,West Bengal,East Coast (Bay of Bengal Delta),22.5726,88.3639,5.0,May 2021 Very Severe Cyclone Yaas,2021-06-01T04:00,0.1,1002.6,13.0,29.2,0.372,0.35,0.165
kolkata_hooghly,Kolkata,West Bengal,East Coast (Bay of Bengal Delta),22.5726,88.3639,5.0,May 2021 Very Severe Cyclone Yaas,2021-06-01T05:00,0.0,1002.3,11.5,27.0,0.368,0.349,0.165
kolkata_hooghly,Kolkata,West Bengal,East Coast (Bay of Bengal Delta),22.5726,88.3639,5.0,May 2021 Very Severe Cyclone Yaas,2021-06-01T06:00,0.0,1001.7,12.0,26.6,0.364,0.347,0.166
kolkata_hooghly,Kolkata,West Bengal,East Coast (Bay of Bengal Delta),22.5726,88.3639,5.0,May 2021 Very Severe Cyclone Yaas,2021-06-01T07:00,0.0,1000.9,12.0,27.0,0.361,0.346,0.166
kolkata_hooghly,Kolkata,West Bengal,East Coast (Bay of Bengal Delta),22.5726,88.3639,5.0,May 2021 Very Severe Cyclone Yaas,2021-06-01T08:00,0.8,1000.1,13.4,27.4,0.365,0.345,0.166
kolkata_hooghly,Kolkata,West Bengal,East Coast (Bay of Bengal Delta),22.5726,88.3639,5.0,May 2021 Very Severe Cyclone Yaas,2021-06-01T09:00,1.1,999.6,10.7,27.0,0.374,0.345,0.166
kolkata_hooghly,Kolkata,West Bengal,East Coast (Bay of Bengal Delta),22.5726,88.3639,5.0,May 2021 Very Severe Cyclone Yaas,2021-06-01T10:00,0.0,999.0,13.0,23.4,0.372,0.345,0.166
kolkata_hooghly,Kolkata,West Bengal,East Coast (Bay of Bengal Delta),22.5726,88.3639,5.0,May 2021 Very Severe Cyclone Yaas,2021-06-01T11:00,0.0,998.9,16.9,31.0,0.37,0.344,0.166
kolkata_hooghly,Kolkata,West Bengal,East Coast (Bay of Bengal Delta),22.5726,88.3639,5.0,May 2021 Very Severe Cyclone Yaas,2021-06-01T12:00,0.0,1000.4,16.9,31.3,0.347,0.34,0.166
kolkata_hooghly,Kolkata,West Bengal,East Coast (Bay of Bengal Delta),22.5726,88.3639,5.0,May 2021 Very Severe Cyclone Yaas,2021-06-01T13:00,0.0,1001.1,16.2,30.2,0.346,0.34,0.166
kolkata_hooghly,Kolkata,West Bengal,East Coast (Bay of Bengal Delta),22.5726,88.3639,5.0,May 2021 Very Severe Cyclone Yaas,2021-06-01T14:00,0.0,1002.0,16.8,30.6,0.346,0.339,0.166
kolkata_hooghly,Kolkata,West Bengal,East Coast (Bay of Bengal Delta),22.5726,88.3639,5.0,May 2021 Very Severe Cyclone Yaas,2021-06-01T15:00,0.2,1002.6,12.6,29.5,0.347,0.339,0.166
kolkata_hooghly,Kolkata,West Bengal,East Coast (Bay of Bengal Delta),22.5726,88.3639,5.0,May 2021 Very Severe Cyclone Yaas,2021-06-01T16:00,0.1,1003.1,12.6,23.0,0.347,0.339,0.166
kolkata_hooghly,Kolkata,West Bengal,East Coast (Bay of Bengal Delta),22.5726,88.3639,5.0,May 2021 Very Severe Cyclone Yaas,2021-06-01T17:00,0.4,1003.2,11.2,22.0,0.35,0.339,0.167
kolkata_hooghly,Kolkata,West Bengal,East Coast (Bay of Bengal Delta),22.5726,88.3639,5.0,May 2021 Very Severe Cyclone Yaas,2021-06-01T18:00,0.0,1002.8,11.2,23.0,0.35,0.339,0.167
kolkata_hooghly,Kolkata,West Bengal,East Coast (Bay of Bengal Delta),22.5726,88.3639,5.0,May 2021 Very Severe Cyclone Yaas,2021-06-01T19:00,0.0,1002.2,12.1,21.2,0.349,0.338,0.167
kolkata_hooghly,Kolkata,West Bengal,East Coast (Bay of Bengal Delta),22.5726,88.3639,5.0,May 2021 Very Severe Cyclone Yaas,2021-06-01T20:00,0.0,1001.7,11.7,21.2,0.349,0.338,0.167
kolkata_hooghly,Kolkata,West Bengal,East Coast (Bay of Bengal Delta),22.5726,88.3639,5.0,May 2021 Very Severe Cyclone Yaas,2021-06-01T21:00,0.0,1001.5,12.1,21.6,0.349,0.338,0.167
kolkata_hooghly,Kolkata,West Bengal,East Coast (Bay of Bengal Delta),22.5726,88.3639,5.0,May 2021 Very Severe Cyclone Yaas,2021-06-01T22:00,0.0,1001.3,12.1,22.0,0.348,0.338,0.167
kolkata_hooghly,Kolkata,West Bengal,East Coast (Bay of Bengal Delta),22.5726,88.3639,5.0,May 2021 Very Severe Cyclone Yaas,2021-06-01T23:00,0.0,1001.7,12.1,21.6,0.348,0.338,0.167
kolkata_hooghly,Kolkata,West Bengal,East Coast (Bay of Bengal Delta),22.5726,88.3639,5.0,May 2021 Very Severe Cyclone Yaas,2021-06-02T00:00,0.0,1002.8,9.8,21.6,0.347,0.338,0.168
kolkata_hooghly,Kolkata,West Bengal,East Coast (Bay of Bengal Delta),22.5726,88.3639,5.0,May 2021 Very Severe Cyclone Yaas,2021-06-02T01:00,0.0,1003.7,12.7,23.0,0.346,0.338,0.168
kolkata_hooghly,Kolkata,West Bengal,East Coast (Bay of Bengal Delta),22.5726,88.3639,5.0,May 2021 Very Severe Cyclone Yaas,2021-06-02T02:00,0.0,1004.7,15.1,29.2,0.346,0.337,0.168
kolkata_hooghly,Kolkata,West Bengal,East Coast (Bay of Bengal Delta),22.5726,88.3639,5.0,May 2021 Very Severe Cyclone Yaas,2021-06-02T03:00,0.1,1005.0,11.1,29.5,0.345,0.336,0.168
kolkata_hooghly,Kolkata,West Bengal,East Coast (Bay of Bengal Delta),22.5726,88.3639,5.0,May 2021 Very Severe Cyclone Yaas,2021-06-02T04:00,0.2,1004.6,7.9,26.3,0.345,0.336,0.168
kolkata_hooghly,Kolkata,West Bengal,East Coast (Bay of Bengal Delta),22.5726,88.3639,5.0,May 2021 Very Severe Cyclone Yaas,2021-06-02T05:00,0.2,1004.1,6.5,25.6,0.345,0.335,0.168
kolkata_hooghly,Kolkata,West Bengal,East Coast (Bay of Bengal Delta),22.5726,88.3639,5.0,May 2021 Very Severe Cyclone Yaas,2021-06-02T06:00,3.3,1003.8,11.8,28.1,0.383,0.334,0.168
kolkata_hooghly,Kolkata,West Bengal,East Coast (Bay of Bengal Delta),22.5726,88.3639,5.0,May 2021 Very Severe Cyclone Yaas,2021-06-02T07:00,2.7,1003.4,5.9,29.2,0.411,0.336,0.168
kolkata_hooghly,Kolkata,West Bengal,East Coast (Bay of Bengal Delta),22.5726,88.3639,5.0,May 2021 Very Severe Cyclone Yaas,2021-06-02T08:00,0.0,1002.3,8.6,21.6,0.403,0.338,0.168
kolkata_hooghly,Kolkata,West Bengal,East Coast (Bay of Bengal Delta),22.5726,88.3639,5.0,May 2021 Very Severe Cyclone Yaas,2021-06-02T09:00,0.0,1001.7,10.8,23.8,0.396,0.338,0.168
kolkata_hooghly,Kolkata,West Bengal,East Coast (Bay of Bengal Delta),22.5726,88.3639,5.0,May 2021 Very Severe Cyclone Yaas,2021-06-02T10:00,0.0,1001.1,11.0,24.8,0.391,0.338,0.169
kolkata_hooghly,Kolkata,West Bengal,East Coast (Bay of Bengal Delta),22.5726,88.3639,5.0,May 2021 Very Severe Cyclone Yaas,2021-06-02T11:00,0.0,1001.0,13.6,25.2,0.386,0.338,0.169
kolkata_hooghly,Kolkata,West Bengal,East Coast (Bay of Bengal Delta),22.5726,88.3639,5.0,May 2021 Very Severe Cyclone Yaas,2021-06-02T12:00,0.0,1002.4,7.2,27.4,0.385,0.339,0.167
kolkata_hooghly,Kolkata,West Bengal,East Coast (Bay of Bengal Delta),22.5726,88.3639,5.0,May 2021 Very Severe Cyclone Yaas,2021-06-02T13:00,0.0,1003.0,10.8,18.7,0.383,0.339,0.167
kolkata_hooghly,Kolkata,West Bengal,East Coast (Bay of Bengal Delta),22.5726,88.3639,5.0,May 2021 Very Severe Cyclone Yaas,2021-06-02T14:00,0.0,1003.5,9.7,19.4,0.381,0.339,0.167
kolkata_hooghly,Kolkata,West Bengal,East Coast (Bay of Bengal Delta),22.5726,88.3639,5.0,May 2021 Very Severe Cyclone Yaas,2021-06-02T15:00,0.0,1003.9,11.3,19.4,0.379,0.339,0.168
kolkata_hooghly,Kolkata,West Bengal,East Coast (Bay of Bengal Delta),22.5726,88.3639,5.0,May 2021 Very Severe Cyclone Yaas,2021-06-02T16:00,0.0,1004.3,10.9,20.2,0.377,0.34,0.168
kolkata_hooghly,Kolkata,West Bengal,East Coast (Bay of Bengal Delta),22.5726,88.3639,5.0,May 2021 Very Severe Cyclone Yaas,2021-06-02T17:00,0.0,1004.6,9.1,19.1,0.375,0.34,0.168
kolkata_hooghly,Kolkata,West Bengal,East Coast (Bay of Bengal Delta),22.5726,88.3639,5.0,May 2021 Very Severe Cyclone Yaas,2021-06-02T18:00,0.0,1004.5,10.4,18.4,0.374,0.34,0.168
kolkata_hooghly,Kolkata,West Bengal,East Coast (Bay of Bengal Delta),22.5726,88.3639,5.0,May 2021 Very Severe Cyclone Yaas,2021-06-02T19:00,0.0,1003.8,10.4,19.4,0.373,0.34,0.168
kolkata_hooghly,Kolkata,West Bengal,East Coast (Bay of Bengal Delta),22.5726,88.3639,5.0,May 2021 Very Severe Cyclone Yaas,2021-06-02T20:00,0.0,1003.4,10.3,19.1,0.371,0.34,0.168
kolkata_hooghly,Kolkata,West Bengal,East Coast (Bay of Bengal Delta),22.5726,88.3639,5.0,May 2021 Very Severe Cyclone Yaas,2021-06-02T21:00,0.0,1003.3,10.4,18.7,0.37,0.34,0.168
kolkata_hooghly,Kolkata,West Bengal,East Coast (Bay of Bengal Delta),22.5726,88.3639,5.0,May 2021 Very Severe Cyclone Yaas,2021-06-02T22:00,0.0,1003.4,9.4,18.4,0.369,0.34,0.168
kolkata_hooghly,Kolkata,West Bengal,East Coast (Bay of Bengal Delta),22.5726,88.3639,5.0,May 2021 Very Severe Cyclone Yaas,2021-06-02T23:00,0.0,1003.8,9.0,16.9,0.368,0.34,0.168
kolkata_hooghly,Kolkata,West Bengal,East Coast (Bay of Bengal Delta),22.5726,88.3639,5.0,May 2021 Very Severe Cyclone Yaas,2021-06-03T00:00,0.0,1003.9,9.3,16.9,0.37,0.341,0.169
kolkata_hooghly,Kolkata,West Bengal,East Coast (Bay of Bengal Delta),22.5726,88.3639,5.0,May 2021 Very Severe Cyclone Yaas,2021-06-03T01:00,0.0,1005.0,12.2,22.3,0.368,0.341,0.169
kolkata_hooghly,Kolkata,West Bengal,East Coast (Bay of Bengal Delta),22.5726,88.3639,5.0,May 2021 Very Severe Cyclone Yaas,2021-06-03T02:00,0.0,1005.5,13.3,27.0,0.367,0.341,0.169
kolkata_hooghly,Kolkata,West Bengal,East Coast (Bay of Bengal Delta),22.5726,88.3639,5.0,May 2021 Very Severe Cyclone Yaas,2021-06-03T03:00,0.1,1005.6,12.3,27.4,0.365,0.34,0.169
kolkata_hooghly,Kolkata,West Bengal,East Coast (Bay of Bengal Delta),22.5726,88.3639,5.0,May 2021 Very Severe Cyclone Yaas,2021-06-03T04:00,0.2,1005.5,11.4,26.6,0.363,0.34,0.169
kolkata_hooghly,Kolkata,West Bengal,East Coast (Bay of Bengal Delta),22.5726,88.3639,5.0,May 2021 Very Severe Cyclone Yaas,2021-06-03T05:00,0.2,1005.3,11.5,27.0,0.361,0.338,0.169
kolkata_hooghly,Kolkata,West Bengal,East Coast (Bay of Bengal Delta),22.5726,88.3639,5.0,May 2021 Very Severe Cyclone Yaas,2021-06-03T06:00,3.1,1004.8,13.4,29.2,0.394,0.338,0.169
kolkata_hooghly,Kolkata,West Bengal,East Coast (Bay of Bengal Delta),22.5726,88.3639,5.0,May 2021 Very Severe Cyclone Yaas,2021-06-03T07:00,3.1,1004.2,9.7,29.9,0.42,0.342,0.17
kolkata_hooghly,Kolkata,West Bengal,East Coast (Bay of Bengal Delta),22.5726,88.3639,5.0,May 2021 Very Severe Cyclone Yaas,2021-06-03T08:00,0.2,1003.5,11.1,24.8,0.411,0.344,0.17
kolkata_hooghly,Kolkata,West Bengal,East Coast (Bay of Bengal Delta),22.5726,88.3639,5.0,May 2021 Very Severe Cyclone Yaas,2021-06-03T09:00,0.1,1003.2,11.3,26.3,0.403,0.344,0.17
kolkata_hooghly,Kolkata,West Bengal,East Coast (Bay of Bengal Delta),22.5726,88.3639,5.0,May 2021 Very Severe Cyclone Yaas,2021-06-03T10:00,0.0,1002.8,10.4,24.8,0.397,0.345,0.17
kolkata_hooghly,Kolkata,West Bengal,East Coast (Bay of Bengal Delta),22.5726,88.3639,5.0,May 2021 Very Severe Cyclone Yaas,2021-06-03T11:00,0.0,1002.9,11.9,23.8,0.393,0.345,0.17
kolkata_hooghly,Kolkata,West Bengal,East Coast (Bay of Bengal Delta),22.5726,88.3639,5.0,May 2021 Very Severe Cyclone Yaas,2021-06-03T12:00,0.0,1003.3,11.9,22.7,0.371,0.334,0.169
kolkata_hooghly,Kolkata,West Bengal,East Coast (Bay of Bengal Delta),22.5726,88.3639,5.0,May 2021 Very Severe Cyclone Yaas,2021-06-03T13:00,0.0,1003.8,13.4,23.4,0.369,0.334,0.169
kolkata_hooghly,Kolkata,West Bengal,East Coast (Bay of Bengal Delta),22.5726,88.3639,5.0,May 2021 Very Severe Cyclone Yaas,2021-06-03T14:00,0.0,1004.7,14.1,25.2,0.368,0.334,0.169
kolkata_hooghly,Kolkata,West Bengal,East Coast (Bay of Bengal Delta),22.5726,88.3639,5.0,May 2021 Very Severe Cyclone Yaas,2021-06-03T15:00,0.0,1005.5,13.3,25.2,0.367,0.334,0.169
kolkata_hooghly,Kolkata,West Bengal,East Coast (Bay of Bengal Delta),22.5726,88.3639,5.0,May 2021 Very Severe Cyclone Yaas,2021-06-03T16:00,0.0,1005.9,12.6,23.8,0.365,0.334,0.169
kolkata_hooghly,Kolkata,West Bengal,East Coast (Bay of Bengal Delta),22.5726,88.3639,5.0,May 2021 Very Severe Cyclone Yaas,2021-06-03T17:00,0.0,1005.6,12.7,22.7,0.364,0.334,0.169
kolkata_hooghly,Kolkata,West Bengal,East Coast (Bay of Bengal Delta),22.5726,88.3639,5.0,May 2021 Very Severe Cyclone Yaas,2021-06-03T18:00,0.0,1005.3,12.0,22.3,0.363,0.334,0.169
kolkata_hooghly,Kolkata,West Bengal,East Coast (Bay of Bengal Delta),22.5726,88.3639,5.0,May 2021 Very Severe Cyclone Yaas,2021-06-03T19:00,0.0,1004.7,11.0,21.2,0.362,0.334,0.169
kolkata_hooghly,Kolkata,West Bengal,East Coast (Bay of Bengal Delta),22.5726,88.3639,5.0,May 2021 Very Severe Cyclone Yaas,2021-06-03T20:00,0.0,1004.4,10.4,19.4,0.361,0.334,0.169
kolkata_hooghly,Kolkata,West Bengal,East Coast (Bay of Bengal Delta),22.5726,88.3639,5.0,May 2021 Very Severe Cyclone Yaas,2021-06-03T21:00,0.0,1004.4,10.2,18.4,0.36,0.334,0.17
kolkata_hooghly,Kolkata,West Bengal,East Coast (Bay of Bengal Delta),22.5726,88.3639,5.0,May 2021 Very Severe Cyclone Yaas,2021-06-03T22:00,0.0,1004.3,10.1,18.4,0.36,0.334,0.17
kolkata_hooghly,Kolkata,West Bengal,East Coast (Bay of Bengal Delta),22.5726,88.3639,5.0,May 2021 Very Severe Cyclone Yaas,2021-06-03T23:00,0.0,1004.3,9.7,18.4,0.359,0.334,0.17
kolkata_hooghly,Kolkata,West Bengal,East Coast (Bay of Bengal Delta),22.5726,88.3639,5.0,May 2021 Very Severe Cyclone Yaas,2021-06-04T00:00,0.0,1004.6,10.8,17.3,0.357,0.334,0.17
kolkata_hooghly,Kolkata,West Bengal,East Coast (Bay of Bengal Delta),22.5726,88.3639,5.0,May 2021 Very Severe Cyclone Yaas,2021-06-04T01:00,0.0,1005.4,13.5,25.6,0.356,0.334,0.17
kolkata_hooghly,Kolkata,West Bengal,East Coast (Bay of Bengal Delta),22.5726,88.3639,5.0,May 2021 Very Severe Cyclone Yaas,2021-06-04T02:00,0.0,1005.9,12.1,27.0,0.354,0.333,0.17
kolkata_hooghly,Kolkata,West Bengal,East Coast (Bay of Bengal Delta),22.5726,88.3639,5.0,May 2021 Very Severe Cyclone Yaas,2021-06-04T03:00,0.0,1006.1,11.8,26.3,0.352,0.333,0.17
kolkata_hooghly,Kolkata,West Bengal,East Coast (Bay of Bengal Delta),22.5726,88.3639,5.0,May 2021 Very Severe Cyclone Yaas,2021-06-04T04:00,0.1,1006.2,11.2,25.9,0.349,0.331,0.17
kolkata_hooghly,Kolkata,West Bengal,East Coast (Bay of Bengal Delta),22.5726,88.3639,5.0,May 2021 Very Severe Cyclone Yaas,2021-06-04T05:00,0.0,1005.8,11.0,25.9,0.346,0.33,0.17
kolkata_hooghly,Kolkata,West Bengal,East Coast (Bay of Bengal Delta),22.5726,88.3639,5.0,May 2021 Very Severe Cyclone Yaas,2021-06-04T06:00,0.0,1004.9,11.0,25.9,0.342,0.329,0.17
kolkata_hooghly,Kolkata,West Bengal,East Coast (Bay of Bengal Delta),22.5726,88.3639,5.0,May 2021 Very Severe Cyclone Yaas,2021-06-04T07:00,0.0,1004.1,10.4,25.6,0.338,0.327,0.17
kolkata_hooghly,Kolkata,West Bengal,East Coast (Bay of Bengal Delta),22.5726,88.3639,5.0,May 2021 Very Severe Cyclone Yaas,2021-06-04T08:00,0.0,1003.0,9.2,24.5,0.335,0.326,0.17
kolkata_hooghly,Kolkata,West Bengal,East Coast (Bay of Bengal Delta),22.5726,88.3639,5.0,May 2021 Very Severe Cyclone Yaas,2021-06-04T09:00,0.1,1002.1,9.4,21.2,0.333,0.325,0.17
kolkata_hooghly,Kolkata,West Bengal,East Coast (Bay of Bengal Delta),22.5726,88.3639,5.0,May 2021 Very Severe Cyclone Yaas,2021-06-04T10:00,0.2,1001.3,11.9,23.8,0.332,0.324,0.17
kolkata_hooghly,Kolkata,West Bengal,East Coast (Bay of Bengal Delta),22.5726,88.3639,5.0,May 2021 Very Severe Cyclone Yaas,2021-06-04T11:00,0.0,1001.0,14.1,27.0,0.33,0.323,0.17
kolkata_hooghly,Kolkata,West Bengal,East Coast (Bay of Bengal Delta),22.5726,88.3639,5.0,May 2021 Very Severe Cyclone Yaas,2021-06-04T12:00,0.0,1001.5,13.0,27.0,0.324,0.321,0.17
kolkata_hooghly,Kolkata,West Bengal,East Coast (Bay of Bengal Delta),22.5726,88.3639,5.0,May 2021 Very Severe Cyclone Yaas,2021-06-04T13:00,0.0,1001.8,12.8,23.4,0.324,0.321,0.17
kolkata_hooghly,Kolkata,West Bengal,East Coast (Bay of Bengal Delta),22.5726,88.3639,5.0,May 2021 Very Severe Cyclone Yaas,2021-06-04T14:00,0.0,1002.6,14.5,25.6,0.323,0.32,0.17
kolkata_hooghly,Kolkata,West Bengal,East Coast (Bay of Bengal Delta),22.5726,88.3639,5.0,May 2021 Very Severe Cyclone Yaas,2021-06-04T15:00,0.0,1003.3,14.1,25.6,0.323,0.32,0.17
kolkata_hooghly,Kolkata,West Bengal,East Coast (Bay of Bengal Delta),22.5726,88.3639,5.0,May 2021 Very Severe Cyclone Yaas,2021-06-04T16:00,0.0,1003.9,13.8,24.8,0.323,0.32,0.17
kolkata_hooghly,Kolkata,West Bengal,East Coast (Bay of Bengal Delta),22.5726,88.3639,5.0,May 2021 Very Severe Cyclone Yaas,2021-06-04T17:00,0.0,1004.3,13.2,24.8,0.323,0.32,0.17
kolkata_hooghly,Kolkata,West Bengal,East Coast (Bay of Bengal Delta),22.5726,88.3639,5.0,May 2021 Very Severe Cyclone Yaas,2021-06-04T18:00,0.0,1003.8,14.1,25.2,0.323,0.32,0.17
kolkata_hooghly,Kolkata,West Bengal,East Coast (Bay of Bengal Delta),22.5726,88.3639,5.0,May 2021 Very Severe Cyclone Yaas,2021-06-04T19:00,0.0,1003.2,14.6,25.9,0.322,0.319,0.17
kolkata_hooghly,Kolkata,West Bengal,East Coast (Bay of Bengal Delta),22.5726,88.3639,5.0,May 2021 Very Severe Cyclone Yaas,2021-06-04T20:00,0.0,1002.7,14.5,25.9,0.322,0.319,0.17
kolkata_hooghly,Kolkata,West Bengal,East Coast (Bay of Bengal Delta),22.5726,88.3639,5.0,May 2021 Very Severe Cyclone Yaas,2021-06-04T21:00,0.0,1002.3,14.7,26.3,0.322,0.319,0.17
kolkata_hooghly,Kolkata,West Bengal,East Coast (Bay of Bengal Delta),22.5726,88.3639,5.0,May 2021 Very Severe Cyclone Yaas,2021-06-04T22:00,0.0,1002.1,14.6,26.3,0.322,0.319,0.17
kolkata_hooghly,Kolkata,West Bengal,East Coast (Bay of Bengal Delta),22.5726,88.3639,5.0,May 2021 Very Severe Cyclone Yaas,2021-06-04T23:00,0.0,1002.8,13.6,25.9,0.322,0.319,0.17
kolkata_hooghly,Kolkata,West Bengal,East Coast (Bay of Bengal Delta),22.5726,88.3639,5.0,May 2021 Very Severe Cyclone Yaas,2021-06-05T00:00,0.0,1003.3,12.8,24.1,0.321,0.318,0.17
kolkata_hooghly,Kolkata,West Bengal,East Coast (Bay of Bengal Delta),22.5726,88.3639,5.0,May 2021 Very Severe Cyclone Yaas,2021-06-05T01:00,0.0,1004.1,14.5,27.7,0.32,0.318,0.17
kolkata_hooghly,Kolkata,West Bengal,East Coast (Bay of Bengal Delta),22.5726,88.3639,5.0,May 2021 Very Severe Cyclone Yaas,2021-06-05T02:00,0.0,1004.8,15.1,31.0,0.319,0.317,0.17
kolkata_hooghly,Kolkata,West Bengal,East Coast (Bay of Bengal Delta),22.5726,88.3639,5.0,May 2021 Very Severe Cyclone Yaas,2021-06-05T03:00,0.0,1005.0,14.0,30.6,0.317,0.316,0.17
kolkata_hooghly,Kolkata,West Bengal,East Coast (Bay of Bengal Delta),22.5726,88.3639,5.0,May 2021 Very Severe Cyclone Yaas,2021-06-05T04:00,0.0,1005.1,13.4,29.5,0.314,0.315,0.17
kolkata_hooghly,Kolkata,West Bengal,East Coast (Bay of Bengal Delta),22.5726,88.3639,5.0,May 2021 Very Severe Cyclone Yaas,2021-06-05T05:00,0.0,1004.4,13.7,30.2,0.311,0.314,0.171
kolkata_hooghly,Kolkata,West Bengal,East Coast (Bay of Bengal Delta),22.5726,88.3639,5.0,May 2021 Very Severe Cyclone Yaas,2021-06-05T06:00,0.0,1003.8,14.1,30.6,0.307,0.312,0.171
kolkata_hooghly,Kolkata,West Bengal,East Coast (Bay of Bengal Delta),22.5726,88.3639,5.0,May 2021 Very Severe Cyclone Yaas,2021-06-05T07:00,0.0,1002.7,11.5,30.6,0.304,0.311,0.171
kolkata_hooghly,Kolkata,West Bengal,East Coast (Bay of Bengal Delta),22.5726,88.3639,5.0,May 2021 Very Severe Cyclone Yaas,2021-06-05T08:00,0.8,1002.5,16.5,32.8,0.308,0.309,0.171
kolkata_hooghly,Kolkata,West Bengal,East Coast (Bay of Bengal Delta),22.5726,88.3639,5.0,May 2021 Very Severe Cyclone Yaas,2021-06-05T09:00,2.1,1001.6,10.4,33.5,0.332,0.309,0.171
kolkata_hooghly,Kolkata,West Bengal,East Coast (Bay of Bengal Delta),22.5726,88.3639,5.0,May 2021 Very Severe Cyclone Yaas,2021-06-05T10:00,0.0,1000.4,11.8,24.8,0.33,0.308,0.171
kolkata_hooghly,Kolkata,West Bengal,East Coast (Bay of Bengal Delta),22.5726,88.3639,5.0,May 2021 Very Severe Cyclone Yaas,2021-06-05T11:00,0.0,1000.4,12.9,25.2,0.328,0.308,0.171
kolkata_hooghly,Kolkata,West Bengal,East Coast (Bay of Bengal Delta),22.5726,88.3639,5.0,May 2021 Very Severe Cyclone Yaas,2021-06-05T12:00,0.0,1001.3,12.6,24.8,0.303,0.306,0.171
kolkata_hooghly,Kolkata,West Bengal,East Coast (Bay of Bengal Delta),22.5726,88.3639,5.0,May 2021 Very Severe Cyclone Yaas,2021-06-05T13:00,0.0,1001.8,12.5,23.0,0.303,0.305,0.171
kolkata_hooghly,Kolkata,West Bengal,East Coast (Bay of Bengal Delta),22.5726,88.3639,5.0,May 2021 Very Severe Cyclone Yaas,2021-06-05T14:00,0.0,1002.3,13.6,23.8,0.303,0.305,0.171
kolkata_hooghly,Kolkata,West Bengal,East Coast (Bay of Bengal Delta),22.5726,88.3639,5.0,May 2021 Very Severe Cyclone Yaas,2021-06-05T15:00,0.0,1002.9,12.7,24.5,0.303,0.305,0.171
kolkata_hooghly,Kolkata,West Bengal,East Coast (Bay of Bengal Delta),22.5726,88.3639,5.0,May 2021 Very Severe Cyclone Yaas,2021-06-05T16:00,0.0,1003.5,12.3,22.3,0.303,0.305,0.171
kolkata_hooghly,Kolkata,West Bengal,East Coast (Bay of Bengal Delta),22.5726,88.3639,5.0,May 2021 Very Severe Cyclone Yaas,2021-06-05T17:00,0.0,1003.8,11.4,21.2,0.303,0.305,0.171
kolkata_hooghly,Kolkata,West Bengal,East Coast (Bay of Bengal Delta),22.5726,88.3639,5.0,May 2021 Very Severe Cyclone Yaas,2021-06-05T18:00,0.0,1003.2,12.6,21.6,0.303,0.305,0.171
kolkata_hooghly,Kolkata,West Bengal,East Coast (Bay of Bengal Delta),22.5726,88.3639,5.0,May 2021 Very Severe Cyclone Yaas,2021-06-05T19:00,0.0,1002.7,13.4,24.1,0.303,0.305,0.171
kolkata_hooghly,Kolkata,West Bengal,East Coast (Bay of Bengal Delta),22.5726,88.3639,5.0,May 2021 Very Severe Cyclone Yaas,2021-06-05T20:00,0.0,1002.3,13.6,24.1,0.302,0.304,0.171
kolkata_hooghly,Kolkata,West Bengal,East Coast (Bay of Bengal Delta),22.5726,88.3639,5.0,May 2021 Very Severe Cyclone Yaas,2021-06-05T21:00,0.0,1002.0,14.0,24.8,0.302,0.304,0.171
kolkata_hooghly,Kolkata,West Bengal,East Coast (Bay of Bengal Delta),22.5726,88.3639,5.0,May 2021 Very Severe Cyclone Yaas,2021-06-05T22:00,0.0,1002.0,14.1,25.2,0.302,0.304,0.171
kolkata_hooghly,Kolkata,West Bengal,East Coast (Bay of Bengal Delta),22.5726,88.3639,5.0,May 2021 Very Severe Cyclone Yaas,2021-06-05T23:00,0.0,1002.2,13.6,24.8,0.302,0.304,0.171
puri_coastal,Puri,Odisha,East Coast (Bay of Bengal),19.8135,85.8312,2.5,May 2019 Category-5 Equivalent Cyclone Fani,2019-04-25T00:00,0.0,1006.5,17.7,32.8,0.061,0.082,0.126
puri_coastal,Puri,Odisha,East Coast (Bay of Bengal),19.8135,85.8312,2.5,May 2019 Category-5 Equivalent Cyclone Fani,2019-04-25T01:00,0.0,1007.4,19.0,34.6,0.061,0.082,0.126
puri_coastal,Puri,Odisha,East Coast (Bay of Bengal),19.8135,85.8312,2.5,May 2019 Category-5 Equivalent Cyclone Fani,2019-04-25T02:00,0.0,1008.1,20.5,40.0,0.06,0.082,0.126
puri_coastal,Puri,Odisha,East Coast (Bay of Bengal),19.8135,85.8312,2.5,May 2019 Category-5 Equivalent Cyclone Fani,2019-04-25T03:00,0.0,1008.3,19.5,40.3,0.06,0.081,0.126
puri_coastal,Puri,Odisha,East Coast (Bay of Bengal),19.8135,85.8312,2.5,May 2019 Category-5 Equivalent Cyclone Fani,2019-04-25T04:00,0.0,1008.3,18.4,40.0,0.06,0.081,0.126
puri_coastal,Puri,Odisha,East Coast (Bay of Bengal),19.8135,85.8312,2.5,May 2019 Category-5 Equivalent Cyclone Fani,2019-04-25T05:00,0.0,1008.1,18.3,40.0,0.06,0.081,0.126
puri_coastal,Puri,Odisha,East Coast (Bay of Bengal),19.8135,85.8312,2.5,May 2019 Category-5 Equivalent Cyclone Fani,2019-04-25T06:00,0.0,1007.8,18.3,40.7,0.06,0.081,0.126
puri_coastal,Puri,Odisha,East Coast (Bay of Bengal),19.8135,85.8312,2.5,May 2019 Category-5 Equivalent Cyclone Fani,2019-04-25T07:00,0.0,1007.0,20.1,43.2,0.06,0.081,0.125
puri_coastal,Puri,Odisha,East Coast (Bay of Bengal),19.8135,85.8312,2.5,May 2019 Category-5 Equivalent Cyclone Fani,2019-04-25T08:00,0.0,1006.0,21.8,46.1,0.06,0.08,0.125
puri_coastal,Puri,Odisha,East Coast (Bay of Bengal),19.8135,85.8312,2.5,May 2019 Category-5 Equivalent Cyclone Fani,2019-04-25T09:00,0.0,1005.0,21.3,46.1,0.06,0.08,0.125
puri_coastal,Puri,Odisha,East Coast (Bay of Bengal),19.8135,85.8312,2.5,May 2019 Category-5 Equivalent Cyclone Fani,2019-04-25T10:00,0.0,1004.4,22.0,44.6,0.06,0.08,0.125
puri_coastal,Puri,Odisha,East Coast (Bay of Bengal),19.8135,85.8312,2.5,May 2019 Category-5 Equivalent Cyclone Fani,2019-04-25T11:00,0.0,1004.3,21.3,45.4,0.06,0.08,0.125
puri_coastal,Puri,Odisha,East Coast (Bay of Bengal),19.8135,85.8312,2.5,May 2019 Category-5 Equivalent Cyclone Fani,2019-04-25T12:00,0.0,1005.5,19.8,41.8,0.062,0.083,0.127
puri_coastal,Puri,Odisha,East Coast (Bay of Bengal),19.8135,85.8312,2.5,May 2019 Category-5 Equivalent Cyclone Fani,2019-04-25T13:00,0.0,1005.9,19.2,38.2,0.062,0.083,0.127
puri_coastal,Puri,Odisha,East Coast (Bay of Bengal),19.8135,85.8312,2.5,May 2019 Category-5 Equivalent Cyclone Fani,2019-04-25T14:00,0.0,1006.3,19.2,36.0,0.062,0.083,0.127
puri_coastal,Puri,Odisha,East Coast (Bay of Bengal),19.8135,85.8312,2.5,May 2019 Category-5 Equivalent Cyclone Fani,2019-04-25T15:00,0.0,1006.9,17.1,35.3,0.062,0.083,0.127
puri_coastal,Puri,Odisha,East Coast (Bay of Bengal),19.8135,85.8312,2.5,May 2019 Category-5 Equivalent Cyclone Fani,2019-04-25T16:00,0.0,1007.1,17.6,32.0,0.062,0.083,0.127
puri_coastal,Puri,Odisha,East Coast (Bay of Bengal),19.8135,85.8312,2.5,May 2019 Category-5 Equivalent Cyclone Fani,2019-04-25T17:00,0.0,1007.2,16.3,32.0,0.062,0.083,0.127
puri_coastal,Puri,Odisha,East Coast (Bay of Bengal),19.8135,85.8312,2.5,May 2019 Category-5 Equivalent Cyclone Fani,2019-04-25T18:00,0.0,1006.7,16.6,30.2,0.062,0.083,0.127
puri_coastal,Puri,Odisha,East Coast (Bay of Bengal),19.8135,85.8312,2.5,May 2019 Category-5 Equivalent Cyclone Fani,2019-04-25T19:00,0.0,1005.8,16.6,30.2,0.062,0.083,0.127
puri_coastal,Puri,Odisha,East Coast (Bay of Bengal),19.8135,85.8312,2.5,May 2019 Category-5 Equivalent Cyclone Fani,2019-04-25T20:00,0.0,1005.5,16.6,30.2,0.062,0.083,0.127
puri_coastal,Puri,Odisha,East Coast (Bay of Bengal),19.8135,85.8312,2.5,May 2019 Category-5 Equivalent Cyclone Fani,2019-04-25T21:00,0.0,1005.2,16.6,30.2,0.062,0.083,0.127
puri_coastal,Puri,Odisha,East Coast (Bay of Bengal),19.8135,85.8312,2.5,May 2019 Category-5 Equivalent Cyclone Fani,2019-04-25T22:00,0.0,1005.0,17.2,31.0,0.062,0.083,0.127
puri_coastal,Puri,Odisha,East Coast (Bay of Bengal),19.8135,85.8312,2.5,May 2019 Category-5 Equivalent Cyclone Fani,2019-04-25T23:00,0.0,1005.2,19.1,34.6,0.062,0.083,0.127
puri_coastal,Puri,Odisha,East Coast (Bay of Bengal),19.8135,85.8312,2.5,May 2019 Category-5 Equivalent Cyclone Fani,2019-04-26T00:00,0.0,1005.6,22.3,35.6,0.062,0.083,0.127
puri_coastal,Puri,Odisha,East Coast (Bay of Bengal),19.8135,85.8312,2.5,May 2019 Category-5 Equivalent Cyclone Fani,2019-04-26T01:00,0.0,1006.2,23.6,44.3,0.062,0.083,0.127
puri_coastal,Puri,Odisha,East Coast (Bay of Bengal),19.8135,85.8312,2.5,May 2019 Category-5 Equivalent Cyclone Fani,2019-04-26T02:00,0.0,1006.8,24.1,46.1,0.062,0.083,0.127
puri_coastal,Puri,Odisha,East Coast (Bay of Bengal),19.8135,85.8312,2.5,May 2019 Category-5 Equivalent Cyclone Fani,2019-04-26T03:00,0.0,1007.2,24.2,47.9,0.062,0.083,0.127
puri_coastal,Puri,Odisha,East Coast (Bay of Bengal),19.8135,85.8312,2.5,May 2019 Category-5 Equivalent Cyclone Fani,2019-04-26T04:00,0.0,1007.4,22.7,47.9,0.062,0.083,0.127
puri_coastal,Puri,Odisha,East Coast (Bay of Bengal),19.8135,85.8312,2.5,May 2019 Category-5 Equivalent Cyclone Fani,2019-04-26T05:00,0.0,1007.0,21.5,46.1,0.062,0.082,0.127
puri_coastal,Puri,Odisha,East Coast (Bay of Bengal),19.8135,85.8312,2.5,May 2019 Category-5 Equivalent Cyclone Fani,2019-04-26T06:00,0.0,1006.4,21.3,45.4,0.061,0.082,0.127
puri_coastal,Puri,Odisha,East Coast (Bay of Bengal),19.8135,85.8312,2.5,May 2019 Category-5 Equivalent Cyclone Fani,2019-04-26T07:00,0.0,1005.4,21.3,45.4,0.061,0.082,0.127
puri_coastal,Puri,Odisha,East Coast (Bay of Bengal),19.8135,85.8312,2.5,May 2019 Category-5 Equivalent Cyclone Fani,2019-04-26T08:00,0.0,1004.4,21.5,45.7,0.061,0.082,0.127
puri_coastal,Puri,Odisha,East Coast (Bay of Bengal),19.8135,85.8312,2.5,May 2019 Category-5 Equivalent Cyclone Fani,2019-04-26T09:00,0.0,1003.5,21.1,45.4,0.061,0.081,0.126
puri_coastal,Puri,Odisha,East Coast (Bay of Bengal),19.8135,85.8312,2.5,May 2019 Category-5 Equivalent Cyclone Fani,2019-04-26T10:00,0.0,1003.2,19.5,43.6,0.061,0.081,0.126
puri_coastal,Puri,Odisha,East Coast (Bay of Bengal),19.8135,85.8312,2.5,May 2019 Category-5 Equivalent Cyclone Fani,2019-04-26T11:00,0.0,1003.0,16.7,40.3,0.061,0.081,0.126
puri_coastal,Puri,Odisha,East Coast (Bay of Bengal),19.8135,85.8312,2.5,May 2019 Category-5 Equivalent Cyclone Fani,2019-04-26T12:00,0.0,1003.5,20.6,34.2,0.063,0.083,0.128
puri_coastal,Puri,Odisha,East Coast (Bay of Bengal),19.8135,85.8312,2.5,May 2019 Category-5 Equivalent Cyclone Fani,2019-04-26T13:00,0.0,1004.1,19.8,38.9,0.063,0.083,0.128
puri_coastal,Puri,Odisha,East Coast (Bay of Bengal),19.8135,85.8312,2.5,May 2019 Category-5 Equivalent Cyclone Fani,2019-04-26T14:00,0.0,1004.8,22.0,40.0,0.063,0.083,0.128
puri_coastal,Puri,Odisha,East Coast (Bay of Bengal),19.8135,85.8312,2.5,May 2019 Category-5 Equivalent Cyclone Fani,2019-04-26T15:00,0.0,1005.5,23.6,42.1,0.063,0.083,0.128
puri_coastal,Puri,Odisha,East Coast (Bay of Bengal),19.8135,85.8312,2.5,May 2019 Category-5 Equivalent Cyclone Fani,2019-04-26T16:00,0.0,1005.8,24.2,45.4,0.063,0.083,0.128
puri_coastal,Puri,Odisha,East Coast (Bay of Bengal),19.8135,85.8312,2.5,May 2019 Category-5 Equivalent Cyclone Fani,2019-04-26T17:00,0.0,1006.0,22.8,43.6,0.063,0.083,0.128
puri_coastal,Puri,Odisha,East Coast (Bay of Bengal),19.8135,85.8312,2.5,May 2019 Category-5 Equivalent Cyclone Fani,2019-04-26T18:00,0.0,1005.6,23.1,41.8,0.063,0.083,0.128
puri_coastal,Puri,Odisha,East Coast (Bay of Bengal),19.8135,85.8312,2.5,May 2019 Category-5 Equivalent Cyclone Fani,2019-04-26T19:00,0.0,1004.9,22.6,41.8,0.063,0.083,0.128
puri_coastal,Puri,Odisha,East Coast (Bay of Bengal),19.8135,85.8312,2.5,May 2019 Category-5 Equivalent Cyclone Fani,2019-04-26T20:00,0.0,1004.4,21.3,40.7,0.063,0.083,0.128
puri_coastal,Puri,Odisha,East Coast (Bay of Bengal),19.8135,85.8312,2.5,May 2019 Category-5 Equivalent Cyclone Fani,2019-04-26T21:00,0.0,1004.0,21.3,38.2,0.063,0.083,0.128
puri_coastal,Puri,Odisha,East Coast (Bay of Bengal),19.8135,85.8312,2.5,May 2019 Category-5 Equivalent Cyclone Fani,2019-04-26T22:00,0.0,1003.9,22.9,41.4,0.063,0.083,0.128
puri_coastal,Puri,Odisha,East Coast (Bay of Bengal),19.8135,85.8312,2.5,May 2019 Category-5 Equivalent Cyclone Fani,2019-04-26T23:00,0.0,1004.5,22.1,41.4,0.063,0.083,0.128
puri_coastal,Puri,Odisha,East Coast (Bay of Bengal),19.8135,85.8312,2.5,May 2019 Category-5 Equivalent Cyclone Fani,2019-04-27T00:00,0.0,1004.9,21.3,39.2,0.063,0.083,0.128
puri_coastal,Puri,Odisha,East Coast (Bay of Bengal),19.8135,85.8312,2.5,May 2019 Category-5 Equivalent Cyclone Fani,2019-04-27T01:00,0.0,1005.6,25.2,46.1,0.063,0.083,0.128
puri_coastal,Puri,Odisha,East Coast (Bay of Bengal),19.8135,85.8312,2.5,May 2019 Category-5 Equivalent Cyclone Fani,2019-04-27T02:00,0.0,1005.8,25.6,50.0,0.063,0.083,0.128
puri_coastal,Puri,Odisha,East Coast (Bay of Bengal),19.8135,85.8312,2.5,May 2019 Category-5 Equivalent Cyclone Fani,2019-04-27T03:00,0.0,1006.4,20.0,48.6,0.063,0.083,0.128
puri_coastal,Puri,Odisha,East Coast (Bay of Bengal),19.8135,85.8312,2.5,May 2019 Category-5 Equivalent Cyclone Fani,2019-04-27T04:00,0.0,1006.1,21.9,44.6,0.063,0.083,0.128
puri_coastal,Puri,Odisha,East Coast (Bay of Bengal),19.8135,85.8312,2.5,May 2019 Category-5 Equivalent Cyclone Fani,2019-04-27T05:00,0.0,1006.0,22.1,46.1,0.062,0.083,0.128
puri_coastal,Puri,Odisha,East Coast (Bay of Bengal),19.8135,85.8312,2.5,May 2019 Category-5 Equivalent Cyclone Fani,2019-04-27T06:00,0.0,1005.4,21.7,46.1,0.062,0.083,0.128
puri_coastal,Puri,Odisha,East Coast (Bay of Bengal),19.8135,85.8312,2.5,May 2019 Category-5 Equivalent Cyclone Fani,2019-04-27T07:00,0.0,1004.4,22.6,47.2,0.062,0.082,0.128
puri_coastal,Puri,Odisha,East Coast (Bay of Bengal),19.8135,85.8312,2.5,May 2019 Category-5 Equivalent Cyclone Fani,2019-04-27T08:00,0.0,1003.2,24.8,50.8,0.062,0.082,0.127
puri_coastal,Puri,Odisha,East Coast (Bay of Bengal),19.8135,85.8312,2.5,May 2019 Category-5 Equivalent Cyclone Fani,2019-04-27T09:00,0.0,1002.3,25.9,52.2,0.062,0.082,0.127
puri_coastal,Puri,Odisha,East Coast (Bay of Bengal),19.8135,85.8312,2.5,May 2019 Category-5 Equivalent Cyclone Fani,2019-04-27T10:00,0.0,1001.7,25.0,51.8,0.062,0.082,0.127
puri_coastal,Puri,Odisha,East Coast (Bay of Bengal),19.8135,85.8312,2.5,May 2019 Category-5 Equivalent Cyclone Fani,2019-04-27T11:00,0.0,1001.7,25.7,49.7,0.062,0.082,0.127
puri_coastal,Puri,Odisha,East Coast (Bay of Bengal),19.8135,85.8312,2.5,May 2019 Category-5 Equivalent Cyclone Fani,2019-04-27T12:00,0.0,1002.0,26.6,49.3,0.063,0.084,0.129
puri_coastal,Puri,Odisha,East Coast (Bay of Bengal),19.8135,85.8312,2.5,May 2019 Category-5 Equivalent Cyclone Fani,2019-04-27T13:00,0.0,1003.0,25.3,48.6,0.063,0.084,0.129
puri_coastal,Puri,Odisha,East Coast (Bay of Bengal),19.8135,85.8312,2.5,May 2019 Category-5 Equivalent Cyclone Fani,2019-04-27T14:00,0.0,1004.2,25.1,46.8,0.063,0.084,0.129
puri_coastal,Puri,Odisha,East Coast (Bay of Bengal),19.8135,85.8312,2.5,May 2019 Category-5 Equivalent Cyclone Fani,2019-04-27T15:00,0.0,1005.0,26.9,48.2,0.063,0.084,0.129
puri_coastal,Puri,Odisha,East Coast (Bay of Bengal),19.8135,85.8312,2.5,May 2019 Category-5 Equivalent Cyclone Fani,2019-04-27T16:00,0.0,1005.5,28.6,51.5,0.063,0.084,0.129
puri_coastal,Puri,Odisha,East Coast (Bay of Bengal),19.8135,85.8312,2.5,May 2019 Category-5 Equivalent Cyclone Fani,2019-04-27T17:00,0.0,1005.7,26.1,51.8,0.063,0.084,0.129
puri_coastal,Puri,Odisha,East Coast (Bay of Bengal),19.8135,85.8312,2.5,May 2019 Category-5 Equivalent Cyclone Fani,2019-04-27T18:00,0.0,1005.4,27.0,48.2,0.063,0.084,0.129
puri_coastal,Puri,Odisha,East Coast (Bay of Bengal),19.8135,85.8312,2.5,May 2019 Category-5 Equivalent Cyclone Fani,2019-04-27T19:00,0.0,1004.6,27.1,49.7,0.063,0.084,0.129
puri_coastal,Puri,Odisha,East Coast (Bay of Bengal),19.8135,85.8312,2.5,May 2019 Category-5 Equivalent Cyclone Fani,2019-04-27T20:00,0.0,1004.0,25.3,48.6,0.063,0.084,0.129
puri_coastal,Puri,Odisha,East Coast (Bay of Bengal),19.8135,85.8312,2.5,May 2019 Category-5 Equivalent Cyclone Fani,2019-04-27T21:00,0.0,1003.5,25.0,45.7,0.063,0.084,0.129
puri_coastal,Puri,Odisha,East Coast (Bay of Bengal),19.8135,85.8312,2.5,May 2019 Category-5 Equivalent Cyclone Fani,2019-04-27T22:00,0.0,1003.7,24.6,46.1,0.063,0.084,0.129
puri_coastal,Puri,Odisha,East Coast (Bay of Bengal),19.8135,85.8312,2.5,May 2019 Category-5 Equivalent Cyclone Fani,2019-04-27T23:00,0.0,1004.2,22.4,44.6,0.063,0.084,0.129
puri_coastal,Puri,Odisha,East Coast (Bay of Bengal),19.8135,85.8312,2.5,May 2019 Category-5 Equivalent Cyclone Fani,2019-04-28T00:00,0.0,1004.5,21.3,40.3,0.063,0.084,0.129
puri_coastal,Puri,Odisha,East Coast (Bay of Bengal),19.8135,85.8312,2.5,May 2019 Category-5 Equivalent Cyclone Fani,2019-04-28T01:00,0.0,1005.4,24.8,45.4,0.063,0.084,0.129
puri_coastal,Puri,Odisha,East Coast (Bay of Bengal),19.8135,85.8312,2.5,May 2019 Category-5 Equivalent Cyclone Fani,2019-04-28T02:00,0.0,1006.0,26.6,50.4,0.063,0.084,0.129
puri_coastal,Puri,Odisha,East Coast (Bay of Bengal),19.8135,85.8312,2.5,May 2019 Category-5 Equivalent Cyclone Fani,2019-04-28T03:00,0.0,1006.6,26.1,51.1,0.063,0.084,0.129
puri_coastal,Puri,Odisha,East Coast (Bay of Bengal),19.8135,85.8312,2.5,May 2019 Category-5 Equivalent Cyclone Fani,2019-04-28T04:00,0.0,1007.0,26.0,51.8,0.063,0.083,0.129
puri_coastal,Puri,Odisha,East Coast (Bay of Bengal),19.8135,85.8312,2.5,May 2019 Category-5 Equivalent Cyclone Fani,2019-04-28T05:00,0.0,1006.5,26.3,52.9,0.062,0.083,0.128
puri_coastal,Puri,Odisha,East Coast (Bay of Bengal),19.8135,85.8312,2.5,May 2019 Category-5 Equivalent Cyclone Fani,2019-04-28T06:00,0.0,1005.8,27.5,55.4,0.062,0.083,0.128
puri_coastal,Puri,Odisha,East Coast (Bay of Bengal),19.8135,85.8312,2.5,May 2019 Category-5 Equivalent Cyclone Fani,2019-04-28T07:00,0.0,1004.8,27.4,56.2,0.062,0.083,0.128
puri_coastal,Puri,Odisha,East Coast (Bay of Bengal),19.8135,85.8312,2.5,May 2019 Category-5 Equivalent Cyclone Fani,2019-04-28T08:00,0.0,1004.0,25.7,55.4,0.062,0.083,0.128
puri_coastal,Puri,Odisha,East Coast (Bay of Bengal),19.8135,85.8312,2.5,May 2019 Category-5 Equivalent Cyclone Fani,2019-04-28T09:00,0.0,1003.1,25.9,52.2,0.062,0.082,0.128
puri_coastal,Puri,Odisha,East Coast (Bay of Bengal),19.8135,85.8312,2.5,May 2019 Category-5 Equivalent Cyclone Fani,2019-04-28T10:00,0.0,1002.7,25.3,52.2,0.062,0.082,0.128
puri_coastal,Puri,Odisha,East Coast (Bay of Bengal),19.8135,85.8312,2.5,May 2019 Category-5 Equivalent Cyclone Fani,2019-04-28T11:00,0.0,1002.7,22.7,50.0,0.062,0.082,0.128
puri_coastal,Puri,Odisha,East Coast (Bay of Bengal),19.8135,85.8312,2.5,May 2019 Category-5 Equivalent Cyclone Fani,2019-04-28T12:00,0.0,1003.2,20.5,43.9,0.063,0.084,0.129
puri_coastal,Puri,Odisha,East Coast (Bay of Bengal),19.8135,85.8312,2.5,May 2019 Category-5 Equivalent Cyclone Fani,2019-04-28T13:00,0.0,1003.6,22.0,40.3,0.063,0.084,0.129
puri_coastal,Puri,Odisha,East Coast (Bay of Bengal),19.8135,85.8312,2.5,May 2019 Category-5 Equivalent Cyclone Fani,2019-04-28T14:00,0.0,1004.2,27.4,50.0,0.063,0.084,0.129
puri_coastal,Puri,Odisha,East Coast (Bay of Bengal),19.8135,85.8312,2.5,May 2019 Category-5 Equivalent Cyclone Fani,2019-04-28T15:00,0.0,1004.9,27.8,51.8,0.063,0.084,0.129
puri_coastal,Puri,Odisha,East Coast (Bay of Bengal),19.8135,85.8312,2.5,May 2019 Category-5 Equivalent Cyclone Fani,2019-04-28T16:00,0.0,1005.8,27.0,50.0,0.063,0.084,0.129
puri_coastal,Puri,Odisha,East Coast (Bay of Bengal),19.8135,85.8312,2.5,May 2019 Category-5 Equivalent Cyclone Fani,2019-04-28T17:00,0.0,1006.2,27.4,49.3,0.063,0.084,0.129
puri_coastal,Puri,Odisha,East Coast (Bay of Bengal),19.8135,85.8312,2.5,May 2019 Category-5 Equivalent Cyclone Fani,2019-04-28T18:00,0.0,1005.8,27.2,49.3,0.063,0.084,0.129
puri_coastal,Puri,Odisha,East Coast (Bay of Bengal),19.8135,85.8312,2.5,May 2019 Category-5 Equivalent Cyclone Fani,2019-04-28T19:00,0.0,1005.0,27.4,50.0,0.063,0.084,0.129
puri_coastal,Puri,Odisha,East Coast (Bay of Bengal),19.8135,85.8312,2.5,May 2019 Category-5 Equivalent Cyclone Fani,2019-04-28T20:00,0.0,1004.4,27.6,49.7,0.062,0.084,0.129
puri_coastal,Puri,Odisha,East Coast (Bay of Bengal),19.8135,85.8312,2.5,May 2019 Category-5 Equivalent Cyclone Fani,2019-04-28T21:00,0.0,1004.1,30.1,54.0,0.062,0.084,0.129
puri_coastal,Puri,Odisha,East Coast (Bay of Bengal),19.8135,85.8312,2.5,May 2019 Category-5 Equivalent Cyclone Fani,2019-04-28T22:00,0.0,1004.0,27.3,54.0,0.062,0.084,0.129
puri_coastal,Puri,Odisha,East Coast (Bay of Bengal),19.8135,85.8312,2.5,May 2019 Category-5 Equivalent Cyclone Fani,2019-04-28T23:00,0.0,1004.4,25.3,49.0,0.062,0.084,0.129
puri_coastal,Puri,Odisha,East Coast (Bay of Bengal),19.8135,85.8312,2.5,May 2019 Category-5 Equivalent Cyclone Fani,2019-04-29T00:00,0.0,1005.0,26.6,45.4,0.062,0.084,0.129
puri_coastal,Puri,Odisha,East Coast (Bay of Bengal),19.8135,85.8312,2.5,May 2019 Category-5 Equivalent Cyclone Fani,2019-04-29T01:00,0.0,1005.6,27.3,51.1,0.062,0.084,0.129
puri_coastal,Puri,Odisha,East Coast (Bay of Bengal),19.8135,85.8312,2.5,May 2019 Category-5 Equivalent Cyclone Fani,2019-04-29T02:00,0.0,1006.6,27.2,51.8,0.062,0.083,0.129
puri_coastal,Puri,Odisha,East Coast (Bay of Bengal),19.8135,85.8312,2.5,May 2019 Category-5 Equivalent Cyclone Fani,2019-04-29T03:00,0.0,1007.1,27.6,53.6,0.062,0.083,0.129
puri_coastal,Puri,Odisha,East Coast (Bay of Bengal),19.8135,85.8312,2.5,May 2019 Category-5 Equivalent Cyclone Fani,2019-04-29T04:00,0.0,1007.3,28.0,54.7,0.062,0.083,0.129
puri_coastal,Puri,Odisha,East Coast (Bay of Bengal),19.8135,85.8312,2.5,May 2019 Category-5 Equivalent Cyclone Fani,2019-04-29T05:00,0.0,1007.1,27.1,55.1,0.062,0.083,0.128
puri_coastal,Puri,Odisha,East Coast (Bay of Bengal),19.8135,85.8312,2.5,May 2019 Category-5 Equivalent Cyclone Fani,2019-04-29T06:00,0.0,1006.5,27.3,55.1,0.062,0.083,0.128
puri_coastal,Puri,Odisha,East Coast (Bay of Bengal),19.8135,85.8312,2.5,May 2019 Category-5 Equivalent Cyclone Fani,2019-04-29T07:00,0.0,1005.4,27.6,55.4,0.062,0.083,0.128
puri_coastal,Puri,Odisha,East Coast (Bay of Bengal),19.8135,85.8312,2.5,May 2019 Category-5 Equivalent Cyclone Fani,2019-04-29T08:00,0.0,1004.5,27.1,55.4,0.062,0.082,0.128
puri_coastal,Puri,Odisha,East Coast (Bay of Bengal),19.8135,85.8312,2.5,May 2019 Category-5 Equivalent Cyclone Fani,2019-04-29T09:00,0.0,1003.6,26.4,54.4,0.062,0.082,0.128
puri_coastal,Puri,Odisha,East Coast (Bay of Bengal),19.8135,85.8312,2.5,May 2019 Category-5 Equivalent Cyclone Fani,2019-04-29T10:00,0.0,1003.0,25.6,52.6,0.061,0.082,0.128
puri_coastal,Puri,Odisha,East Coast (Bay of Bengal),19.8135,85.8312,2.5,May 2019 Category-5 Equivalent Cyclone Fani,2019-04-29T11:00,0.0,1002.7,23.8,50.4,0.061,0.082,0.128
puri_coastal,Puri,Odisha,East Coast (Bay of Bengal),19.8135,85.8312,2.5,May 2019 Category-5 Equivalent Cyclone Fani,2019-04-29T12:00,0.0,1003.2,24.3,45.7,0.062,0.083,0.128
puri_coastal,Puri,Odisha,East Coast (Bay of Bengal),19.8135,85.8312,2.5,May 2019 Category-5 Equivalent Cyclone Fani,2019-04-29T13:00,0.0,1003.8,24.5,45.7,0.062,0.083,0.128
puri_coastal,Puri,Odisha,East Coast (Bay of Bengal),19.8135,85.8312,2.5,May 2019 Category-5 Equivalent Cyclone Fani,2019-04-29T14:00,0.0,1004.8,22.6,45.0,0.062,0.083,0.128
puri_coastal,Puri,Odisha,East Coast (Bay of Bengal),19.8135,85.8312,2.5,May 2019 Category-5 Equivalent Cyclone Fani,2019-04-29T15:00,0.0,1005.5,23.7,43.2,0.062,0.083,0.128
puri_coastal,Puri,Odisha,East Coast (Bay of Bengal),19.8135,85.8312,2.5,May 2019 Category-5 Equivalent Cyclone Fani,2019-04-29T16:00,0.0,1005.9,23.6,43.9,0.062,0.083,0.128
puri_coastal,Puri,Odisha,East Coast (Bay of Bengal),19.8135,85.8312,2.5,May 2019 Category-5 Equivalent Cyclone Fani,2019-04-29T17:00,0.0,1006.1,22.1,42.8,0.062,0.083,0.128
puri_coastal,Puri,Odisha,East Coast (Bay of Bengal),19.8135,85.8312,2.5,May 2019 Category-5 Equivalent Cyclone Fani,2019-04-29T18:00,0.0,1005.9,23.2,41.8,0.062,0.083,0.128
puri_coastal,Puri,Odisha,East Coast (Bay of Bengal),19.8135,85.8312,2.5,May 2019 Category-5 Equivalent Cyclone Fani,2019-04-29T19:00,0.0,1005.2,23.7,43.6,0.062,0.083,0.128
puri_coastal,Puri,Odisha,East Coast (Bay of Bengal),19.8135,85.8312,2.5,May 2019 Category-5 Equivalent Cyclone Fani,2019-04-29T20:00,0.0,1004.6,23.5,42.8,0.062,0.083,0.128
puri_coastal,Puri,Odisha,East Coast (Bay of Bengal),19.8135,85.8312,2.5,May 2019 Category-5 Equivalent Cyclone Fani,2019-04-29T21:00,0.0,1003.9,23.8,43.2,0.062,0.083,0.128
puri_coastal,Puri,Odisha,East Coast (Bay of Bengal),19.8135,85.8312,2.5,May 2019 Category-5 Equivalent Cyclone Fani,2019-04-29T22:00,0.0,1003.9,22.7,42.8,0.062,0.083,0.128
puri_coastal,Puri,Odisha,East Coast (Bay of Bengal),19.8135,85.8312,2.5,May 2019 Category-5 Equivalent Cyclone Fani,2019-04-29T23:00,0.0,1004.1,22.4,41.0,0.062,0.083,0.128
puri_coastal,Puri,Odisha,East Coast (Bay of Bengal),19.8135,85.8312,2.5,May 2019 Category-5 Equivalent Cyclone Fani,2019-04-30T00:00,0.0,1005.0,22.9,40.0,0.062,0.083,0.128
puri_coastal,Puri,Odisha,East Coast (Bay of Bengal),19.8135,85.8312,2.5,May 2019 Category-5 Equivalent Cyclone Fani,2019-04-30T01:00,0.0,1005.7,24.4,46.1,0.062,0.083,0.128
puri_coastal,Puri,Odisha,East Coast (Bay of Bengal),19.8135,85.8312,2.5,May 2019 Category-5 Equivalent Cyclone Fani,2019-04-30T02:00,0.0,1006.1,24.1,47.2,0.062,0.083,0.128
puri_coastal,Puri,Odisha,East Coast (Bay of Bengal),19.8135,85.8312,2.5,May 2019 Category-5 Equivalent Cyclone Fani,2019-04-30T03:00,0.0,1006.7,23.1,46.4,0.062,0.083,0.128
puri_coastal,Puri,Odisha,East Coast (Bay of Bengal),19.8135,85.8312,2.5,May 2019 Category-5 Equivalent Cyclone Fani,2019-04-30T04:00,0.0,1006.9,22.4,47.2,0.062,0.083,0.128
puri_coastal,Puri,Odisha,East Coast (Bay of Bengal),19.8135,85.8312,2.5,May 2019 Category-5 Equivalent Cyclone Fani,2019-04-30T05:00,0.0,1007.0,21.7,46.4,0.062,0.083,0.128
puri_coastal,Puri,Odisha,East Coast (Bay of Bengal),19.8135,85.8312,2.5,May 2019 Category-5 Equivalent Cyclone Fani,2019-04-30T06:00,0.0,1006.7,22.3,47.2,0.061,0.082,0.128
puri_coastal,Puri,Odisha,East Coast (Bay of Bengal),19.8135,85.8312,2.5,May 2019 Category-5 Equivalent Cyclone Fani,2019-04-30T07:00,0.0,1006.0,21.3,47.2,0.061,0.082,0.128
puri_coastal,Puri,Odisha,East Coast (Bay of Bengal),19.8135,85.8312,2.5,May 2019 Category-5 Equivalent Cyclone Fani,2019-04-30T08:00,0.0,1005.0,20.1,45.0,0.061,0.082,0.128
puri_coastal,Puri,Odisha,East Coast (Bay of Bengal),19.8135,85.8312,2.5,May 2019 Category-5 Equivalent Cyclone Fani,2019-04-30T09:00,0.0,1004.1,18.6,42.5,0.061,0.082,0.127
puri_coastal,Puri,Odisha,East Coast (Bay of Bengal),19.8135,85.8312,2.5,May 2019 Category-5 Equivalent Cyclone Fani,2019-04-30T10:00,0.0,1003.7,17.8,40.0,0.061,0.082,0.127
puri_coastal,Puri,Odisha,East Coast (Bay of Bengal),19.8135,85.8312,2.5,May 2019 Category-5 Equivalent Cyclone Fani,2019-04-30T11:00,0.0,1003.3,19.2,38.2,0.061,0.082,0.127
puri_coastal,Puri,Odisha,East Coast (Bay of Bengal),19.8135,85.8312,2.5,May 2019 Category-5 Equivalent Cyclone Fani,2019-04-30T12:00,0.0,1003.3,14.8,38.2,0.061,0.082,0.128
puri_coastal,Puri,Odisha,East Coast (Bay of Bengal),19.8135,85.8312,2.5,May 2019 Category-5 Equivalent Cyclone Fani,2019-04-30T13:00,0.0,1004.0,13.7,28.4,0.061,0.082,0.128
puri_coastal,Puri,Odisha,East Coast (Bay of Bengal),19.8135,85.8312,2.5,May 2019 Category-5 Equivalent Cyclone Fani,2019-04-30T14:00,0.0,1004.9,14.5,25.9,0.061,0.082,0.128
puri_coastal,Puri,Odisha,East Coast (Bay of Bengal),19.8135,85.8312,2.5,May 2019 Category-5 Equivalent Cyclone Fani,2019-04-30T15:00,0.0,1005.7,14.4,27.0,0.061,0.082,0.128
puri_coastal,Puri,Odisha,East Coast (Bay of Bengal),19.8135,85.8312,2.5,May 2019 Category-5 Equivalent Cyclone Fani,2019-04-30T16:00,0.0,1006.3,14.4,26.3,0.061,0.082,0.128
puri_coastal,Puri,Odisha,East Coast (Bay of Bengal),19.8135,85.8312,2.5,May 2019 Category-5 Equivalent Cyclone Fani,2019-04-30T17:00,0.0,1006.5,13.3,25.9,0.061,0.082,0.128
puri_coastal,Puri,Odisha,East Coast (Bay of Bengal),19.8135,85.8312,2.5,May 2019 Category-5 Equivalent Cyclone Fani,2019-04-30T18:00,0.0,1005.7,11.9,24.5,0.061,0.082,0.128
puri_coastal,Puri,Odisha,East Coast (Bay of Bengal),19.8135,85.8312,2.5,May 2019 Category-5 Equivalent Cyclone Fani,2019-04-30T19:00,0.0,1004.8,10.1,22.0,0.061,0.082,0.128
puri_coastal,Puri,Odisha,East Coast (Bay of Bengal),19.8135,85.8312,2.5,May 2019 Category-5 Equivalent Cyclone Fani,2019-04-30T20:00,0.0,1004.2,8.7,18.0,0.061,0.082,0.128
puri_coastal,Puri,Odisha,East Coast (Bay of Bengal),19.8135,85.8312,2.5,May 2019 Category-5 Equivalent Cyclone Fani,2019-04-30T21:00,0.0,1003.6,9.7,17.6,0.061,0.082,0.128
puri_coastal,Puri,Odisha,East Coast (Bay of Bengal),19.8135,85.8312,2.5,May 2019 Category-5 Equivalent Cyclone Fani,2019-04-30T22:00,0.0,1003.4,11.5,20.2,0.061,0.082,0.128
puri_coastal,Puri,Odisha,East Coast (Bay of Bengal),19.8135,85.8312,2.5,May 2019 Category-5 Equivalent Cyclone Fani,2019-04-30T23:00,0.0,1003.4,10.8,22.7,0.061,0.082,0.128
puri_coastal,Puri,Odisha,East Coast (Bay of Bengal),19.8135,85.8312,2.5,May 2019 Category-5 Equivalent Cyclone Fani,2019-05-01T00:00,0.0,1004.2,10.5,20.2,0.061,0.082,0.127
puri_coastal,Puri,Odisha,East Coast (Bay of Bengal),19.8135,85.8312,2.5,May 2019 Category-5 Equivalent Cyclone Fani,2019-05-01T01:00,0.0,1005.0,12.6,25.2,0.061,0.082,0.127
puri_coastal,Puri,Odisha,East Coast (Bay of Bengal),19.8135,85.8312,2.5,May 2019 Category-5 Equivalent Cyclone Fani,2019-05-01T02:00,0.0,1005.4,12.8,27.0,0.061,0.082,0.127
puri_coastal,Puri,Odisha,East Coast (Bay of Bengal),19.8135,85.8312,2.5,May 2019 Category-5 Equivalent Cyclone Fani,2019-05-01T03:00,0.0,1005.6,15.0,32.0,0.061,0.082,0.127
puri_coastal,Puri,Odisha,East Coast (Bay of Bengal),19.8135,85.8312,2.5,May 2019 Category-5 Equivalent Cyclone Fani,2019-05-01T04:00,0.0,1005.7,15.5,34.2,0.061,0.082,0.127
puri_coastal,Puri,Odisha,East Coast (Bay of Bengal),19.8135,85.8312,2.5,May 2019 Category-5 Equivalent Cyclone Fani,2019-05-01T05:00,0.0,1005.6,15.9,36.4,0.061,0.082,0.127
puri_coastal,Puri,Odisha,East Coast (Bay of Bengal),19.8135,85.8312,2.5,May 2019 Category-5 Equivalent Cyclone Fani,2019-05-01T06:00,0.0,1005.3,16.8,37.4,0.061,0.081,0.127
puri_coastal,Puri,Odisha,East Coast (Bay of Bengal),19.8135,85.8312,2.5,May 2019 Category-5 Equivalent Cyclone Fani,2019-05-01T07:00,0.0,1004.5,17.4,38.9,0.061,0.081,0.127
puri_coastal,Puri,Odisha,East Coast (Bay of Bengal),19.8135,85.8312,2.5,May 2019 Category-5 Equivalent Cyclone Fani,2019-05-01T08:00,0.0,1003.6,16.0,38.5,0.061,0.081,0.127
puri_coastal,Puri,Odisha,East Coast (Bay of Bengal),19.8135,85.8312,2.5,May 2019 Category-5 Equivalent Cyclone Fani,2019-05-01T09:00,0.0,1002.8,16.7,36.4,0.061,0.081,0.126
puri_coastal,Puri,Odisha,East Coast (Bay of Bengal),19.8135,85.8312,2.5,May 2019 Category-5 Equivalent Cyclone Fani,2019-05-01T10:00,0.0,1002.1,15.8,36.0,0.061,0.081,0.126
puri_coastal,Puri,Odisha,East Coast (Bay of Bengal),19.8135,85.8312,2.5,May 2019 Category-5 Equivalent Cyclone Fani,2019-05-01T11:00,0.0,1001.7,11.6,33.8,0.061,0.081,0.126
puri_coastal,Puri,Odisha,East Coast (Bay of Bengal),19.8135,85.8312,2.5,May 2019 Category-5 Equivalent Cyclone Fani,2019-05-01T12:00,0.0,1003.3,17.3,25.6,0.063,0.08,0.126
puri_coastal,Puri,Odisha,East Coast (Bay of Bengal),19.8135,85.8312,2.5,May 2019 Category-5 Equivalent Cyclone Fani,2019-05-01T13:00,0.0,1003.6,16.2,32.4,0.063,0.08,0.126
puri_coastal,Puri,Odisha,East Coast (Bay of Bengal),19.8135,85.8312,2.5,May 2019 Category-5 Equivalent Cyclone Fani,2019-05-01T14:00,0.0,1004.1,16.9,30.2,0.063,0.08,0.126
puri_coastal,Puri,Odisha,East Coast (Bay of Bengal),19.8135,85.8312,2.5,May 2019 Category-5 Equivalent Cyclone Fani,2019-05-01T15:00,0.0,1005.0,13.7,31.3,0.063,0.08,0.126
puri_coastal,Puri,Odisha,East Coast (Bay of Bengal),19.8135,85.8312,2.5,May 2019 Category-5 Equivalent Cyclone Fani,2019-05-01T16:00,0.2,1005.6,11.0,24.8,0.065,0.08,0.126
puri_coastal,Puri,Odisha,East Coast (Bay of Bengal),19.8135,85.8312,2.5,May 2019 Category-5 Equivalent Cyclone Fani,2019-05-01T17:00,0.0,1006.0,11.8,20.2,0.065,0.08,0.126
puri_coastal,Puri,Odisha,East Coast (Bay of Bengal),19.8135,85.8312,2.5,May 2019 Category-5 Equivalent Cyclone Fani,2019-05-01T18:00,0.3,1004.7,4.6,21.2,0.068,0.08,0.126
puri_coastal,Puri,Odisha,East Coast (Bay of Bengal),19.8135,85.8312,2.5,May 2019 Category-5 Equivalent Cyclone Fani,2019-05-01T19:00,0.0,1004.1,4.5,8.3,0.068,0.08,0.126
puri_coastal,Puri,Odisha,East Coast (Bay of Bengal),19.8135,85.8312,2.5,May 2019 Category-5 Equivalent Cyclone Fani,2019-05-01T20:00,0.0,1003.1,3.3,6.5,0.068,0.08,0.126
puri_coastal,Puri,Odisha,East Coast (Bay of Bengal),19.8135,85.8312,2.5,May 2019 Category-5 Equivalent Cyclone Fani,2019-05-01T21:00,0.0,1002.5,6.3,10.4,0.068,0.08,0.126
puri_coastal,Puri,Odisha,East Coast (Bay of Bengal),19.8135,85.8312,2.5,May 2019 Category-5 Equivalent Cyclone Fani,2019-05-01T22:00,0.0,1002.0,8.4,14.4,0.068,0.08,0.126
puri_coastal,Puri,Odisha,East Coast (Bay of Bengal),19.8135,85.8312,2.5,May 2019 Category-5 Equivalent Cyclone Fani,2019-05-01T23:00,0.0,1002.4,10.8,18.7,0.068,0.08,0.126
puri_coastal,Puri,Odisha,East Coast (Bay of Bengal),19.8135,85.8312,2.5,May 2019 Category-5 Equivalent Cyclone Fani,2019-05-02T00:00,0.1,1002.3,14.7,23.8,0.066,0.081,0.126
puri_coastal,Puri,Odisha,East Coast (Bay of Bengal),19.8135,85.8312,2.5,May 2019 Category-5 Equivalent Cyclone Fani,2019-05-02T01:00,0.1,1002.9,22.8,38.5,0.067,0.081,0.126
puri_coastal,Puri,Odisha,East Coast (Bay of Bengal),19.8135,85.8312,2.5,May 2019 Category-5 Equivalent Cyclone Fani,2019-05-02T02:00,0.2,1003.7,26.9,50.4,0.068,0.081,0.126
puri_coastal,Puri,Odisha,East Coast (Bay of Bengal),19.8135,85.8312,2.5,May 2019 Category-5 Equivalent Cyclone Fani,2019-05-02T03:00,0.2,1004.3,29.6,54.7,0.07,0.081,0.126
puri_coastal,Puri,Odisha,East Coast (Bay of Bengal),19.8135,85.8312,2.5,May 2019 Category-5 Equivalent Cyclone Fani,2019-05-02T04:00,0.2,1004.0,27.4,57.2,0.071,0.08,0.126
puri_coastal,Puri,Odisha,East Coast (Bay of Bengal),19.8135,85.8312,2.5,May 2019 Category-5 Equivalent Cyclone Fani,2019-05-02T05:00,0.0,1004.2,26.1,52.9,0.071,0.08,0.125
puri_coastal,Puri,Odisha,East Coast (Bay of Bengal),19.8135,85.8312,2.5,May 2019 Category-5 Equivalent Cyclone Fani,2019-05-02T06:00,0.0,1003.4,27.8,54.7,0.071,0.08,0.125
puri_coastal,Puri,Odisha,East Coast (Bay of Bengal),19.8135,85.8312,2.5,May 2019 Category-5 Equivalent Cyclone Fani,2019-05-02T07:00,0.1,1002.8,25.1,54.4,0.071,0.08,0.125
puri_coastal,Puri,Odisha,East Coast (Bay of Bengal),19.8135,85.8312,2.5,May 2019 Category-5 Equivalent Cyclone Fani,2019-05-02T08:00,1.7,1002.7,22.7,52.6,0.09,0.08,0.125
puri_coastal,Puri,Odisha,East Coast (Bay of Bengal),19.8135,85.8312,2.5,May 2019 Category-5 Equivalent Cyclone Fani,2019-05-02T09:00,0.3,1001.7,24.0,58.0,0.092,0.08,0.125
puri_coastal,Puri,Odisha,East Coast (Bay of Bengal),19.8135,85.8312,2.5,May 2019 Category-5 Equivalent Cyclone Fani,2019-05-02T10:00,3.5,1000.7,20.5,56.2,0.136,0.08,0.125
puri_coastal,Puri,Odisha,East Coast (Bay of Bengal),19.8135,85.8312,2.5,May 2019 Category-5 Equivalent Cyclone Fani,2019-05-02T11:00,2.8,1000.3,24.1,45.4,0.174,0.08,0.125
puri_coastal,Puri,Odisha,East Coast (Bay of Bengal),19.8135,85.8312,2.5,May 2019 Category-5 Equivalent Cyclone Fani,2019-05-02T12:00,0.9,999.9,21.3,52.6,0.17,0.08,0.126
puri_coastal,Puri,Odisha,East Coast (Bay of Bengal),19.8135,85.8312,2.5,May 2019 Category-5 Equivalent Cyclone Fani,2019-05-02T13:00,11.4,1000.2,25.7,49.7,0.32,0.084,0.126
puri_coastal,Puri,Odisha,East Coast (Bay of Bengal),19.8135,85.8312,2.5,May 2019 Category-5 Equivalent Cyclone Fani,2019-05-02T14:00,9.9,1000.7,31.0,60.5,0.366,0.115,0.126
puri_coastal,Puri,Odisha,East Coast (Bay of Bengal),19.8135,85.8312,2.5,May 2019 Category-5 Equivalent Cyclone Fani,2019-05-02T15:00,16.2,1001.2,38.0,71.3,0.369,0.19,0.126
puri_coastal,Puri,Odisha,East Coast (Bay of Bengal),19.8135,85.8312,2.5,May 2019 Category-5 Equivalent Cyclone Fani,2019-05-02T16:00,9.0,1001.5,35.8,74.2,0.361,0.235,0.126
puri_coastal,Puri,Odisha,East Coast (Bay of Bengal),19.8135,85.8312,2.5,May 2019 Category-5 Equivalent Cyclone Fani,2019-05-02T17:00,4.5,1000.9,33.7,64.1,0.349,0.259,0.126
puri_coastal,Puri,Odisha,East Coast (Bay of Bengal),19.8135,85.8312,2.5,May 2019 Category-5 Equivalent Cyclone Fani,2019-05-02T18:00,1.7,999.6,34.7,63.4,0.34,0.269,0.126
puri_coastal,Puri,Odisha,East Coast (Bay of Bengal),19.8135,85.8312,2.5,May 2019 Category-5 Equivalent Cyclone Fani,2019-05-02T19:00,14.0,997.9,34.2,62.6,0.391,0.315,0.127
puri_coastal,Puri,Odisha,East Coast (Bay of Bengal),19.8135,85.8312,2.5,May 2019 Category-5 Equivalent Cyclone Fani,2019-05-02T20:00,13.5,996.5,44.2,81.4,0.376,0.37,0.13
puri_coastal,Puri,Odisha,East Coast (Bay of Bengal),19.8135,85.8312,2.5,May 2019 Category-5 Equivalent Cyclone Fani,2019-05-02T21:00,4.9,994.8,42.2,89.6,0.381,0.367,0.137
puri_coastal,Puri,Odisha,East Coast (Bay of Bengal),19.8135,85.8312,2.5,May 2019 Category-5 Equivalent Cyclone Fani,2019-05-02T22:00,2.4,994.0,42.3,84.6,0.365,0.362,0.143
puri_coastal,Puri,Odisha,East Coast (Bay of Bengal),19.8135,85.8312,2.5,May 2019 Category-5 Equivalent Cyclone Fani,2019-05-02T23:00,3.2,993.1,47.5,84.2,0.377,0.356,0.148
puri_coastal,Puri,Odisha,East Coast (Bay of Bengal),19.8135,85.8312,2.5,May 2019 Category-5 Equivalent Cyclone Fani,2019-05-03T00:00,8.7,991.4,45.6,105.8,0.353,0.286,0.127
puri_coastal,Puri,Odisha,East Coast (Bay of Bengal),19.8135,85.8312,2.5,May 2019 Category-5 Equivalent Cyclone Fani,2019-05-03T01:00,3.9,989.7,48.3,82.4,0.359,0.299,0.128
puri_coastal,Puri,Odisha,East Coast (Bay of Bengal),19.8135,85.8312,2.5,May 2019 Category-5 Equivalent Cyclone Fani,2019-05-03T02:00,2.0,984.6,70.8,126.7,0.346,0.308,0.128
puri_coastal,Puri,Odisha,East Coast (Bay of Bengal),19.8135,85.8312,2.5,May 2019 Category-5 Equivalent Cyclone Fani,2019-05-03T03:00,2.0,977.2,80.1,143.6,0.347,0.311,0.129
puri_coastal,Puri,Odisha,East Coast (Bay of Bengal),19.8135,85.8312,2.5,May 2019 Category-5 Equivalent Cyclone Fani,2019-05-03T04:00,8.4,967.1,63.2,144.7,0.379,0.334,0.131
puri_coastal,Puri,Odisha,East Coast (Bay of Bengal),19.8135,85.8312,2.5,May 2019 Category-5 Equivalent Cyclone Fani,2019-05-03T05:00,6.3,969.4,73.3,118.1,0.387,0.351,0.134
puri_coastal,Puri,Odisha,East Coast (Bay of Bengal),19.8135,85.8312,2.5,May 2019 Category-5 Equivalent Cyclone Fani,2019-05-03T06:00,18.6,978.4,91.4,163.8,0.403,0.392,0.143
puri_coastal,Puri,Odisha,East Coast (Bay of Bengal),19.8135,85.8312,2.5,May 2019 Category-5 Equivalent Cyclone Fani,2019-05-03T07:00,25.8,985.4,80.3,163.4,0.386,0.394,0.178
puri_coastal,Puri,Odisha,East Coast (Bay of Bengal),19.8135,85.8312,2.5,May 2019 Category-5 Equivalent Cyclone Fani,2019-05-03T08:00,5.8,988.4,63.8,145.1,0.384,0.377,0.19
puri_coastal,Puri,Odisha,East Coast (Bay of Bengal),19.8135,85.8312,2.5,May 2019 Category-5 Equivalent Cyclone Fani,2019-05-03T09:00,7.3,989.8,55.9,115.2,0.398,0.378,0.198
puri_coastal,Puri,Odisha,East Coast (Bay of Bengal),19.8135,85.8312,2.5,May 2019 Category-5 Equivalent Cyclone Fani,2019-05-03T10:00,8.7,991.6,48.8,106.6,0.396,0.383,0.208
puri_coastal,Puri,Odisha,East Coast (Bay of Bengal),19.8135,85.8312,2.5,May 2019 Category-5 Equivalent Cyclone Fani,2019-05-03T11:00,6.6,992.5,48.2,96.5,0.39,0.38,0.219
puri_coastal,Puri,Odisha,East Coast (Bay of Bengal),19.8135,85.8312,2.5,May 2019 Category-5 Equivalent Cyclone Fani,2019-05-03T12:00,4.2,996.6,35.7,95.8,0.362,0.362,0.26
puri_coastal,Puri,Odisha,East Coast (Bay of Bengal),19.8135,85.8312,2.5,May 2019 Category-5 Equivalent Cyclone Fani,2019-05-03T13:00,1.3,997.9,35.2,64.1,0.357,0.358,0.264
puri_coastal,Puri,Odisha,East Coast (Bay of Bengal),19.8135,85.8312,2.5,May 2019 Category-5 Equivalent Cyclone Fani,2019-05-03T14:00,0.7,999.9,36.0,65.9,0.348,0.353,0.266
puri_coastal,Puri,Odisha,East Coast (Bay of Bengal),19.8135,85.8312,2.5,May 2019 Category-5 Equivalent Cyclone Fani,2019-05-03T15:00,0.2,1001.8,31.0,64.4,0.339,0.349,0.268
puri_coastal,Puri,Odisha,East Coast (Bay of Bengal),19.8135,85.8312,2.5,May 2019 Category-5 Equivalent Cyclone Fani,2019-05-03T16:00,0.0,1002.5,30.1,55.1,0.331,0.345,0.27
puri_coastal,Puri,Odisha,East Coast (Bay of Bengal),19.8135,85.8312,2.5,May 2019 Category-5 Equivalent Cyclone Fani,2019-05-03T17:00,0.0,1003.2,27.1,53.3,0.326,0.341,0.272
puri_coastal,Puri,Odisha,East Coast (Bay of Bengal),19.8135,85.8312,2.5,May 2019 Category-5 Equivalent Cyclone Fani,2019-05-03T18:00,0.7,1002.9,27.3,50.0,0.326,0.338,0.273
puri_coastal,Puri,Odisha,East Coast (Bay of Bengal),19.8135,85.8312,2.5,May 2019 Category-5 Equivalent Cyclone Fani,2019-05-03T19:00,0.0,1002.3,24.2,49.0,0.322,0.335,0.274
puri_coastal,Puri,Odisha,East Coast (Bay of Bengal),19.8135,85.8312,2.5,May 2019 Category-5 Equivalent Cyclone Fani,2019-05-03T20:00,0.0,1001.7,21.2,43.2,0.318,0.333,0.275
puri_coastal,Puri,Odisha,East Coast (Bay of Bengal),19.8135,85.8312,2.5,May 2019 Category-5 Equivalent Cyclone Fani,2019-05-03T21:00,0.0,1001.5,20.4,37.8,0.314,0.33,0.276
puri_coastal,Puri,Odisha,East Coast (Bay of Bengal),19.8135,85.8312,2.5,May 2019 Category-5 Equivalent Cyclone Fani,2019-05-03T22:00,0.0,1001.6,17.3,36.4,0.312,0.328,0.277
puri_coastal,Puri,Odisha,East Coast (Bay of Bengal),19.8135,85.8312,2.5,May 2019 Category-5 Equivalent Cyclone Fani,2019-05-03T23:00,0.0,1002.2,16.3,30.6,0.309,0.326,0.278
puri_coastal,Puri,Odisha,East Coast (Bay of Bengal),19.8135,85.8312,2.5,May 2019 Category-5 Equivalent Cyclone Fani,2019-05-04T00:00,0.0,1003.3,15.0,28.8,0.307,0.325,0.28
puri_coastal,Puri,Odisha,East Coast (Bay of Bengal),19.8135,85.8312,2.5,May 2019 Category-5 Equivalent Cyclone Fani,2019-05-04T01:00,0.0,1004.4,14.4,26.6,0.305,0.323,0.28
puri_coastal,Puri,Odisha,East Coast (Bay of Bengal),19.8135,85.8312,2.5,May 2019 Category-5 Equivalent Cyclone Fani,2019-05-04T02:00,0.0,1005.1,14.1,28.1,0.303,0.321,0.281
puri_coastal,Puri,Odisha,East Coast (Bay of Bengal),19.8135,85.8312,2.5,May 2019 Category-5 Equivalent Cyclone Fani,2019-05-04T03:00,0.0,1005.2,19.1,36.7,0.301,0.319,0.281
puri_coastal,Puri,Odisha,East Coast (Bay of Bengal),19.8135,85.8312,2.5,May 2019 Category-5 Equivalent Cyclone Fani,2019-05-04T04:00,0.0,1005.4,22.7,43.9,0.298,0.317,0.282
puri_coastal,Puri,Odisha,East Coast (Bay of Bengal),19.8135,85.8312,2.5,May 2019 Category-5 Equivalent Cyclone Fani,2019-05-04T05:00,0.0,1005.4,26.2,50.0,0.295,0.315,0.282
puri_coastal,Puri,Odisha,East Coast (Bay of Bengal),19.8135,85.8312,2.5,May 2019 Category-5 Equivalent Cyclone Fani,2019-05-04T06:00,0.0,1005.3,26.7,53.3,0.292,0.312,0.282
puri_coastal,Puri,Odisha,East Coast (Bay of Bengal),19.8135,85.8312,2.5,May 2019 Category-5 Equivalent Cyclone Fani,2019-05-04T07:00,0.0,1004.6,24.4,52.2,0.289,0.31,0.282
puri_coastal,Puri,Odisha,East Coast (Bay of Bengal),19.8135,85.8312,2.5,May 2019 Category-5 Equivalent Cyclone Fani,2019-05-04T08:00,0.0,1003.7,24.7,47.9,0.287,0.308,0.282
puri_coastal,Puri,Odisha,East Coast (Bay of Bengal),19.8135,85.8312,2.5,May 2019 Category-5 Equivalent Cyclone Fani,2019-05-04T09:00,0.0,1003.1,24.9,48.6,0.285,0.307,0.282
puri_coastal,Puri,Odisha,East Coast (Bay of Bengal),19.8135,85.8312,2.5,May 2019 Category-5 Equivalent Cyclone Fani,2019-05-04T10:00,0.0,1003.1,23.2,47.9,0.283,0.305,0.282
puri_coastal,Puri,Odisha,East Coast (Bay of Bengal),19.8135,85.8312,2.5,May 2019 Category-5 Equivalent Cyclone Fani,2019-05-04T11:00,0.0,1003.0,21.5,44.6,0.282,0.303,0.282
puri_coastal,Puri,Odisha,East Coast (Bay of Bengal),19.8135,85.8312,2.5,May 2019 Category-5 Equivalent Cyclone Fani,2019-05-04T12:00,0.0,1003.7,15.6,40.0,0.281,0.302,0.283
puri_coastal,Puri,Odisha,East Coast (Bay of Bengal),19.8135,85.8312,2.5,May 2019 Category-5 Equivalent Cyclone Fani,2019-05-04T13:00,0.0,1004.4,16.6,29.5,0.28,0.301,0.283
puri_coastal,Puri,Odisha,East Coast (Bay of Bengal),19.8135,85.8312,2.5,May 2019 Category-5 Equivalent Cyclone Fani,2019-05-04T14:00,0.0,1005.4,16.7,29.5,0.28,0.3,0.283
puri_coastal,Puri,Odisha,East Coast (Bay of Bengal),19.8135,85.8312,2.5,May 2019 Category-5 Equivalent Cyclone Fani,2019-05-04T15:00,0.0,1006.2,14.3,29.9,0.28,0.299,0.283
puri_coastal,Puri,Odisha,East Coast (Bay of Bengal),19.8135,85.8312,2.5,May 2019 Category-5 Equivalent Cyclone Fani,2019-05-04T16:00,0.0,1006.9,12.6,25.6,0.28,0.298,0.283
puri_coastal,Puri,Odisha,East Coast (Bay of Bengal),19.8135,85.8312,2.5,May 2019 Category-5 Equivalent Cyclone Fani,2019-05-04T17:00,0.0,1007.3,11.7,22.3,0.279,0.297,0.283
puri_coastal,Puri,Odisha,East Coast (Bay of Bengal),19.8135,85.8312,2.5,May 2019 Category-5 Equivalent Cyclone Fani,2019-05-04T18:00,0.0,1006.9,12.1,22.0,0.279,0.297,0.283
puri_coastal,Puri,Odisha,East Coast (Bay of Bengal),19.8135,85.8312,2.5,May 2019 Category-5 Equivalent Cyclone Fani,2019-05-04T19:00,0.0,1006.3,13.6,23.8,0.279,0.296,0.283
puri_coastal,Puri,Odisha,East Coast (Bay of Bengal),19.8135,85.8312,2.5,May 2019 Category-5 Equivalent Cyclone Fani,2019-05-04T20:00,0.0,1005.6,14.6,25.9,0.278,0.295,0.283
puri_coastal,Puri,Odisha,East Coast (Bay of Bengal),19.8135,85.8312,2.5,May 2019 Category-5 Equivalent Cyclone Fani,2019-05-04T21:00,0.0,1005.0,16.4,29.2,0.278,0.295,0.283
puri_coastal,Puri,Odisha,East Coast (Bay of Bengal),19.8135,85.8312,2.5,May 2019 Category-5 Equivalent Cyclone Fani,2019-05-04T22:00,0.0,1004.8,19.3,34.2,0.278,0.294,0.283
puri_coastal,Puri,Odisha,East Coast (Bay of Bengal),19.8135,85.8312,2.5,May 2019 Category-5 Equivalent Cyclone Fani,2019-05-04T23:00,0.0,1005.0,19.3,34.9,0.277,0.293,0.283
puri_coastal,Puri,Odisha,East Coast (Bay of Bengal),19.8135,85.8312,2.5,May 2019 Category-5 Equivalent Cyclone Fani,2019-05-05T00:00,0.0,1006.0,18.6,34.9,0.277,0.293,0.283
puri_coastal,Puri,Odisha,East Coast (Bay of Bengal),19.8135,85.8312,2.5,May 2019 Category-5 Equivalent Cyclone Fani,2019-05-05T01:00,0.0,1006.7,17.6,33.8,0.276,0.292,0.283
puri_coastal,Puri,Odisha,East Coast (Bay of Bengal),19.8135,85.8312,2.5,May 2019 Category-5 Equivalent Cyclone Fani,2019-05-05T02:00,0.0,1007.2,17.9,34.2,0.275,0.292,0.283
puri_coastal,Puri,Odisha,East Coast (Bay of Bengal),19.8135,85.8312,2.5,May 2019 Category-5 Equivalent Cyclone Fani,2019-05-05T03:00,0.0,1007.5,17.6,35.3,0.274,0.291,0.283
puri_coastal,Puri,Odisha,East Coast (Bay of Bengal),19.8135,85.8312,2.5,May 2019 Category-5 Equivalent Cyclone Fani,2019-05-05T04:00,0.0,1007.8,15.2,34.6,0.272,0.29,0.283
puri_coastal,Puri,Odisha,East Coast (Bay of Bengal),19.8135,85.8312,2.5,May 2019 Category-5 Equivalent Cyclone Fani,2019-05-05T05:00,0.0,1007.3,15.6,33.1,0.27,0.288,0.283
puri_coastal,Puri,Odisha,East Coast (Bay of Bengal),19.8135,85.8312,2.5,May 2019 Category-5 Equivalent Cyclone Fani,2019-05-05T06:00,0.1,1006.8,18.6,37.8,0.269,0.287,0.283
puri_coastal,Puri,Odisha,East Coast (Bay of Bengal),19.8135,85.8312,2.5,May 2019 Category-5 Equivalent Cyclone Fani,2019-05-05T07:00,0.1,1006.2,19.4,39.2,0.268,0.286,0.283
puri_coastal,Puri,Odisha,East Coast (Bay of Bengal),19.8135,85.8312,2.5,May 2019 Category-5 Equivalent Cyclone Fani,2019-05-05T08:00,0.0,1005.6,17.3,39.2,0.267,0.285,0.283
puri_coastal,Puri,Odisha,East Coast (Bay of Bengal),19.8135,85.8312,2.5,May 2019 Category-5 Equivalent Cyclone Fani,2019-05-05T09:00,0.1,1004.8,16.2,35.3,0.267,0.284,0.282
puri_coastal,Puri,Odisha,East Coast (Bay of Bengal),19.8135,85.8312,2.5,May 2019 Category-5 Equivalent Cyclone Fani,2019-05-05T10:00,0.0,1004.1,15.0,33.1,0.266,0.283,0.282
puri_coastal,Puri,Odisha,East Coast (Bay of Bengal),19.8135,85.8312,2.5,May 2019 Category-5 Equivalent Cyclone Fani,2019-05-05T11:00,0.0,1004.1,14.1,30.6,0.265,0.283,0.282
puri_coastal,Puri,Odisha,East Coast (Bay of Bengal),19.8135,85.8312,2.5,May 2019 Category-5 Equivalent Cyclone Fani,2019-05-05T12:00,0.0,1004.4,16.9,28.4,0.264,0.282,0.282
puri_coastal,Puri,Odisha,East Coast (Bay of Bengal),19.8135,85.8312,2.5,May 2019 Category-5 Equivalent Cyclone Fani,2019-05-05T13:00,0.0,1005.0,16.4,31.3,0.263,0.281,0.282
puri_coastal,Puri,Odisha,East Coast (Bay of Bengal),19.8135,85.8312,2.5,May 2019 Category-5 Equivalent Cyclone Fani,2019-05-05T14:00,0.0,1005.9,14.6,29.9,0.263,0.281,0.282
puri_coastal,Puri,Odisha,East Coast (Bay of Bengal),19.8135,85.8312,2.5,May 2019 Category-5 Equivalent Cyclone Fani,2019-05-05T15:00,0.0,1006.8,13.6,25.9,0.263,0.281,0.282
puri_coastal,Puri,Odisha,East Coast (Bay of Bengal),19.8135,85.8312,2.5,May 2019 Category-5 Equivalent Cyclone Fani,2019-05-05T16:00,0.0,1007.2,13.6,25.9,0.263,0.28,0.282
puri_coastal,Puri,Odisha,East Coast (Bay of Bengal),19.8135,85.8312,2.5,May 2019 Category-5 Equivalent Cyclone Fani,2019-05-05T17:00,0.0,1007.4,13.0,24.8,0.263,0.28,0.282
puri_coastal,Puri,Odisha,East Coast (Bay of Bengal),19.8135,85.8312,2.5,May 2019 Category-5 Equivalent Cyclone Fani,2019-05-05T18:00,0.0,1006.7,15.2,27.0,0.263,0.279,0.282
puri_coastal,Puri,Odisha,East Coast (Bay of Bengal),19.8135,85.8312,2.5,May 2019 Category-5 Equivalent Cyclone Fani,2019-05-05T19:00,0.0,1005.7,15.6,27.4,0.263,0.279,0.282
puri_coastal,Puri,Odisha,East Coast (Bay of Bengal),19.8135,85.8312,2.5,May 2019 Category-5 Equivalent Cyclone Fani,2019-05-05T20:00,0.0,1004.8,18.6,33.8,0.263,0.279,0.282
puri_coastal,Puri,Odisha,East Coast (Bay of Bengal),19.8135,85.8312,2.5,May 2019 Category-5 Equivalent Cyclone Fani,2019-05-05T21:00,0.0,1004.6,15.5,33.5,0.263,0.278,0.282
puri_coastal,Puri,Odisha,East Coast (Bay of Bengal),19.8135,85.8312,2.5,May 2019 Category-5 Equivalent Cyclone Fani,2019-05-05T22:00,0.0,1004.5,13.7,27.7,0.263,0.278,0.282
puri_coastal,Puri,Odisha,East Coast (Bay of Bengal),19.8135,85.8312,2.5,May 2019 Category-5 Equivalent Cyclone Fani,2019-05-05T23:00,0.0,1004.8,12.0,24.5,0.263,0.278,0.282
puri_coastal,Puri,Odisha,East Coast (Bay of Bengal),19.8135,85.8312,2.5,May 2019 Category-5 Equivalent Cyclone Fani,2019-05-06T00:00,0.0,1004.7,11.1,23.0,0.263,0.277,0.281
puri_coastal,Puri,Odisha,East Coast (Bay of Bengal),19.8135,85.8312,2.5,May 2019 Category-5 Equivalent Cyclone Fani,2019-05-06T01:00,0.0,1005.2,13.6,24.8,0.262,0.277,0.281
puri_coastal,Puri,Odisha,East Coast (Bay of Bengal),19.8135,85.8312,2.5,May 2019 Category-5 Equivalent Cyclone Fani,2019-05-06T02:00,0.0,1006.2,16.6,32.4,0.262,0.276,0.281
puri_coastal,Puri,Odisha,East Coast (Bay of Bengal),19.8135,85.8312,2.5,May 2019 Category-5 Equivalent Cyclone Fani,2019-05-06T03:00,0.0,1006.6,14.1,32.4,0.261,0.276,0.281
puri_coastal,Puri,Odisha,East Coast (Bay of Bengal),19.8135,85.8312,2.5,May 2019 Category-5 Equivalent Cyclone Fani,2019-05-06T04:00,0.0,1007.0,15.3,32.4,0.259,0.275,0.281
puri_coastal,Puri,Odisha,East Coast (Bay of Bengal),19.8135,85.8312,2.5,May 2019 Category-5 Equivalent Cyclone Fani,2019-05-06T05:00,0.0,1006.7,17.5,37.1,0.257,0.274,0.281
puri_coastal,Puri,Odisha,East Coast (Bay of Bengal),19.8135,85.8312,2.5,May 2019 Category-5 Equivalent Cyclone Fani,2019-05-06T06:00,0.0,1006.0,18.7,38.5,0.255,0.272,0.28
puri_coastal,Puri,Odisha,East Coast (Bay of Bengal),19.8135,85.8312,2.5,May 2019 Category-5 Equivalent Cyclone Fani,2019-05-06T07:00,0.0,1005.2,19.3,40.0,0.252,0.271,0.28
puri_coastal,Puri,Odisha,East Coast (Bay of Bengal),19.8135,85.8312,2.5,May 2019 Category-5 Equivalent Cyclone Fani,2019-05-06T08:00,0.0,1004.5,19.8,40.3,0.25,0.27,0.28
puri_coastal,Puri,Odisha,East Coast (Bay of Bengal),19.8135,85.8312,2.5,May 2019 Category-5 Equivalent Cyclone Fani,2019-05-06T09:00,0.0,1003.6,21.4,42.5,0.249,0.269,0.28
puri_coastal,Puri,Odisha,East Coast (Bay of Bengal),19.8135,85.8312,2.5,May 2019 Category-5 Equivalent Cyclone Fani,2019-05-06T10:00,0.0,1002.7,18.9,42.5,0.247,0.268,0.28
puri_coastal,Puri,Odisha,East Coast (Bay of Bengal),19.8135,85.8312,2.5,May 2019 Category-5 Equivalent Cyclone Fani,2019-05-06T11:00,0.0,1002.3,19.6,37.4,0.247,0.267,0.279
puri_coastal,Puri,Odisha,East Coast (Bay of Bengal),19.8135,85.8312,2.5,May 2019 Category-5 Equivalent Cyclone Fani,2019-05-06T12:00,0.0,1002.9,12.4,37.1,0.246,0.267,0.28
puri_coastal,Puri,Odisha,East Coast (Bay of Bengal),19.8135,85.8312,2.5,May 2019 Category-5 Equivalent Cyclone Fani,2019-05-06T13:00,0.0,1003.3,10.9,22.7,0.247,0.266,0.279
puri_coastal,Puri,Odisha,East Coast (Bay of Bengal),19.8135,85.8312,2.5,May 2019 Category-5 Equivalent Cyclone Fani,2019-05-06T14:00,0.0,1004.0,12.2,22.0,0.247,0.266,0.279
puri_coastal,Puri,Odisha,East Coast (Bay of Bengal),19.8135,85.8312,2.5,May 2019 Category-5 Equivalent Cyclone Fani,2019-05-06T15:00,0.0,1004.4,13.2,23.8,0.247,0.266,0.279
puri_coastal,Puri,Odisha,East Coast (Bay of Bengal),19.8135,85.8312,2.5,May 2019 Category-5 Equivalent Cyclone Fani,2019-05-06T16:00,0.0,1004.6,15.1,27.0,0.247,0.265,0.279
puri_coastal,Puri,Odisha,East Coast (Bay of Bengal),19.8135,85.8312,2.5,May 2019 Category-5 Equivalent Cyclone Fani,2019-05-06T17:00,0.0,1004.8,16.3,29.2,0.247,0.265,0.279
puri_coastal,Puri,Odisha,East Coast (Bay of Bengal),19.8135,85.8312,2.5,May 2019 Category-5 Equivalent Cyclone Fani,2019-05-06T18:00,0.0,1004.4,17.3,30.6,0.248,0.265,0.279
puri_coastal,Puri,Odisha,East Coast (Bay of Bengal),19.8135,85.8312,2.5,May 2019 Category-5 Equivalent Cyclone Fani,2019-05-06T19:00,0.0,1003.9,18.3,32.8,0.248,0.264,0.279
puri_coastal,Puri,Odisha,East Coast (Bay of Bengal),19.8135,85.8312,2.5,May 2019 Category-5 Equivalent Cyclone Fani,2019-05-06T20:00,0.0,1003.4,17.3,33.5,0.248,0.264,0.279
puri_coastal,Puri,Odisha,East Coast (Bay of Bengal),19.8135,85.8312,2.5,May 2019 Category-5 Equivalent Cyclone Fani,2019-05-06T21:00,0.0,1002.8,17.9,31.7,0.248,0.264,0.279
puri_coastal,Puri,Odisha,East Coast (Bay of Bengal),19.8135,85.8312,2.5,May 2019 Category-5 Equivalent Cyclone Fani,2019-05-06T22:00,0.0,1002.8,19.6,34.9,0.248,0.263,0.279
puri_coastal,Puri,Odisha,East Coast (Bay of Bengal),19.8135,85.8312,2.5,May 2019 Category-5 Equivalent Cyclone Fani,2019-05-06T23:00,0.0,1003.1,19.1,36.0,0.248,0.263,0.279
puri_coastal,Puri,Odisha,East Coast (Bay of Bengal),19.8135,85.8312,2.5,May 2019 Category-5 Equivalent Cyclone Fani,2019-05-07T00:00,0.0,1003.6,18.2,34.2,0.248,0.263,0.278
puri_coastal,Puri,Odisha,East Coast (Bay of Bengal),19.8135,85.8312,2.5,May 2019 Category-5 Equivalent Cyclone Fani,2019-05-07T01:00,0.0,1004.3,20.3,37.8,0.248,0.262,0.278
puri_coastal,Puri,Odisha,East Coast (Bay of Bengal),19.8135,85.8312,2.5,May 2019 Category-5 Equivalent Cyclone Fani,2019-05-07T02:00,0.0,1005.1,20.8,39.2,0.247,0.262,0.278
puri_coastal,Puri,Odisha,East Coast (Bay of Bengal),19.8135,85.8312,2.5,May 2019 Category-5 Equivalent Cyclone Fani,2019-05-07T03:00,0.0,1005.5,21.6,42.1,0.246,0.261,0.278
puri_coastal,Puri,Odisha,East Coast (Bay of Bengal),19.8135,85.8312,2.5,May 2019 Category-5 Equivalent Cyclone Fani,2019-05-07T04:00,0.0,1005.6,23.2,45.7,0.245,0.26,0.278
puri_coastal,Puri,Odisha,East Coast (Bay of Bengal),19.8135,85.8312,2.5,May 2019 Category-5 Equivalent Cyclone Fani,2019-05-07T05:00,0.0,1005.5,24.4,47.9,0.243,0.259,0.278
puri_coastal,Puri,Odisha,East Coast (Bay of Bengal),19.8135,85.8312,2.5,May 2019 Category-5 Equivalent Cyclone Fani,2019-05-07T06:00,0.0,1005.1,25.7,50.8,0.241,0.258,0.277
puri_coastal,Puri,Odisha,East Coast (Bay of Bengal),19.8135,85.8312,2.5,May 2019 Category-5 Equivalent Cyclone Fani,2019-05-07T07:00,0.0,1004.4,25.9,52.9,0.239,0.257,0.277
puri_coastal,Puri,Odisha,East Coast (Bay of Bengal),19.8135,85.8312,2.5,May 2019 Category-5 Equivalent Cyclone Fani,2019-05-07T08:00,0.0,1003.7,24.0,50.8,0.237,0.256,0.277
puri_coastal,Puri,Odisha,East Coast (Bay of Bengal),19.8135,85.8312,2.5,May 2019 Category-5 Equivalent Cyclone Fani,2019-05-07T09:00,0.0,1002.8,22.7,47.9,0.235,0.255,0.277
puri_coastal,Puri,Odisha,East Coast (Bay of Bengal),19.8135,85.8312,2.5,May 2019 Category-5 Equivalent Cyclone Fani,2019-05-07T10:00,0.0,1002.1,22.0,45.0,0.234,0.254,0.276
puri_coastal,Puri,Odisha,East Coast (Bay of Bengal),19.8135,85.8312,2.5,May 2019 Category-5 Equivalent Cyclone Fani,2019-05-07T11:00,0.0,1001.8,20.1,42.8,0.233,0.254,0.276
puri_coastal,Puri,Odisha,East Coast (Bay of Bengal),19.8135,85.8312,2.5,May 2019 Category-5 Equivalent Cyclone Fani,2019-05-07T12:00,0.0,1002.1,19.4,38.2,0.233,0.253,0.276
puri_coastal,Puri,Odisha,East Coast (Bay of Bengal),19.8135,85.8312,2.5,May 2019 Category-5 Equivalent Cyclone Fani,2019-05-07T13:00,0.0,1002.3,18.2,35.3,0.233,0.253,0.276
puri_coastal,Puri,Odisha,East Coast (Bay of Bengal),19.8135,85.8312,2.5,May 2019 Category-5 Equivalent Cyclone Fani,2019-05-07T14:00,0.0,1002.9,19.8,34.6,0.233,0.253,0.276
puri_coastal,Puri,Odisha,East Coast (Bay of Bengal),19.8135,85.8312,2.5,May 2019 Category-5 Equivalent Cyclone Fani,2019-05-07T15:00,0.0,1003.1,22.1,38.9,0.233,0.252,0.276
puri_coastal,Puri,Odisha,East Coast (Bay of Bengal),19.8135,85.8312,2.5,May 2019 Category-5 Equivalent Cyclone Fani,2019-05-07T16:00,0.0,1003.7,21.0,39.2,0.234,0.252,0.276
puri_coastal,Puri,Odisha,East Coast (Bay of Bengal),19.8135,85.8312,2.5,May 2019 Category-5 Equivalent Cyclone Fani,2019-05-07T17:00,0.0,1004.2,20.0,37.1,0.234,0.252,0.276
puri_coastal,Puri,Odisha,East Coast (Bay of Bengal),19.8135,85.8312,2.5,May 2019 Category-5 Equivalent Cyclone Fani,2019-05-07T18:00,0.0,1003.9,21.2,37.4,0.234,0.251,0.276
puri_coastal,Puri,Odisha,East Coast (Bay of Bengal),19.8135,85.8312,2.5,May 2019 Category-5 Equivalent Cyclone Fani,2019-05-07T19:00,0.0,1003.3,21.2,38.2,0.234,0.251,0.276
puri_coastal,Puri,Odisha,East Coast (Bay of Bengal),19.8135,85.8312,2.5,May 2019 Category-5 Equivalent Cyclone Fani,2019-05-07T20:00,0.0,1002.7,20.7,37.8,0.234,0.251,0.275
puri_coastal,Puri,Odisha,East Coast (Bay of Bengal),19.8135,85.8312,2.5,May 2019 Category-5 Equivalent Cyclone Fani,2019-05-07T21:00,0.0,1002.0,23.5,42.1,0.234,0.251,0.275
puri_coastal,Puri,Odisha,East Coast (Bay of Bengal),19.8135,85.8312,2.5,May 2019 Category-5 Equivalent Cyclone Fani,2019-05-07T22:00,0.0,1001.9,24.3,43.6,0.235,0.251,0.275
puri_coastal,Puri,Odisha,East Coast (Bay of Bengal),19.8135,85.8312,2.5,May 2019 Category-5 Equivalent Cyclone Fani,2019-05-07T23:00,0.0,1002.2,22.8,43.2,0.235,0.25,0.275
puri_coastal,Puri,Odisha,East Coast (Bay of Bengal),19.8135,85.8312,2.5,May 2019 Category-5 Equivalent Cyclone Fani,2019-05-08T00:00,0.0,1002.4,26.0,41.0,0.235,0.25,0.275
puri_coastal,Puri,Odisha,East Coast (Bay of Bengal),19.8135,85.8312,2.5,May 2019 Category-5 Equivalent Cyclone Fani,2019-05-08T01:00,0.0,1003.1,27.8,49.7,0.235,0.25,0.275
puri_coastal,Puri,Odisha,East Coast (Bay of Bengal),19.8135,85.8312,2.5,May 2019 Category-5 Equivalent Cyclone Fani,2019-05-08T02:00,0.0,1004.4,23.7,50.0,0.234,0.249,0.275
puri_coastal,Puri,Odisha,East Coast (Bay of Bengal),19.8135,85.8312,2.5,May 2019 Category-5 Equivalent Cyclone Fani,2019-05-08T03:00,0.0,1004.9,23.3,44.6,0.233,0.249,0.275
puri_coastal,Puri,Odisha,East Coast (Bay of Bengal),19.8135,85.8312,2.5,May 2019 Category-5 Equivalent Cyclone Fani,2019-05-08T04:00,0.0,1005.0,24.2,47.5,0.232,0.248,0.274
puri_coastal,Puri,Odisha,East Coast (Bay of Bengal),19.8135,85.8312,2.5,May 2019 Category-5 Equivalent Cyclone Fani,2019-05-08T05:00,0.0,1004.6,24.3,48.2,0.23,0.247,0.274
puri_coastal,Puri,Odisha,East Coast (Bay of Bengal),19.8135,85.8312,2.5,May 2019 Category-5 Equivalent Cyclone Fani,2019-05-08T06:00,0.0,1004.1,25.1,49.7,0.228,0.246,0.274
puri_coastal,Puri,Odisha,East Coast (Bay of Bengal),19.8135,85.8312,2.5,May 2019 Category-5 Equivalent Cyclone Fani,2019-05-08T07:00,0.0,1003.3,26.4,51.8,0.226,0.245,0.274
puri_coastal,Puri,Odisha,East Coast (Bay of Bengal),19.8135,85.8312,2.5,May 2019 Category-5 Equivalent Cyclone Fani,2019-05-08T08:00,0.0,1002.4,25.6,52.2,0.224,0.244,0.273
puri_coastal,Puri,Odisha,East Coast (Bay of Bengal),19.8135,85.8312,2.5,May 2019 Category-5 Equivalent Cyclone Fani,2019-05-08T09:00,0.0,1002.1,23.7,50.4,0.223,0.243,0.273
puri_coastal,Puri,Odisha,East Coast (Bay of Bengal),19.8135,85.8312,2.5,May 2019 Category-5 Equivalent Cyclone Fani,2019-05-08T10:00,0.0,1001.3,24.5,47.2,0.222,0.242,0.273
puri_coastal,Puri,Odisha,East Coast (Bay of Bengal),19.8135,85.8312,2.5,May 2019 Category-5 Equivalent Cyclone Fani,2019-05-08T11:00,0.0,1000.8,24.3,47.5,0.221,0.242,0.273
puri_coastal,Puri,Odisha,East Coast (Bay of Bengal),19.8135,85.8312,2.5,May 2019 Category-5 Equivalent Cyclone Fani,2019-05-08T12:00,0.0,1001.3,20.3,45.7,0.221,0.241,0.273
puri_coastal,Puri,Odisha,East Coast (Bay of Bengal),19.8135,85.8312,2.5,May 2019 Category-5 Equivalent Cyclone Fani,2019-05-08T13:00,0.0,1001.8,21.1,37.4,0.221,0.241,0.273
puri_coastal,Puri,Odisha,East Coast (Bay of Bengal),19.8135,85.8312,2.5,May 2019 Category-5 Equivalent Cyclone Fani,2019-05-08T14:00,0.0,1002.4,22.2,39.6,0.221,0.241,0.273
puri_coastal,Puri,Odisha,East Coast (Bay of Bengal),19.8135,85.8312,2.5,May 2019 Category-5 Equivalent Cyclone Fani,2019-05-08T15:00,0.0,1002.5,20.9,39.2,0.221,0.241,0.272
puri_coastal,Puri,Odisha,East Coast (Bay of Bengal),19.8135,85.8312,2.5,May 2019 Category-5 Equivalent Cyclone Fani,2019-05-08T16:00,0.0,1003.0,21.5,38.5,0.221,0.24,0.272
puri_coastal,Puri,Odisha,East Coast (Bay of Bengal),19.8135,85.8312,2.5,May 2019 Category-5 Equivalent Cyclone Fani,2019-05-08T17:00,0.0,1003.2,21.5,39.2,0.221,0.24,0.272
puri_coastal,Puri,Odisha,East Coast (Bay of Bengal),19.8135,85.8312,2.5,May 2019 Category-5 Equivalent Cyclone Fani,2019-05-08T18:00,0.0,1002.9,21.8,39.2,0.222,0.24,0.272
puri_coastal,Puri,Odisha,East Coast (Bay of Bengal),19.8135,85.8312,2.5,May 2019 Category-5 Equivalent Cyclone Fani,2019-05-08T19:00,0.0,1002.2,22.3,40.0,0.222,0.24,0.272
puri_coastal,Puri,Odisha,East Coast (Bay of Bengal),19.8135,85.8312,2.5,May 2019 Category-5 Equivalent Cyclone Fani,2019-05-08T20:00,0.0,1001.6,24.0,43.2,0.222,0.24,0.272
puri_coastal,Puri,Odisha,East Coast (Bay of Bengal),19.8135,85.8312,2.5,May 2019 Category-5 Equivalent Cyclone Fani,2019-05-08T21:00,0.0,1001.2,24.4,43.9,0.222,0.24,0.272
puri_coastal,Puri,Odisha,East Coast (Bay of Bengal),19.8135,85.8312,2.5,May 2019 Category-5 Equivalent Cyclone Fani,2019-05-08T22:00,0.0,1001.1,24.1,43.9,0.222,0.239,0.272
puri_coastal,Puri,Odisha,East Coast (Bay of Bengal),19.8135,85.8312,2.5,May 2019 Category-5 Equivalent Cyclone Fani,2019-05-08T23:00,0.0,1001.0,24.1,43.2,0.223,0.239,0.272
puri_coastal,Puri,Odisha,East Coast (Bay of Bengal),19.8135,85.8312,2.5,May 2019 Category-5 Equivalent Cyclone Fani,2019-05-09T00:00,0.0,1001.4,22.7,43.2,0.223,0.239,0.272
puri_coastal,Puri,Odisha,East Coast (Bay of Bengal),19.8135,85.8312,2.5,May 2019 Category-5 Equivalent Cyclone Fani,2019-05-09T01:00,0.0,1002.7,23.2,42.1,0.223,0.239,0.272
puri_coastal,Puri,Odisha,East Coast (Bay of Bengal),19.8135,85.8312,2.5,May 2019 Category-5 Equivalent Cyclone Fani,2019-05-09T02:00,0.0,1003.5,23.4,43.6,0.222,0.239,0.272
puri_coastal,Puri,Odisha,East Coast (Bay of Bengal),19.8135,85.8312,2.5,May 2019 Category-5 Equivalent Cyclone Fani,2019-05-09T03:00,0.0,1003.5,24.1,46.1,0.222,0.238,0.271
puri_coastal,Puri,Odisha,East Coast (Bay of Bengal),19.8135,85.8312,2.5,May 2019 Category-5 Equivalent Cyclone Fani,2019-05-09T04:00,0.0,1003.4,26.3,50.4,0.22,0.237,0.271
puri_coastal,Puri,Odisha,East Coast (Bay of Bengal),19.8135,85.8312,2.5,May 2019 Category-5 Equivalent Cyclone Fani,2019-05-09T05:00,0.0,1003.0,27.0,52.9,0.219,0.236,0.271
puri_coastal,Puri,Odisha,East Coast (Bay of Bengal),19.8135,85.8312,2.5,May 2019 Category-5 Equivalent Cyclone Fani,2019-05-09T06:00,0.0,1002.8,26.2,52.9,0.217,0.236,0.271
puri_coastal,Puri,Odisha,East Coast (Bay of Bengal),19.8135,85.8312,2.5,May 2019 Category-5 Equivalent Cyclone Fani,2019-05-09T07:00,0.0,1002.2,26.3,52.2,0.215,0.235,0.27
puri_coastal,Puri,Odisha,East Coast (Bay of Bengal),19.8135,85.8312,2.5,May 2019 Category-5 Equivalent Cyclone Fani,2019-05-09T08:00,0.0,1001.6,24.5,52.2,0.213,0.234,0.27
puri_coastal,Puri,Odisha,East Coast (Bay of Bengal),19.8135,85.8312,2.5,May 2019 Category-5 Equivalent Cyclone Fani,2019-05-09T09:00,0.0,1000.7,22.7,48.6,0.211,0.233,0.27
puri_coastal,Puri,Odisha,East Coast (Bay of Bengal),19.8135,85.8312,2.5,May 2019 Category-5 Equivalent Cyclone Fani,2019-05-09T10:00,0.0,1000.3,21.8,45.0,0.21,0.232,0.27
puri_coastal,Puri,Odisha,East Coast (Bay of Bengal),19.8135,85.8312,2.5,May 2019 Category-5 Equivalent Cyclone Fani,2019-05-09T11:00,0.0,1000.1,20.4,42.5,0.209,0.232,0.269
puri_coastal,Puri,Odisha,East Coast (Bay of Bengal),19.8135,85.8312,2.5,May 2019 Category-5 Equivalent Cyclone Fani,2019-05-09T12:00,0.0,1000.5,18.0,38.9,0.209,0.231,0.269
puri_coastal,Puri,Odisha,East Coast (Bay of Bengal),19.8135,85.8312,2.5,May 2019 Category-5 Equivalent Cyclone Fani,2019-05-09T13:00,0.0,1000.9,18.8,34.2,0.209,0.231,0.269
puri_coastal,Puri,Odisha,East Coast (Bay of Bengal),19.8135,85.8312,2.5,May 2019 Category-5 Equivalent Cyclone Fani,2019-05-09T14:00,0.0,1001.5,19.2,33.8,0.209,0.231,0.269
puri_coastal,Puri,Odisha,East Coast (Bay of Bengal),19.8135,85.8312,2.5,May 2019 Category-5 Equivalent Cyclone Fani,2019-05-09T15:00,0.0,1001.7,20.5,36.0,0.209,0.231,0.269
puri_coastal,Puri,Odisha,East Coast (Bay of Bengal),19.8135,85.8312,2.5,May 2019 Category-5 Equivalent Cyclone Fani,2019-05-09T16:00,0.0,1002.3,18.9,36.0,0.21,0.231,0.269
puri_coastal,Puri,Odisha,East Coast (Bay of Bengal),19.8135,85.8312,2.5,May 2019 Category-5 Equivalent Cyclone Fani,2019-05-09T17:00,0.0,1002.6,19.6,34.9,0.21,0.23,0.269
puri_coastal,Puri,Odisha,East Coast (Bay of Bengal),19.8135,85.8312,2.5,May 2019 Category-5 Equivalent Cyclone Fani,2019-05-09T18:00,0.0,1002.2,20.6,36.7,0.21,0.23,0.269
puri_coastal,Puri,Odisha,East Coast (Bay of Bengal),19.8135,85.8312,2.5,May 2019 Category-5 Equivalent Cyclone Fani,2019-05-09T19:00,0.0,1001.7,20.1,36.7,0.21,0.23,0.269
puri_coastal,Puri,Odisha,East Coast (Bay of Bengal),19.8135,85.8312,2.5,May 2019 Category-5 Equivalent Cyclone Fani,2019-05-09T20:00,0.0,1001.2,20.3,36.4,0.21,0.23,0.269
puri_coastal,Puri,Odisha,East Coast (Bay of Bengal),19.8135,85.8312,2.5,May 2019 Category-5 Equivalent Cyclone Fani,2019-05-09T21:00,0.0,1001.1,20.1,37.1,0.211,0.23,0.269
puri_coastal,Puri,Odisha,East Coast (Bay of Bengal),19.8135,85.8312,2.5,May 2019 Category-5 Equivalent Cyclone Fani,2019-05-09T22:00,0.0,1001.4,19.5,36.0,0.211,0.23,0.268
puri_coastal,Puri,Odisha,East Coast (Bay of Bengal),19.8135,85.8312,2.5,May 2019 Category-5 Equivalent Cyclone Fani,2019-05-09T23:00,0.0,1002.0,19.8,35.6,0.211,0.23,0.268
puri_coastal,Puri,Odisha,East Coast (Bay of Bengal),19.8135,85.8312,2.5,May 2019 Category-5 Equivalent Cyclone Fani,2019-05-10T00:00,0.0,1002.7,24.4,38.5,0.211,0.229,0.268
puri_coastal,Puri,Odisha,East Coast (Bay of Bengal),19.8135,85.8312,2.5,May 2019 Category-5 Equivalent Cyclone Fani,2019-05-10T01:00,0.0,1003.4,27.0,48.6,0.211,0.229,0.268
puri_coastal,Puri,Odisha,East Coast (Bay of Bengal),19.8135,85.8312,2.5,May 2019 Category-5 Equivalent Cyclone Fani,2019-05-10T02:00,0.0,1004.2,26.7,50.4,0.211,0.229,0.268
puri_coastal,Puri,Odisha,East Coast (Bay of Bengal),19.8135,85.8312,2.5,May 2019 Category-5 Equivalent Cyclone Fani,2019-05-10T03:00,0.0,1004.8,27.6,52.2,0.21,0.228,0.268
puri_coastal,Puri,Odisha,East Coast (Bay of Bengal),19.8135,85.8312,2.5,May 2019 Category-5 Equivalent Cyclone Fani,2019-05-10T04:00,0.0,1004.9,27.7,53.3,0.209,0.228,0.268
puri_coastal,Puri,Odisha,East Coast (Bay of Bengal),19.8135,85.8312,2.5,May 2019 Category-5 Equivalent Cyclone Fani,2019-05-10T05:00,0.0,1004.7,26.9,53.6,0.207,0.227,0.267
puri_coastal,Puri,Odisha,East Coast (Bay of Bengal),19.8135,85.8312,2.5,May 2019 Category-5 Equivalent Cyclone Fani,2019-05-10T06:00,0.0,1004.4,25.8,52.2,0.205,0.226,0.267
puri_coastal,Puri,Odisha,East Coast (Bay of Bengal),19.8135,85.8312,2.5,May 2019 Category-5 Equivalent Cyclone Fani,2019-05-10T07:00,0.0,1003.8,25.9,51.5,0.204,0.225,0.267
puri_coastal,Puri,Odisha,East Coast (Bay of Bengal),19.8135,85.8312,2.5,May 2019 Category-5 Equivalent Cyclone Fani,2019-05-10T08:00,0.0,1003.0,26.4,51.8,0.202,0.224,0.267
puri_coastal,Puri,Odisha,East Coast (Bay of Bengal),19.8135,85.8312,2.5,May 2019 Category-5 Equivalent Cyclone Fani,2019-05-10T09:00,0.0,1002.0,26.6,52.2,0.2,0.224,0.266
puri_coastal,Puri,Odisha,East Coast (Bay of Bengal),19.8135,85.8312,2.5,May 2019 Category-5 Equivalent Cyclone Fani,2019-05-10T10:00,0.0,1001.5,25.3,51.8,0.199,0.223,0.266
puri_coastal,Puri,Odisha,East Coast (Bay of Bengal),19.8135,85.8312,2.5,May 2019 Category-5 Equivalent Cyclone Fani,2019-05-10T11:00,0.0,1001.5,23.3,48.6,0.199,0.223,0.266
puri_coastal,Puri,Odisha,East Coast (Bay of Bengal),19.8135,85.8312,2.5,May 2019 Category-5 Equivalent Cyclone Fani,2019-05-10T12:00,0.0,1002.0,21.3,43.9,0.198,0.222,0.266
puri_coastal,Puri,Odisha,East Coast (Bay of Bengal),19.8135,85.8312,2.5,May 2019 Category-5 Equivalent Cyclone Fani,2019-05-10T13:00,0.0,1002.6,20.9,38.9,0.198,0.222,0.266
puri_coastal,Puri,Odisha,East Coast (Bay of Bengal),19.8135,85.8312,2.5,May 2019 Category-5 Equivalent Cyclone Fani,2019-05-10T14:00,0.0,1003.4,20.6,37.1,0.199,0.222,0.266
puri_coastal,Puri,Odisha,East Coast (Bay of Bengal),19.8135,85.8312,2.5,May 2019 Category-5 Equivalent Cyclone Fani,2019-05-10T15:00,0.0,1004.1,20.9,37.1,0.199,0.222,0.265
puri_coastal,Puri,Odisha,East Coast (Bay of Bengal),19.8135,85.8312,2.5,May 2019 Category-5 Equivalent Cyclone Fani,2019-05-10T16:00,0.0,1004.4,22.0,40.0,0.199,0.222,0.265
puri_coastal,Puri,Odisha,East Coast (Bay of Bengal),19.8135,85.8312,2.5,May 2019 Category-5 Equivalent Cyclone Fani,2019-05-10T17:00,0.0,1004.8,19.6,39.2,0.199,0.222,0.265
puri_coastal,Puri,Odisha,East Coast (Bay of Bengal),19.8135,85.8312,2.5,May 2019 Category-5 Equivalent Cyclone Fani,2019-05-10T18:00,0.0,1004.4,22.2,39.6,0.199,0.222,0.265
puri_coastal,Puri,Odisha,East Coast (Bay of Bengal),19.8135,85.8312,2.5,May 2019 Category-5 Equivalent Cyclone Fani,2019-05-10T19:00,0.0,1003.9,22.4,40.7,0.2,0.222,0.265
puri_coastal,Puri,Odisha,East Coast (Bay of Bengal),19.8135,85.8312,2.5,May 2019 Category-5 Equivalent Cyclone Fani,2019-05-10T20:00,0.0,1003.7,24.0,42.5,0.2,0.221,0.265
puri_coastal,Puri,Odisha,East Coast (Bay of Bengal),19.8135,85.8312,2.5,May 2019 Category-5 Equivalent Cyclone Fani,2019-05-10T21:00,0.0,1003.5,26.1,46.8,0.2,0.221,0.265
puri_coastal,Puri,Odisha,East Coast (Bay of Bengal),19.8135,85.8312,2.5,May 2019 Category-5 Equivalent Cyclone Fani,2019-05-10T22:00,0.0,1003.5,27.2,49.3,0.2,0.221,0.265
puri_coastal,Puri,Odisha,East Coast (Bay of Bengal),19.8135,85.8312,2.5,May 2019 Category-5 Equivalent Cyclone Fani,2019-05-10T23:00,0.0,1003.9,26.4,49.0,0.2,0.221,0.265
puri_coastal,Puri,Odisha,East Coast (Bay of Bengal),19.8135,85.8312,2.5,May 2019 Category-5 Equivalent Cyclone Fani,2019-05-11T00:00,0.0,1004.9,24.8,47.9,0.2,0.221,0.265
puri_coastal,Puri,Odisha,East Coast (Bay of Bengal),19.8135,85.8312,2.5,May 2019 Category-5 Equivalent Cyclone Fani,2019-05-11T01:00,0.0,1005.6,25.8,47.2,0.201,0.221,0.264
puri_coastal,Puri,Odisha,East Coast (Bay of Bengal),19.8135,85.8312,2.5,May 2019 Category-5 Equivalent Cyclone Fani,2019-05-11T02:00,0.0,1006.5,27.9,51.5,0.201,0.221,0.264
puri_coastal,Puri,Odisha,East Coast (Bay of Bengal),19.8135,85.8312,2.5,May 2019 Category-5 Equivalent Cyclone Fani,2019-05-11T03:00,0.0,1007.1,28.3,52.9,0.2,0.22,0.264
puri_coastal,Puri,Odisha,East Coast (Bay of Bengal),19.8135,85.8312,2.5,May 2019 Category-5 Equivalent Cyclone Fani,2019-05-11T04:00,0.0,1007.2,27.9,53.3,0.2,0.22,0.264
puri_coastal,Puri,Odisha,East Coast (Bay of Bengal),19.8135,85.8312,2.5,May 2019 Category-5 Equivalent Cyclone Fani,2019-05-11T05:00,0.0,1006.9,25.8,53.3,0.199,0.219,0.264
puri_coastal,Puri,Odisha,East Coast (Bay of Bengal),19.8135,85.8312,2.5,May 2019 Category-5 Equivalent Cyclone Fani,2019-05-11T06:00,0.1,1006.5,25.7,49.7,0.198,0.219,0.264
puri_coastal,Puri,Odisha,East Coast (Bay of Bengal),19.8135,85.8312,2.5,May 2019 Category-5 Equivalent Cyclone Fani,2019-05-11T07:00,0.0,1005.5,25.3,50.4,0.197,0.218,0.263
puri_coastal,Puri,Odisha,East Coast (Bay of Bengal),19.8135,85.8312,2.5,May 2019 Category-5 Equivalent Cyclone Fani,2019-05-11T08:00,0.0,1004.7,23.8,49.7,0.195,0.217,0.263
puri_coastal,Puri,Odisha,East Coast (Bay of Bengal),19.8135,85.8312,2.5,May 2019 Category-5 Equivalent Cyclone Fani,2019-05-11T09:00,0.0,1003.7,23.7,47.2,0.194,0.216,0.263
puri_coastal,Puri,Odisha,East Coast (Bay of Bengal),19.8135,85.8312,2.5,May 2019 Category-5 Equivalent Cyclone Fani,2019-05-11T10:00,0.0,1003.4,23.7,46.4,0.193,0.216,0.263
puri_coastal,Puri,Odisha,East Coast (Bay of Bengal),19.8135,85.8312,2.5,May 2019 Category-5 Equivalent Cyclone Fani,2019-05-11T11:00,0.0,1003.2,23.8,46.4,0.192,0.216,0.262
puri_coastal,Puri,Odisha,East Coast (Bay of Bengal),19.8135,85.8312,2.5,May 2019 Category-5 Equivalent Cyclone Fani,2019-05-11T12:00,0.0,1003.5,21.6,45.4,0.189,0.215,0.262
puri_coastal,Puri,Odisha,East Coast (Bay of Bengal),19.8135,85.8312,2.5,May 2019 Category-5 Equivalent Cyclone Fani,2019-05-11T13:00,0.0,1004.2,20.7,39.2,0.189,0.215,0.262
puri_coastal,Puri,Odisha,East Coast (Bay of Bengal),19.8135,85.8312,2.5,May 2019 Category-5 Equivalent Cyclone Fani,2019-05-11T14:00,0.0,1005.0,19.9,37.1,0.189,0.214,0.262
puri_coastal,Puri,Odisha,East Coast (Bay of Bengal),19.8135,85.8312,2.5,May 2019 Category-5 Equivalent Cyclone Fani,2019-05-11T15:00,0.0,1005.5,20.3,36.4,0.19,0.214,0.262
puri_coastal,Puri,Odisha,East Coast (Bay of Bengal),19.8135,85.8312,2.5,May 2019 Category-5 Equivalent Cyclone Fani,2019-05-11T16:00,0.0,1005.7,20.9,37.4,0.19,0.214,0.262
puri_coastal,Puri,Odisha,East Coast (Bay of Bengal),19.8135,85.8312,2.5,May 2019 Category-5 Equivalent Cyclone Fani,2019-05-11T17:00,0.0,1005.9,20.8,37.8,0.19,0.214,0.262
puri_coastal,Puri,Odisha,East Coast (Bay of Bengal),19.8135,85.8312,2.5,May 2019 Category-5 Equivalent Cyclone Fani,2019-05-11T18:00,0.0,1005.3,22.9,40.3,0.19,0.214,0.262
puri_coastal,Puri,Odisha,East Coast (Bay of Bengal),19.8135,85.8312,2.5,May 2019 Category-5 Equivalent Cyclone Fani,2019-05-11T19:00,0.0,1004.4,23.8,42.8,0.19,0.214,0.262
puri_coastal,Puri,Odisha,East Coast (Bay of Bengal),19.8135,85.8312,2.5,May 2019 Category-5 Equivalent Cyclone Fani,2019-05-11T20:00,0.0,1004.2,21.5,42.5,0.191,0.214,0.262
puri_coastal,Puri,Odisha,East Coast (Bay of Bengal),19.8135,85.8312,2.5,May 2019 Category-5 Equivalent Cyclone Fani,2019-05-11T21:00,0.0,1004.0,21.4,38.2,0.191,0.214,0.261
puri_coastal,Puri,Odisha,East Coast (Bay of Bengal),19.8135,85.8312,2.5,May 2019 Category-5 Equivalent Cyclone Fani,2019-05-11T22:00,0.0,1003.8,21.1,38.2,0.191,0.214,0.261
puri_coastal,Puri,Odisha,East Coast (Bay of Bengal),19.8135,85.8312,2.5,May 2019 Category-5 Equivalent Cyclone Fani,2019-05-11T23:00,0.0,1004.0,21.0,37.8,0.191,0.214,0.261
puri_coastal,Puri,Odisha,East Coast (Bay of Bengal),19.8135,85.8312,2.5,May 2019 Category-5 Equivalent Cyclone Fani,2019-05-12T00:00,0.0,1004.6,21.6,37.8,0.191,0.214,0.261
puri_coastal,Puri,Odisha,East Coast (Bay of Bengal),19.8135,85.8312,2.5,May 2019 Category-5 Equivalent Cyclone Fani,2019-05-12T01:00,0.0,1005.2,23.9,43.6,0.191,0.214,0.261
puri_coastal,Puri,Odisha,East Coast (Bay of Bengal),19.8135,85.8312,2.5,May 2019 Category-5 Equivalent Cyclone Fani,2019-05-12T02:00,0.0,1006.0,23.3,43.9,0.191,0.213,0.261
puri_coastal,Puri,Odisha,East Coast (Bay of Bengal),19.8135,85.8312,2.5,May 2019 Category-5 Equivalent Cyclone Fani,2019-05-12T03:00,0.0,1006.3,23.1,44.6,0.19,0.213,0.261
puri_coastal,Puri,Odisha,East Coast (Bay of Bengal),19.8135,85.8312,2.5,May 2019 Category-5 Equivalent Cyclone Fani,2019-05-12T04:00,0.0,1006.5,23.8,46.4,0.189,0.213,0.261
puri_coastal,Puri,Odisha,East Coast (Bay of Bengal),19.8135,85.8312,2.5,May 2019 Category-5 Equivalent Cyclone Fani,2019-05-12T05:00,0.0,1006.2,24.6,47.9,0.188,0.212,0.26
puri_coastal,Puri,Odisha,East Coast (Bay of Bengal),19.8135,85.8312,2.5,May 2019 Category-5 Equivalent Cyclone Fani,2019-05-12T06:00,0.0,1005.5,23.6,48.2,0.187,0.211,0.26
puri_coastal,Puri,Odisha,East Coast (Bay of Bengal),19.8135,85.8312,2.5,May 2019 Category-5 Equivalent Cyclone Fani,2019-05-12T07:00,0.0,1004.5,24.0,47.9,0.185,0.211,0.26
puri_coastal,Puri,Odisha,East Coast (Bay of Bengal),19.8135,85.8312,2.5,May 2019 Category-5 Equivalent Cyclone Fani,2019-05-12T08:00,0.0,1003.8,24.6,49.0,0.184,0.21,0.26
puri_coastal,Puri,Odisha,East Coast (Bay of Bengal),19.8135,85.8312,2.5,May 2019 Category-5 Equivalent Cyclone Fani,2019-05-12T09:00,0.0,1002.9,24.0,48.6,0.183,0.209,0.259
puri_coastal,Puri,Odisha,East Coast (Bay of Bengal),19.8135,85.8312,2.5,May 2019 Category-5 Equivalent Cyclone Fani,2019-05-12T10:00,0.0,1002.5,22.5,46.8,0.182,0.209,0.259
puri_coastal,Puri,Odisha,East Coast (Bay of Bengal),19.8135,85.8312,2.5,May 2019 Category-5 Equivalent Cyclone Fani,2019-05-12T11:00,0.0,1002.3,20.9,43.9,0.181,0.208,0.259
puri_coastal,Puri,Odisha,East Coast (Bay of Bengal),19.8135,85.8312,2.5,May 2019 Category-5 Equivalent Cyclone Fani,2019-05-12T12:00,0.0,1002.6,15.2,40.3,0.18,0.208,0.259
puri_coastal,Puri,Odisha,East Coast (Bay of Bengal),19.8135,85.8312,2.5,May 2019 Category-5 Equivalent Cyclone Fani,2019-05-12T13:00,0.0,1003.2,15.7,28.1,0.181,0.208,0.259
puri_coastal,Puri,Odisha,East Coast (Bay of Bengal),19.8135,85.8312,2.5,May 2019 Category-5 Equivalent Cyclone Fani,2019-05-12T14:00,0.0,1004.4,16.2,28.8,0.181,0.208,0.259
puri_coastal,Puri,Odisha,East Coast (Bay of Bengal),19.8135,85.8312,2.5,May 2019 Category-5 Equivalent Cyclone Fani,2019-05-12T15:00,0.0,1004.7,18.7,33.1,0.181,0.208,0.259
puri_coastal,Puri,Odisha,East Coast (Bay of Bengal),19.8135,85.8312,2.5,May 2019 Category-5 Equivalent Cyclone Fani,2019-05-12T16:00,0.0,1005.0,21.2,37.8,0.181,0.208,0.259
puri_coastal,Puri,Odisha,East Coast (Bay of Bengal),19.8135,85.8312,2.5,May 2019 Category-5 Equivalent Cyclone Fani,2019-05-12T17:00,0.0,1005.2,21.1,38.5,0.181,0.208,0.258
puri_coastal,Puri,Odisha,East Coast (Bay of Bengal),19.8135,85.8312,2.5,May 2019 Category-5 Equivalent Cyclone Fani,2019-05-12T18:00,0.0,1004.9,20.6,37.8,0.181,0.208,0.258
puri_coastal,Puri,Odisha,East Coast (Bay of Bengal),19.8135,85.8312,2.5,May 2019 Category-5 Equivalent Cyclone Fani,2019-05-12T19:00,0.0,1004.2,21.7,38.5,0.182,0.208,0.258
puri_coastal,Puri,Odisha,East Coast (Bay of Bengal),19.8135,85.8312,2.5,May 2019 Category-5 Equivalent Cyclone Fani,2019-05-12T20:00,0.0,1003.7,23.0,41.0,0.182,0.208,0.258
puri_coastal,Puri,Odisha,East Coast (Bay of Bengal),19.8135,85.8312,2.5,May 2019 Category-5 Equivalent Cyclone Fani,2019-05-12T21:00,0.0,1003.1,23.3,42.1,0.182,0.208,0.258
puri_coastal,Puri,Odisha,East Coast (Bay of Bengal),19.8135,85.8312,2.5,May 2019 Category-5 Equivalent Cyclone Fani,2019-05-12T22:00,0.0,1003.1,23.5,41.8,0.182,0.208,0.258
puri_coastal,Puri,Odisha,East Coast (Bay of Bengal),19.8135,85.8312,2.5,May 2019 Category-5 Equivalent Cyclone Fani,2019-05-12T23:00,0.0,1003.4,23.6,42.5,0.182,0.207,0.258
puri_coastal,Puri,Odisha,East Coast (Bay of Bengal),19.8135,85.8312,2.5,May 2019 Category-5 Equivalent Cyclone Fani,2019-05-13T00:00,0.0,1003.3,19.8,42.5,0.183,0.207,0.258
puri_coastal,Puri,Odisha,East Coast (Bay of Bengal),19.8135,85.8312,2.5,May 2019 Category-5 Equivalent Cyclone Fani,2019-05-13T01:00,0.0,1004.3,21.7,38.9,0.183,0.207,0.258
puri_coastal,Puri,Odisha,East Coast (Bay of Bengal),19.8135,85.8312,2.5,May 2019 Category-5 Equivalent Cyclone Fani,2019-05-13T02:00,0.0,1005.1,25.1,46.8,0.182,0.207,0.258
puri_coastal,Puri,Odisha,East Coast (Bay of Bengal),19.8135,85.8312,2.5,May 2019 Category-5 Equivalent Cyclone Fani,2019-05-13T03:00,0.0,1005.4,24.0,49.0,0.182,0.207,0.258
puri_coastal,Puri,Odisha,East Coast (Bay of Bengal),19.8135,85.8312,2.5,May 2019 Category-5 Equivalent Cyclone Fani,2019-05-13T04:00,0.0,1005.7,24.2,47.2,0.181,0.206,0.257
puri_coastal,Puri,Odisha,East Coast (Bay of Bengal),19.8135,85.8312,2.5,May 2019 Category-5 Equivalent Cyclone Fani,2019-05-13T05:00,0.0,1005.5,24.5,48.6,0.179,0.206,0.257
puri_coastal,Puri,Odisha,East Coast (Bay of Bengal),19.8135,85.8312,2.5,May 2019 Category-5 Equivalent Cyclone Fani,2019-05-13T06:00,0.0,1005.1,25.3,50.0,0.178,0.205,0.257
puri_coastal,Puri,Odisha,East Coast (Bay of Bengal),19.8135,85.8312,2.5,May 2019 Category-5 Equivalent Cyclone Fani,2019-05-13T07:00,0.0,1004.4,25.4,50.4,0.176,0.204,0.257
puri_coastal,Puri,Odisha,East Coast (Bay of Bengal),19.8135,85.8312,2.5,May 2019 Category-5 Equivalent Cyclone Fani,2019-05-13T08:00,0.0,1003.5,25.5,50.4,0.174,0.203,0.256
puri_coastal,Puri,Odisha,East Coast (Bay of Bengal),19.8135,85.8312,2.5,May 2019 Category-5 Equivalent Cyclone Fani,2019-05-13T09:00,0.0,1002.1,25.3,50.4,0.173,0.203,0.256
puri_coastal,Puri,Odisha,East Coast (Bay of Bengal),19.8135,85.8312,2.5,May 2019 Category-5 Equivalent Cyclone Fani,2019-05-13T10:00,0.0,1001.4,25.6,49.7,0.172,0.202,0.256
puri_coastal,Puri,Odisha,East Coast (Bay of Bengal),19.8135,85.8312,2.5,May 2019 Category-5 Equivalent Cyclone Fani,2019-05-13T11:00,0.0,1001.2,25.9,49.7,0.172,0.202,0.256
puri_coastal,Puri,Odisha,East Coast (Bay of Bengal),19.8135,85.8312,2.5,May 2019 Category-5 Equivalent Cyclone Fani,2019-05-13T12:00,0.0,1001.8,22.3,49.0,0.171,0.202,0.256
puri_coastal,Puri,Odisha,East Coast (Bay of Bengal),19.8135,85.8312,2.5,May 2019 Category-5 Equivalent Cyclone Fani,2019-05-13T13:00,0.0,1002.0,22.9,40.7,0.171,0.202,0.256
puri_coastal,Puri,Odisha,East Coast (Bay of Bengal),19.8135,85.8312,2.5,May 2019 Category-5 Equivalent Cyclone Fani,2019-05-13T14:00,0.0,1003.0,22.7,41.4,0.172,0.202,0.255
puri_coastal,Puri,Odisha,East Coast (Bay of Bengal),19.8135,85.8312,2.5,May 2019 Category-5 Equivalent Cyclone Fani,2019-05-13T15:00,0.0,1003.8,22.9,41.0,0.172,0.202,0.255
puri_coastal,Puri,Odisha,East Coast (Bay of Bengal),19.8135,85.8312,2.5,May 2019 Category-5 Equivalent Cyclone Fani,2019-05-13T16:00,0.0,1004.5,22.0,41.0,0.172,0.202,0.255
puri_coastal,Puri,Odisha,East Coast (Bay of Bengal),19.8135,85.8312,2.5,May 2019 Category-5 Equivalent Cyclone Fani,2019-05-13T17:00,0.0,1004.6,21.5,39.6,0.172,0.202,0.255
puri_coastal,Puri,Odisha,East Coast (Bay of Bengal),19.8135,85.8312,2.5,May 2019 Category-5 Equivalent Cyclone Fani,2019-05-13T18:00,0.0,1004.5,21.1,38.9,0.172,0.202,0.255
puri_coastal,Puri,Odisha,East Coast (Bay of Bengal),19.8135,85.8312,2.5,May 2019 Category-5 Equivalent Cyclone Fani,2019-05-13T19:00,0.0,1004.0,20.8,38.2,0.172,0.202,0.255
puri_coastal,Puri,Odisha,East Coast (Bay of Bengal),19.8135,85.8312,2.5,May 2019 Category-5 Equivalent Cyclone Fani,2019-05-13T20:00,0.0,1003.5,20.5,37.4,0.172,0.201,0.255
puri_coastal,Puri,Odisha,East Coast (Bay of Bengal),19.8135,85.8312,2.5,May 2019 Category-5 Equivalent Cyclone Fani,2019-05-13T21:00,0.0,1003.2,21.4,38.5,0.173,0.201,0.255
puri_coastal,Puri,Odisha,East Coast (Bay of Bengal),19.8135,85.8312,2.5,May 2019 Category-5 Equivalent Cyclone Fani,2019-05-13T22:00,0.0,1002.9,21.6,38.5,0.173,0.201,0.255
puri_coastal,Puri,Odisha,East Coast (Bay of Bengal),19.8135,85.8312,2.5,May 2019 Category-5 Equivalent Cyclone Fani,2019-05-13T23:00,0.0,1003.1,21.8,38.9,0.173,0.201,0.255
puri_coastal,Puri,Odisha,East Coast (Bay of Bengal),19.8135,85.8312,2.5,May 2019 Category-5 Equivalent Cyclone Fani,2019-05-14T00:00,0.0,1003.5,15.8,40.0,0.173,0.201,0.255
puri_coastal,Puri,Odisha,East Coast (Bay of Bengal),19.8135,85.8312,2.5,May 2019 Category-5 Equivalent Cyclone Fani,2019-05-14T01:00,0.0,1004.0,20.5,36.7,0.173,0.201,0.255
puri_coastal,Puri,Odisha,East Coast (Bay of Bengal),19.8135,85.8312,2.5,May 2019 Category-5 Equivalent Cyclone Fani,2019-05-14T02:00,0.0,1004.9,21.2,41.4,0.173,0.201,0.254
puri_coastal,Puri,Odisha,East Coast (Bay of Bengal),19.8135,85.8312,2.5,May 2019 Category-5 Equivalent Cyclone Fani,2019-05-14T03:00,0.0,1005.6,20.8,40.7,0.172,0.201,0.254
puri_coastal,Puri,Odisha,East Coast (Bay of Bengal),19.8135,85.8312,2.5,May 2019 Category-5 Equivalent Cyclone Fani,2019-05-14T04:00,0.0,1006.0,21.6,42.5,0.171,0.2,0.254
puri_coastal,Puri,Odisha,East Coast (Bay of Bengal),19.8135,85.8312,2.5,May 2019 Category-5 Equivalent Cyclone Fani,2019-05-14T05:00,0.0,1006.0,21.5,44.3,0.17,0.2,0.254
puri_coastal,Puri,Odisha,East Coast (Bay of Bengal),19.8135,85.8312,2.5,May 2019 Category-5 Equivalent Cyclone Fani,2019-05-14T06:00,0.0,1005.2,20.0,42.8,0.169,0.199,0.254
puri_coastal,Puri,Odisha,East Coast (Bay of Bengal),19.8135,85.8312,2.5,May 2019 Category-5 Equivalent Cyclone Fani,2019-05-14T07:00,0.0,1004.2,20.0,41.8,0.168,0.198,0.253
puri_coastal,Puri,Odisha,East Coast (Bay of Bengal),19.8135,85.8312,2.5,May 2019 Category-5 Equivalent Cyclone Fani,2019-05-14T08:00,0.0,1003.7,20.1,42.1,0.166,0.198,0.253
puri_coastal,Puri,Odisha,East Coast (Bay of Bengal),19.8135,85.8312,2.5,May 2019 Category-5 Equivalent Cyclone Fani,2019-05-14T09:00,0.0,1003.5,20.4,44.3,0.165,0.197,0.253
puri_coastal,Puri,Odisha,East Coast (Bay of Bengal),19.8135,85.8312,2.5,May 2019 Category-5 Equivalent Cyclone Fani,2019-05-14T10:00,0.0,1002.3,23.2,44.6,0.165,0.197,0.253
puri_coastal,Puri,Odisha,East Coast (Bay of Bengal),19.8135,85.8312,2.5,May 2019 Category-5 Equivalent Cyclone Fani,2019-05-14T11:00,0.0,1002.2,16.6,45.0,0.164,0.196,0.252
puri_coastal,Puri,Odisha,East Coast (Bay of Bengal),19.8135,85.8312,2.5,May 2019 Category-5 Equivalent Cyclone Fani,2019-05-14T12:00,0.0,1001.8,18.5,31.7,0.162,0.196,0.252
puri_coastal,Puri,Odisha,East Coast (Bay of Bengal),19.8135,85.8312,2.5,May 2019 Category-5 Equivalent Cyclone Fani,2019-05-14T13:00,0.0,1002.5,16.1,33.8,0.162,0.195,0.252
puri_coastal,Puri,Odisha,East Coast (Bay of Bengal),19.8135,85.8312,2.5,May 2019 Category-5 Equivalent Cyclone Fani,2019-05-14T14:00,0.0,1003.4,16.4,29.5,0.162,0.195,0.252
puri_coastal,Puri,Odisha,East Coast (Bay of Bengal),19.8135,85.8312,2.5,May 2019 Category-5 Equivalent Cyclone Fani,2019-05-14T15:00,0.0,1003.9,18.2,32.0,0.162,0.195,0.252
puri_coastal,Puri,Odisha,East Coast (Bay of Bengal),19.8135,85.8312,2.5,May 2019 Category-5 Equivalent Cyclone Fani,2019-05-14T16:00,0.0,1004.5,18.7,33.8,0.162,0.195,0.252
puri_coastal,Puri,Odisha,East Coast (Bay of Bengal),19.8135,85.8312,2.5,May 2019 Category-5 Equivalent Cyclone Fani,2019-05-14T17:00,0.0,1005.0,17.9,33.8,0.162,0.195,0.252
puri_coastal,Puri,Odisha,East Coast (Bay of Bengal),19.8135,85.8312,2.5,May 2019 Category-5 Equivalent Cyclone Fani,2019-05-14T18:00,0.0,1004.8,18.7,33.5,0.163,0.195,0.252
puri_coastal,Puri,Odisha,East Coast (Bay of Bengal),19.8135,85.8312,2.5,May 2019 Category-5 Equivalent Cyclone Fani,2019-05-14T19:00,0.0,1004.2,19.2,34.6,0.163,0.195,0.252
puri_coastal,Puri,Odisha,East Coast (Bay of Bengal),19.8135,85.8312,2.5,May 2019 Category-5 Equivalent Cyclone Fani,2019-05-14T20:00,0.0,1003.9,19.8,35.6,0.163,0.195,0.252
puri_coastal,Puri,Odisha,East Coast (Bay of Bengal),19.8135,85.8312,2.5,May 2019 Category-5 Equivalent Cyclone Fani,2019-05-14T21:00,0.0,1003.5,20.9,37.8,0.163,0.195,0.252
puri_coastal,Puri,Odisha,East Coast (Bay of Bengal),19.8135,85.8312,2.5,May 2019 Category-5 Equivalent Cyclone Fani,2019-05-14T22:00,0.0,1003.5,21.4,38.5,0.163,0.195,0.251
puri_coastal,Puri,Odisha,East Coast (Bay of Bengal),19.8135,85.8312,2.5,May 2019 Category-5 Equivalent Cyclone Fani,2019-05-14T23:00,0.0,1004.0,21.0,38.9,0.163,0.195,0.251
puri_coastal,Puri,Odisha,East Coast (Bay of Bengal),19.8135,85.8312,2.5,May 2019 Category-5 Equivalent Cyclone Fani,2019-05-15T00:00,0.0,1004.2,23.8,38.5,0.164,0.195,0.251
puri_coastal,Puri,Odisha,East Coast (Bay of Bengal),19.8135,85.8312,2.5,May 2019 Category-5 Equivalent Cyclone Fani,2019-05-15T01:00,0.0,1005.3,24.8,45.4,0.164,0.195,0.251
puri_coastal,Puri,Odisha,East Coast (Bay of Bengal),19.8135,85.8312,2.5,May 2019 Category-5 Equivalent Cyclone Fani,2019-05-15T02:00,0.0,1006.0,24.6,46.8,0.163,0.195,0.251
puri_coastal,Puri,Odisha,East Coast (Bay of Bengal),19.8135,85.8312,2.5,May 2019 Category-5 Equivalent Cyclone Fani,2019-05-15T03:00,0.0,1006.4,24.8,47.5,0.163,0.195,0.251
puri_coastal,Puri,Odisha,East Coast (Bay of Bengal),19.8135,85.8312,2.5,May 2019 Category-5 Equivalent Cyclone Fani,2019-05-15T04:00,0.0,1006.6,24.3,48.2,0.162,0.194,0.251
puri_coastal,Puri,Odisha,East Coast (Bay of Bengal),19.8135,85.8312,2.5,May 2019 Category-5 Equivalent Cyclone Fani,2019-05-15T05:00,0.0,1006.4,24.0,47.9,0.161,0.194,0.251
puri_coastal,Puri,Odisha,East Coast (Bay of Bengal),19.8135,85.8312,2.5,May 2019 Category-5 Equivalent Cyclone Fani,2019-05-15T06:00,0.0,1006.1,26.0,51.1,0.159,0.193,0.25
puri_coastal,Puri,Odisha,East Coast (Bay of Bengal),19.8135,85.8312,2.5,May 2019 Category-5 Equivalent Cyclone Fani,2019-05-15T07:00,0.0,1005.1,26.2,52.9,0.158,0.192,0.25
puri_coastal,Puri,Odisha,East Coast (Bay of Bengal),19.8135,85.8312,2.5,May 2019 Category-5 Equivalent Cyclone Fani,2019-05-15T08:00,0.0,1004.7,24.8,52.2,0.156,0.192,0.25
puri_coastal,Puri,Odisha,East Coast (Bay of Bengal),19.8135,85.8312,2.5,May 2019 Category-5 Equivalent Cyclone Fani,2019-05-15T09:00,0.0,1004.0,25.1,49.3,0.155,0.191,0.25
puri_coastal,Puri,Odisha,East Coast (Bay of Bengal),19.8135,85.8312,2.5,May 2019 Category-5 Equivalent Cyclone Fani,2019-05-15T10:00,0.0,1003.5,25.5,50.4,0.154,0.191,0.249
puri_coastal,Puri,Odisha,East Coast (Bay of Bengal),19.8135,85.8312,2.5,May 2019 Category-5 Equivalent Cyclone Fani,2019-05-15T11:00,0.0,1002.9,24.8,49.0,0.154,0.19,0.249
puri_coastal,Puri,Odisha,East Coast (Bay of Bengal),19.8135,85.8312,2.5,May 2019 Category-5 Equivalent Cyclone Fani,2019-05-15T12:00,0.0,1003.1,24.1,46.8,0.153,0.191,0.249
puri_coastal,Puri,Odisha,East Coast (Bay of Bengal),19.8135,85.8312,2.5,May 2019 Category-5 Equivalent Cyclone Fani,2019-05-15T13:00,0.0,1004.2,21.3,43.9,0.153,0.19,0.249
puri_coastal,Puri,Odisha,East Coast (Bay of Bengal),19.8135,85.8312,2.5,May 2019 Category-5 Equivalent Cyclone Fani,2019-05-15T14:00,0.0,1005.3,20.1,38.5,0.153,0.19,0.249
puri_coastal,Puri,Odisha,East Coast (Bay of Bengal),19.8135,85.8312,2.5,May 2019 Category-5 Equivalent Cyclone Fani,2019-05-15T15:00,0.0,1006.2,19.1,36.4,0.154,0.19,0.249
puri_coastal,Puri,Odisha,East Coast (Bay of Bengal),19.8135,85.8312,2.5,May 2019 Category-5 Equivalent Cyclone Fani,2019-05-15T16:00,0.0,1006.6,19.1,34.6,0.154,0.19,0.249
puri_coastal,Puri,Odisha,East Coast (Bay of Bengal),19.8135,85.8312,2.5,May 2019 Category-5 Equivalent Cyclone Fani,2019-05-15T17:00,0.0,1006.6,21.1,37.4,0.154,0.19,0.249
puri_coastal,Puri,Odisha,East Coast (Bay of Bengal),19.8135,85.8312,2.5,May 2019 Category-5 Equivalent Cyclone Fani,2019-05-15T18:00,0.0,1005.8,23.4,42.1,0.154,0.19,0.249
puri_coastal,Puri,Odisha,East Coast (Bay of Bengal),19.8135,85.8312,2.5,May 2019 Category-5 Equivalent Cyclone Fani,2019-05-15T19:00,0.0,1005.0,23.8,43.2,0.154,0.19,0.249
puri_coastal,Puri,Odisha,East Coast (Bay of Bengal),19.8135,85.8312,2.5,May 2019 Category-5 Equivalent Cyclone Fani,2019-05-15T20:00,0.0,1004.6,22.8,42.8,0.154,0.19,0.249
puri_coastal,Puri,Odisha,East Coast (Bay of Bengal),19.8135,85.8312,2.5,May 2019 Category-5 Equivalent Cyclone Fani,2019-05-15T21:00,0.0,1004.4,21.8,41.0,0.154,0.19,0.249
puri_coastal,Puri,Odisha,East Coast (Bay of Bengal),19.8135,85.8312,2.5,May 2019 Category-5 Equivalent Cyclone Fani,2019-05-15T22:00,0.0,1004.4,22.7,40.3,0.155,0.19,0.249
puri_coastal,Puri,Odisha,East Coast (Bay of Bengal),19.8135,85.8312,2.5,May 2019 Category-5 Equivalent Cyclone Fani,2019-05-15T23:00,0.0,1004.7,22.8,42.1,0.155,0.19,0.248
surat_tapi,Surat,Gujarat,West Coast (Arabian Sea / Gulf of Khambhat),21.1702,72.8311,4.0,2006 Historic Tapi River Ukai Flood,2006-08-01T00:00,0.4,1000.6,31.2,51.8,0.465,0.45,0.502
surat_tapi,Surat,Gujarat,West Coast (Arabian Sea / Gulf of Khambhat),21.1702,72.8311,4.0,2006 Historic Tapi River Ukai Flood,2006-08-01T01:00,0.5,1001.0,28.8,54.4,0.47,0.45,0.502
surat_tapi,Surat,Gujarat,West Coast (Arabian Sea / Gulf of Khambhat),21.1702,72.8311,4.0,2006 Historic Tapi River Ukai Flood,2006-08-01T02:00,0.7,1001.4,29.4,52.2,0.476,0.451,0.502
surat_tapi,Surat,Gujarat,West Coast (Arabian Sea / Gulf of Khambhat),21.1702,72.8311,4.0,2006 Historic Tapi River Ukai Flood,2006-08-01T03:00,0.8,1001.7,31.1,53.6,0.483,0.451,0.501
surat_tapi,Surat,Gujarat,West Coast (Arabian Sea / Gulf of Khambhat),21.1702,72.8311,4.0,2006 Historic Tapi River Ukai Flood,2006-08-01T04:00,1.3,1001.8,30.0,54.0,0.495,0.452,0.501
surat_tapi,Surat,Gujarat,West Coast (Arabian Sea / Gulf of Khambhat),21.1702,72.8311,4.0,2006 Historic Tapi River Ukai Flood,2006-08-01T05:00,1.2,1001.9,29.9,52.2,0.503,0.453,0.501
surat_tapi,Surat,Gujarat,West Coast (Arabian Sea / Gulf of Khambhat),21.1702,72.8311,4.0,2006 Historic Tapi River Ukai Flood,2006-08-01T06:00,1.2,1001.9,28.1,52.6,0.508,0.456,0.501
surat_tapi,Surat,Gujarat,West Coast (Arabian Sea / Gulf of Khambhat),21.1702,72.8311,4.0,2006 Historic Tapi River Ukai Flood,2006-08-01T07:00,0.9,1001.3,29.0,49.7,0.506,0.459,0.501
surat_tapi,Surat,Gujarat,West Coast (Arabian Sea / Gulf of Khambhat),21.1702,72.8311,4.0,2006 Historic Tapi River Ukai Flood,2006-08-01T08:00,1.1,1000.8,31.1,52.9,0.51,0.461,0.501
surat_tapi,Surat,Gujarat,West Coast (Arabian Sea / Gulf of Khambhat),21.1702,72.8311,4.0,2006 Historic Tapi River Ukai Flood,2006-08-01T09:00,0.9,1000.2,30.9,53.3,0.508,0.464,0.501
surat_tapi,Surat,Gujarat,West Coast (Arabian Sea / Gulf of Khambhat),21.1702,72.8311,4.0,2006 Historic Tapi River Ukai Flood,2006-08-01T10:00,0.9,999.6,26.4,53.6,0.508,0.467,0.5
surat_tapi,Surat,Gujarat,West Coast (Arabian Sea / Gulf of Khambhat),21.1702,72.8311,4.0,2006 Historic Tapi River Ukai Flood,2006-08-01T11:00,0.8,999.4,27.1,51.8,0.507,0.469,0.5
surat_tapi,Surat,Gujarat,West Coast (Arabian Sea / Gulf of Khambhat),21.1702,72.8311,4.0,2006 Historic Tapi River Ukai Flood,2006-08-01T12:00,0.9,999.9,25.7,49.7,0.509,0.471,0.5
surat_tapi,Surat,Gujarat,West Coast (Arabian Sea / Gulf of Khambhat),21.1702,72.8311,4.0,2006 Historic Tapi River Ukai Flood,2006-08-01T13:00,0.6,1000.2,26.9,48.2,0.506,0.474,0.5
surat_tapi,Surat,Gujarat,West Coast (Arabian Sea / Gulf of Khambhat),21.1702,72.8311,4.0,2006 Historic Tapi River Ukai Flood,2006-08-01T14:00,0.4,1000.5,28.1,46.8,0.505,0.475,0.5
surat_tapi,Surat,Gujarat,West Coast (Arabian Sea / Gulf of Khambhat),21.1702,72.8311,4.0,2006 Historic Tapi River Ukai Flood,2006-08-01T15:00,0.4,1000.8,30.3,48.6,0.504,0.477,0.5
surat_tapi,Surat,Gujarat,West Coast (Arabian Sea / Gulf of Khambhat),21.1702,72.8311,4.0,2006 Historic Tapi River Ukai Flood,2006-08-01T16:00,0.5,1001.2,30.9,48.2,0.506,0.478,0.5
surat_tapi,Surat,Gujarat,West Coast (Arabian Sea / Gulf of Khambhat),21.1702,72.8311,4.0,2006 Historic Tapi River Ukai Flood,2006-08-01T17:00,0.4,1001.9,30.4,49.3,0.504,0.48,0.5
surat_tapi,Surat,Gujarat,West Coast (Arabian Sea / Gulf of Khambhat),21.1702,72.8311,4.0,2006 Historic Tapi River Ukai Flood,2006-08-01T18:00,0.6,1001.9,29.2,52.2,0.505,0.481,0.5
surat_tapi,Surat,Gujarat,West Coast (Arabian Sea / Gulf of Khambhat),21.1702,72.8311,4.0,2006 Historic Tapi River Ukai Flood,2006-08-01T19:00,0.8,1001.7,29.7,47.2,0.511,0.482,0.5
surat_tapi,Surat,Gujarat,West Coast (Arabian Sea / Gulf of Khambhat),21.1702,72.8311,4.0,2006 Historic Tapi River Ukai Flood,2006-08-01T20:00,0.6,1001.0,29.5,48.2,0.51,0.485,0.5
surat_tapi,Surat,Gujarat,West Coast (Arabian Sea / Gulf of Khambhat),21.1702,72.8311,4.0,2006 Historic Tapi River Ukai Flood,2006-08-01T21:00,0.5,1000.5,31.6,49.3,0.509,0.487,0.499
surat_tapi,Surat,Gujarat,West Coast (Arabian Sea / Gulf of Khambhat),21.1702,72.8311,4.0,2006 Historic Tapi River Ukai Flood,2006-08-01T22:00,0.7,999.3,30.2,50.4,0.513,0.488,0.499
surat_tapi,Surat,Gujarat,West Coast (Arabian Sea / Gulf of Khambhat),21.1702,72.8311,4.0,2006 Historic Tapi River Ukai Flood,2006-08-01T23:00,0.3,999.7,27.6,49.0,0.507,0.49,0.499
surat_tapi,Surat,Gujarat,West Coast (Arabian Sea / Gulf of Khambhat),21.1702,72.8311,4.0,2006 Historic Tapi River Ukai Flood,2006-08-02T00:00,0.4,1000.1,26.4,47.2,0.506,0.491,0.499
surat_tapi,Surat,Gujarat,West Coast (Arabian Sea / Gulf of Khambhat),21.1702,72.8311,4.0,2006 Historic Tapi River Ukai Flood,2006-08-02T01:00,0.5,1000.9,26.3,47.5,0.507,0.492,0.499
surat_tapi,Surat,Gujarat,West Coast (Arabian Sea / Gulf of Khambhat),21.1702,72.8311,4.0,2006 Historic Tapi River Ukai Flood,2006-08-02T02:00,0.3,1001.4,26.6,47.5,0.505,0.493,0.499
surat_tapi,Surat,Gujarat,West Coast (Arabian Sea / Gulf of Khambhat),21.1702,72.8311,4.0,2006 Historic Tapi River Ukai Flood,2006-08-02T03:00,0.2,1002.1,27.8,47.9,0.503,0.494,0.499
surat_tapi,Surat,Gujarat,West Coast (Arabian Sea / Gulf of Khambhat),21.1702,72.8311,4.0,2006 Historic Tapi River Ukai Flood,2006-08-02T04:00,0.2,1002.1,28.0,47.5,0.502,0.494,0.499
surat_tapi,Surat,Gujarat,West Coast (Arabian Sea / Gulf of Khambhat),21.1702,72.8311,4.0,2006 Historic Tapi River Ukai Flood,2006-08-02T05:00,0.2,1002.8,28.8,47.9,0.501,0.494,0.499
surat_tapi,Surat,Gujarat,West Coast (Arabian Sea / Gulf of Khambhat),21.1702,72.8311,4.0,2006 Historic Tapi River Ukai Flood,2006-08-02T06:00,0.2,1002.5,30.1,50.8,0.5,0.495,0.499
surat_tapi,Surat,Gujarat,West Coast (Arabian Sea / Gulf of Khambhat),21.1702,72.8311,4.0,2006 Historic Tapi River Ukai Flood,2006-08-02T07:00,0.3,1002.4,29.0,51.5,0.499,0.495,0.499
surat_tapi,Surat,Gujarat,West Coast (Arabian Sea / Gulf of Khambhat),21.1702,72.8311,4.0,2006 Historic Tapi River Ukai Flood,2006-08-02T08:00,1.0,1001.8,29.0,52.9,0.509,0.495,0.499
surat_tapi,Surat,Gujarat,West Coast (Arabian Sea / Gulf of Khambhat),21.1702,72.8311,4.0,2006 Historic Tapi River Ukai Flood,2006-08-02T09:00,0.2,1001.2,27.9,50.0,0.506,0.496,0.499
surat_tapi,Surat,Gujarat,West Coast (Arabian Sea / Gulf of Khambhat),21.1702,72.8311,4.0,2006 Historic Tapi River Ukai Flood,2006-08-02T10:00,0.6,999.9,28.5,48.2,0.51,0.497,0.499
surat_tapi,Surat,Gujarat,West Coast (Arabian Sea / Gulf of Khambhat),21.1702,72.8311,4.0,2006 Historic Tapi River Ukai Flood,2006-08-02T11:00,0.1,999.9,24.8,46.1,0.506,0.498,0.499
surat_tapi,Surat,Gujarat,West Coast (Arabian Sea / Gulf of Khambhat),21.1702,72.8311,4.0,2006 Historic Tapi River Ukai Flood,2006-08-02T12:00,0.1,1000.0,24.6,43.9,0.504,0.498,0.499
surat_tapi,Surat,Gujarat,West Coast (Arabian Sea / Gulf of Khambhat),21.1702,72.8311,4.0,2006 Historic Tapi River Ukai Flood,2006-08-02T13:00,0.1,1000.3,25.3,41.8,0.503,0.498,0.499
surat_tapi,Surat,Gujarat,West Coast (Arabian Sea / Gulf of Khambhat),21.1702,72.8311,4.0,2006 Historic Tapi River Ukai Flood,2006-08-02T14:00,0.1,1000.7,25.5,42.1,0.502,0.499,0.499
surat_tapi,Surat,Gujarat,West Coast (Arabian Sea / Gulf of Khambhat),21.1702,72.8311,4.0,2006 Historic Tapi River Ukai Flood,2006-08-02T15:00,0.5,1001.4,24.6,41.0,0.506,0.499,0.499
surat_tapi,Surat,Gujarat,West Coast (Arabian Sea / Gulf of Khambhat),21.1702,72.8311,4.0,2006 Historic Tapi River Ukai Flood,2006-08-02T16:00,0.3,1001.6,24.8,40.0,0.505,0.499,0.499
surat_tapi,Surat,Gujarat,West Coast (Arabian Sea / Gulf of Khambhat),21.1702,72.8311,4.0,2006 Historic Tapi River Ukai Flood,2006-08-02T17:00,0.3,1001.9,24.6,38.5,0.506,0.5,0.499
surat_tapi,Surat,Gujarat,West Coast (Arabian Sea / Gulf of Khambhat),21.1702,72.8311,4.0,2006 Historic Tapi River Ukai Flood,2006-08-02T18:00,0.5,1001.9,22.8,41.0,0.509,0.5,0.499
surat_tapi,Surat,Gujarat,West Coast (Arabian Sea / Gulf of Khambhat),21.1702,72.8311,4.0,2006 Historic Tapi River Ukai Flood,2006-08-02T19:00,0.7,1001.5,22.9,37.1,0.512,0.501,0.499
surat_tapi,Surat,Gujarat,West Coast (Arabian Sea / Gulf of Khambhat),21.1702,72.8311,4.0,2006 Historic Tapi River Ukai Flood,2006-08-02T20:00,0.6,1001.1,22.9,38.5,0.514,0.503,0.499
surat_tapi,Surat,Gujarat,West Coast (Arabian Sea / Gulf of Khambhat),21.1702,72.8311,4.0,2006 Historic Tapi River Ukai Flood,2006-08-02T21:00,0.7,1000.5,24.8,41.0,0.516,0.505,0.499
surat_tapi,Surat,Gujarat,West Coast (Arabian Sea / Gulf of Khambhat),21.1702,72.8311,4.0,2006 Historic Tapi River Ukai Flood,2006-08-02T22:00,0.3,1000.2,22.2,41.0,0.512,0.507,0.499
surat_tapi,Surat,Gujarat,West Coast (Arabian Sea / Gulf of Khambhat),21.1702,72.8311,4.0,2006 Historic Tapi River Ukai Flood,2006-08-02T23:00,0.0,1000.0,21.3,34.9,0.508,0.507,0.499
surat_tapi,Surat,Gujarat,West Coast (Arabian Sea / Gulf of Khambhat),21.1702,72.8311,4.0,2006 Historic Tapi River Ukai Flood,2006-08-03T00:00,0.2,1000.3,21.4,37.4,0.508,0.507,0.499
surat_tapi,Surat,Gujarat,West Coast (Arabian Sea / Gulf of Khambhat),21.1702,72.8311,4.0,2006 Historic Tapi River Ukai Flood,2006-08-03T01:00,0.2,1000.8,20.1,34.6,0.508,0.507,0.499
surat_tapi,Surat,Gujarat,West Coast (Arabian Sea / Gulf of Khambhat),21.1702,72.8311,4.0,2006 Historic Tapi River Ukai Flood,2006-08-03T02:00,0.2,1001.1,19.8,36.4,0.507,0.507,0.499
surat_tapi,Surat,Gujarat,West Coast (Arabian Sea / Gulf of Khambhat),21.1702,72.8311,4.0,2006 Historic Tapi River Ukai Flood,2006-08-03T03:00,0.2,1001.8,19.0,37.1,0.506,0.507,0.499
surat_tapi,Surat,Gujarat,West Coast (Arabian Sea / Gulf of Khambhat),21.1702,72.8311,4.0,2006 Historic Tapi River Ukai Flood,2006-08-03T04:00,0.2,1001.9,21.1,40.0,0.506,0.507,0.499
surat_tapi,Surat,Gujarat,West Coast (Arabian Sea / Gulf of Khambhat),21.1702,72.8311,4.0,2006 Historic Tapi River Ukai Flood,2006-08-03T05:00,0.2,1002.1,20.7,43.6,0.504,0.506,0.499
surat_tapi,Surat,Gujarat,West Coast (Arabian Sea / Gulf of Khambhat),21.1702,72.8311,4.0,2006 Historic Tapi River Ukai Flood,2006-08-03T06:00,0.8,1002.3,20.7,43.2,0.512,0.506,0.499
surat_tapi,Surat,Gujarat,West Coast (Arabian Sea / Gulf of Khambhat),21.1702,72.8311,4.0,2006 Historic Tapi River Ukai Flood,2006-08-03T07:00,0.3,1001.7,21.4,41.8,0.509,0.507,0.5
surat_tapi,Surat,Gujarat,West Coast (Arabian Sea / Gulf of Khambhat),21.1702,72.8311,4.0,2006 Historic Tapi River Ukai Flood,2006-08-03T08:00,0.0,1001.3,20.9,40.3,0.506,0.507,0.5
surat_tapi,Surat,Gujarat,West Coast (Arabian Sea / Gulf of Khambhat),21.1702,72.8311,4.0,2006 Historic Tapi River Ukai Flood,2006-08-03T09:00,0.0,1000.7,21.1,40.7,0.503,0.506,0.5
surat_tapi,Surat,Gujarat,West Coast (Arabian Sea / Gulf of Khambhat),21.1702,72.8311,4.0,2006 Historic Tapi River Ukai Flood,2006-08-03T10:00,0.0,999.9,21.7,40.7,0.5,0.505,0.499
surat_tapi,Surat,Gujarat,West Coast (Arabian Sea / Gulf of Khambhat),21.1702,72.8311,4.0,2006 Historic Tapi River Ukai Flood,2006-08-03T11:00,0.0,999.4,22.8,40.7,0.498,0.504,0.499
surat_tapi,Surat,Gujarat,West Coast (Arabian Sea / Gulf of Khambhat),21.1702,72.8311,4.0,2006 Historic Tapi River Ukai Flood,2006-08-03T12:00,0.0,999.6,23.7,41.4,0.497,0.504,0.499
surat_tapi,Surat,Gujarat,West Coast (Arabian Sea / Gulf of Khambhat),21.1702,72.8311,4.0,2006 Historic Tapi River Ukai Flood,2006-08-03T13:00,0.1,999.8,22.1,38.5,0.497,0.504,0.499
surat_tapi,Surat,Gujarat,West Coast (Arabian Sea / Gulf of Khambhat),21.1702,72.8311,4.0,2006 Historic Tapi River Ukai Flood,2006-08-03T14:00,0.0,1000.0,21.3,34.9,0.496,0.503,0.499
surat_tapi,Surat,Gujarat,West Coast (Arabian Sea / Gulf of Khambhat),21.1702,72.8311,4.0,2006 Historic Tapi River Ukai Flood,2006-08-03T15:00,0.0,1000.8,21.8,34.9,0.495,0.503,0.499
surat_tapi,Surat,Gujarat,West Coast (Arabian Sea / Gulf of Khambhat),21.1702,72.8311,4.0,2006 Historic Tapi River Ukai Flood,2006-08-03T16:00,0.0,1001.1,21.6,34.6,0.494,0.503,0.499
surat_tapi,Surat,Gujarat,West Coast (Arabian Sea / Gulf of Khambhat),21.1702,72.8311,4.0,2006 Historic Tapi River Ukai Flood,2006-08-03T17:00,0.0,1001.7,21.7,33.8,0.494,0.502,0.499
surat_tapi,Surat,Gujarat,West Coast (Arabian Sea / Gulf of Khambhat),21.1702,72.8311,4.0,2006 Historic Tapi River Ukai Flood,2006-08-03T18:00,0.0,1001.5,20.8,32.4,0.493,0.502,0.499
surat_tapi,Surat,Gujarat,West Coast (Arabian Sea / Gulf of Khambhat),21.1702,72.8311,4.0,2006 Historic Tapi River Ukai Flood,2006-08-03T19:00,0.0,1001.0,20.8,31.3,0.492,0.502,0.499
surat_tapi,Surat,Gujarat,West Coast (Arabian Sea / Gulf of Khambhat),21.1702,72.8311,4.0,2006 Historic Tapi River Ukai Flood,2006-08-03T20:00,0.0,1000.4,20.1,31.0,0.492,0.501,0.499
surat_tapi,Surat,Gujarat,West Coast (Arabian Sea / Gulf of Khambhat),21.1702,72.8311,4.0,2006 Historic Tapi River Ukai Flood,2006-08-03T21:00,0.0,1000.1,19.4,30.6,0.491,0.501,0.499
surat_tapi,Surat,Gujarat,West Coast (Arabian Sea / Gulf of Khambhat),21.1702,72.8311,4.0,2006 Historic Tapi River Ukai Flood,2006-08-03T22:00,0.0,999.8,21.4,29.2,0.491,0.501,0.499
surat_tapi,Surat,Gujarat,West Coast (Arabian Sea / Gulf of Khambhat),21.1702,72.8311,4.0,2006 Historic Tapi River Ukai Flood,2006-08-03T23:00,0.0,999.8,21.5,29.2,0.491,0.5,0.499
surat_tapi,Surat,Gujarat,West Coast (Arabian Sea / Gulf of Khambhat),21.1702,72.8311,4.0,2006 Historic Tapi River Ukai Flood,2006-08-04T00:00,0.0,999.7,20.3,28.8,0.491,0.5,0.499
surat_tapi,Surat,Gujarat,West Coast (Arabian Sea / Gulf of Khambhat),21.1702,72.8311,4.0,2006 Historic Tapi River Ukai Flood,2006-08-04T01:00,0.0,1000.3,19.2,27.4,0.49,0.5,0.499
surat_tapi,Surat,Gujarat,West Coast (Arabian Sea / Gulf of Khambhat),21.1702,72.8311,4.0,2006 Historic Tapi River Ukai Flood,2006-08-04T02:00,0.0,1000.8,18.4,26.6,0.49,0.499,0.499
surat_tapi,Surat,Gujarat,West Coast (Arabian Sea / Gulf of Khambhat),21.1702,72.8311,4.0,2006 Historic Tapi River Ukai Flood,2006-08-04T03:00,0.0,1001.2,17.7,28.1,0.489,0.499,0.499
surat_tapi,Surat,Gujarat,West Coast (Arabian Sea / Gulf of Khambhat),21.1702,72.8311,4.0,2006 Historic Tapi River Ukai Flood,2006-08-04T04:00,0.0,1001.4,17.4,29.5,0.488,0.498,0.499
surat_tapi,Surat,Gujarat,West Coast (Arabian Sea / Gulf of Khambhat),21.1702,72.8311,4.0,2006 Historic Tapi River Ukai Flood,2006-08-04T05:00,0.0,1002.0,16.5,29.9,0.488,0.498,0.499
surat_tapi,Surat,Gujarat,West Coast (Arabian Sea / Gulf of Khambhat),21.1702,72.8311,4.0,2006 Historic Tapi River Ukai Flood,2006-08-04T06:00,0.0,1001.6,15.5,29.9,0.487,0.497,0.499
surat_tapi,Surat,Gujarat,West Coast (Arabian Sea / Gulf of Khambhat),21.1702,72.8311,4.0,2006 Historic Tapi River Ukai Flood,2006-08-04T07:00,0.4,1001.4,16.5,29.5,0.488,0.497,0.499
surat_tapi,Surat,Gujarat,West Coast (Arabian Sea / Gulf of Khambhat),21.1702,72.8311,4.0,2006 Historic Tapi River Ukai Flood,2006-08-04T08:00,0.0,1000.9,14.6,29.9,0.486,0.496,0.499
surat_tapi,Surat,Gujarat,West Coast (Arabian Sea / Gulf of Khambhat),21.1702,72.8311,4.0,2006 Historic Tapi River Ukai Flood,2006-08-04T09:00,0.0,999.9,14.2,29.9,0.484,0.495,0.499
surat_tapi,Surat,Gujarat,West Coast (Arabian Sea / Gulf of Khambhat),21.1702,72.8311,4.0,2006 Historic Tapi River Ukai Flood,2006-08-04T10:00,0.5,999.0,14.7,28.8,0.489,0.495,0.499
surat_tapi,Surat,Gujarat,West Coast (Arabian Sea / Gulf of Khambhat),21.1702,72.8311,4.0,2006 Historic Tapi River Ukai Flood,2006-08-04T11:00,0.0,998.8,16.5,29.2,0.489,0.495,0.498
surat_tapi,Surat,Gujarat,West Coast (Arabian Sea / Gulf of Khambhat),21.1702,72.8311,4.0,2006 Historic Tapi River Ukai Flood,2006-08-04T12:00,1.5,999.4,18.9,31.7,0.512,0.495,0.498
surat_tapi,Surat,Gujarat,West Coast (Arabian Sea / Gulf of Khambhat),21.1702,72.8311,4.0,2006 Historic Tapi River Ukai Flood,2006-08-04T13:00,0.7,999.8,18.8,30.6,0.51,0.498,0.498
surat_tapi,Surat,Gujarat,West Coast (Arabian Sea / Gulf of Khambhat),21.1702,72.8311,4.0,2006 Historic Tapi River Ukai Flood,2006-08-04T14:00,1.2,1000.2,18.4,28.4,0.51,0.499,0.499
surat_tapi,Surat,Gujarat,West Coast (Arabian Sea / Gulf of Khambhat),21.1702,72.8311,4.0,2006 Historic Tapi River Ukai Flood,2006-08-04T15:00,1.5,1000.4,18.7,28.8,0.508,0.505,0.499
surat_tapi,Surat,Gujarat,West Coast (Arabian Sea / Gulf of Khambhat),21.1702,72.8311,4.0,2006 Historic Tapi River Ukai Flood,2006-08-04T16:00,0.6,1001.2,18.9,31.7,0.505,0.508,0.499
surat_tapi,Surat,Gujarat,West Coast (Arabian Sea / Gulf of Khambhat),21.1702,72.8311,4.0,2006 Historic Tapi River Ukai Flood,2006-08-04T17:00,0.1,1001.9,18.1,33.1,0.498,0.507,0.501
surat_tapi,Surat,Gujarat,West Coast (Arabian Sea / Gulf of Khambhat),21.1702,72.8311,4.0,2006 Historic Tapi River Ukai Flood,2006-08-04T18:00,0.0,1001.6,19.8,31.7,0.496,0.506,0.501
surat_tapi,Surat,Gujarat,West Coast (Arabian Sea / Gulf of Khambhat),21.1702,72.8311,4.0,2006 Historic Tapi River Ukai Flood,2006-08-04T19:00,0.0,1001.2,21.3,32.0,0.494,0.506,0.501
surat_tapi,Surat,Gujarat,West Coast (Arabian Sea / Gulf of Khambhat),21.1702,72.8311,4.0,2006 Historic Tapi River Ukai Flood,2006-08-04T20:00,0.0,1000.8,22.6,34.2,0.493,0.505,0.501
surat_tapi,Surat,Gujarat,West Coast (Arabian Sea / Gulf of Khambhat),21.1702,72.8311,4.0,2006 Historic Tapi River Ukai Flood,2006-08-04T21:00,0.0,1000.3,22.8,35.3,0.492,0.505,0.501
surat_tapi,Surat,Gujarat,West Coast (Arabian Sea / Gulf of Khambhat),21.1702,72.8311,4.0,2006 Historic Tapi River Ukai Flood,2006-08-04T22:00,0.0,999.8,19.1,34.6,0.491,0.504,0.501
surat_tapi,Surat,Gujarat,West Coast (Arabian Sea / Gulf of Khambhat),21.1702,72.8311,4.0,2006 Historic Tapi River Ukai Flood,2006-08-04T23:00,0.0,999.8,19.5,34.2,0.49,0.503,0.501
surat_tapi,Surat,Gujarat,West Coast (Arabian Sea / Gulf of Khambhat),21.1702,72.8311,4.0,2006 Historic Tapi River Ukai Flood,2006-08-05T00:00,0.0,1000.0,19.3,32.8,0.489,0.503,0.501
surat_tapi,Surat,Gujarat,West Coast (Arabian Sea / Gulf of Khambhat),21.1702,72.8311,4.0,2006 Historic Tapi River Ukai Flood,2006-08-05T01:00,0.0,1000.5,19.6,31.0,0.488,0.502,0.501
surat_tapi,Surat,Gujarat,West Coast (Arabian Sea / Gulf of Khambhat),21.1702,72.8311,4.0,2006 Historic Tapi River Ukai Flood,2006-08-05T02:00,0.0,1001.0,20.5,30.2,0.488,0.502,0.501
surat_tapi,Surat,Gujarat,West Coast (Arabian Sea / Gulf of Khambhat),21.1702,72.8311,4.0,2006 Historic Tapi River Ukai Flood,2006-08-05T03:00,0.2,1001.5,22.0,33.5,0.489,0.501,0.501
surat_tapi,Surat,Gujarat,West Coast (Arabian Sea / Gulf of Khambhat),21.1702,72.8311,4.0,2006 Historic Tapi River Ukai Flood,2006-08-05T04:00,0.1,1001.5,23.5,38.5,0.489,0.501,0.501
surat_tapi,Surat,Gujarat,West Coast (Arabian Sea / Gulf of Khambhat),21.1702,72.8311,4.0,2006 Historic Tapi River Ukai Flood,2006-08-05T05:00,0.3,1001.5,24.1,41.8,0.489,0.5,0.501
surat_tapi,Surat,Gujarat,West Coast (Arabian Sea / Gulf of Khambhat),21.1702,72.8311,4.0,2006 Historic Tapi River Ukai Flood,2006-08-05T06:00,0.3,1001.3,22.4,42.1,0.49,0.499,0.501
surat_tapi,Surat,Gujarat,West Coast (Arabian Sea / Gulf of Khambhat),21.1702,72.8311,4.0,2006 Historic Tapi River Ukai Flood,2006-08-05T07:00,0.2,1001.2,21.1,37.1,0.49,0.499,0.501
surat_tapi,Surat,Gujarat,West Coast (Arabian Sea / Gulf of Khambhat),21.1702,72.8311,4.0,2006 Historic Tapi River Ukai Flood,2006-08-05T08:00,0.8,1000.3,19.5,36.0,0.497,0.499,0.501
surat_tapi,Surat,Gujarat,West Coast (Arabian Sea / Gulf of Khambhat),21.1702,72.8311,4.0,2006 Historic Tapi River Ukai Flood,2006-08-05T09:00,1.4,1000.0,18.4,35.3,0.515,0.499,0.501
surat_tapi,Surat,Gujarat,West Coast (Arabian Sea / Gulf of Khambhat),21.1702,72.8311,4.0,2006 Historic Tapi River Ukai Flood,2006-08-05T10:00,1.2,999.1,18.0,33.5,0.464,0.513,0.501
surat_tapi,Surat,Gujarat,West Coast (Arabian Sea / Gulf of Khambhat),21.1702,72.8311,4.0,2006 Historic Tapi River Ukai Flood,2006-08-05T11:00,3.4,998.7,20.4,36.7,0.448,0.497,0.513
surat_tapi,Surat,Gujarat,West Coast (Arabian Sea / Gulf of Khambhat),21.1702,72.8311,4.0,2006 Historic Tapi River Ukai Flood,2006-08-05T12:00,1.5,999.0,24.8,39.6,0.459,0.5,0.512
surat_tapi,Surat,Gujarat,West Coast (Arabian Sea / Gulf of Khambhat),21.1702,72.8311,4.0,2006 Historic Tapi River Ukai Flood,2006-08-05T13:00,2.0,999.4,26.6,40.3,0.488,0.499,0.512
surat_tapi,Surat,Gujarat,West Coast (Arabian Sea / Gulf of Khambhat),21.1702,72.8311,4.0,2006 Historic Tapi River Ukai Flood,2006-08-05T14:00,2.1,999.2,27.8,39.6,0.51,0.498,0.512
surat_tapi,Surat,Gujarat,West Coast (Arabian Sea / Gulf of Khambhat),21.1702,72.8311,4.0,2006 Historic Tapi River Ukai Flood,2006-08-05T15:00,0.9,999.9,26.7,40.3,0.512,0.499,0.512
surat_tapi,Surat,Gujarat,West Coast (Arabian Sea / Gulf of Khambhat),21.1702,72.8311,4.0,2006 Historic Tapi River Ukai Flood,2006-08-05T16:00,0.2,1000.5,26.0,40.3,0.508,0.501,0.512
surat_tapi,Surat,Gujarat,West Coast (Arabian Sea / Gulf of Khambhat),21.1702,72.8311,4.0,2006 Historic Tapi River Ukai Flood,2006-08-05T17:00,0.5,1000.9,27.0,41.4,0.508,0.501,0.512
surat_tapi,Surat,Gujarat,West Coast (Arabian Sea / Gulf of Khambhat),21.1702,72.8311,4.0,2006 Historic Tapi River Ukai Flood,2006-08-05T18:00,0.1,1001.0,27.7,43.6,0.508,0.501,0.511
surat_tapi,Surat,Gujarat,West Coast (Arabian Sea / Gulf of Khambhat),21.1702,72.8311,4.0,2006 Historic Tapi River Ukai Flood,2006-08-05T19:00,0.8,1000.3,28.3,43.6,0.511,0.501,0.511
surat_tapi,Surat,Gujarat,West Coast (Arabian Sea / Gulf of Khambhat),21.1702,72.8311,4.0,2006 Historic Tapi River Ukai Flood,2006-08-05T20:00,1.3,999.9,30.5,45.0,0.518,0.503,0.511
surat_tapi,Surat,Gujarat,West Coast (Arabian Sea / Gulf of Khambhat),21.1702,72.8311,4.0,2006 Historic Tapi River Ukai Flood,2006-08-05T21:00,2.5,999.0,32.2,47.5,0.52,0.508,0.511
surat_tapi,Surat,Gujarat,West Coast (Arabian Sea / Gulf of Khambhat),21.1702,72.8311,4.0,2006 Historic Tapi River Ukai Flood,2006-08-05T22:00,3.4,999.1,27.9,48.2,0.472,0.52,0.511
surat_tapi,Surat,Gujarat,West Coast (Arabian Sea / Gulf of Khambhat),21.1702,72.8311,4.0,2006 Historic Tapi River Ukai Flood,2006-08-05T23:00,2.0,998.9,27.9,47.5,0.422,0.498,0.52
surat_tapi,Surat,Gujarat,West Coast (Arabian Sea / Gulf of Khambhat),21.1702,72.8311,4.0,2006 Historic Tapi River Ukai Flood,2006-08-06T00:00,0.9,999.3,27.7,45.4,0.435,0.455,0.518
surat_tapi,Surat,Gujarat,West Coast (Arabian Sea / Gulf of Khambhat),21.1702,72.8311,4.0,2006 Historic Tapi River Ukai Flood,2006-08-06T01:00,0.8,1000.0,27.6,45.0,0.447,0.455,0.517
surat_tapi,Surat,Gujarat,West Coast (Arabian Sea / Gulf of Khambhat),21.1702,72.8311,4.0,2006 Historic Tapi River Ukai Flood,2006-08-06T02:00,0.8,1000.8,28.0,45.4,0.458,0.455,0.516
surat_tapi,Surat,Gujarat,West Coast (Arabian Sea / Gulf of Khambhat),21.1702,72.8311,4.0,2006 Historic Tapi River Ukai Flood,2006-08-06T03:00,0.7,1001.0,28.6,46.4,0.466,0.455,0.515
surat_tapi,Surat,Gujarat,West Coast (Arabian Sea / Gulf of Khambhat),21.1702,72.8311,4.0,2006 Historic Tapi River Ukai Flood,2006-08-06T04:00,0.8,1001.3,29.7,47.2,0.473,0.455,0.515
surat_tapi,Surat,Gujarat,West Coast (Arabian Sea / Gulf of Khambhat),21.1702,72.8311,4.0,2006 Historic Tapi River Ukai Flood,2006-08-06T05:00,0.9,1001.6,30.0,47.9,0.479,0.455,0.514
surat_tapi,Surat,Gujarat,West Coast (Arabian Sea / Gulf of Khambhat),21.1702,72.8311,4.0,2006 Historic Tapi River Ukai Flood,2006-08-06T06:00,1.2,1001.5,28.4,46.8,0.494,0.455,0.513
surat_tapi,Surat,Gujarat,West Coast (Arabian Sea / Gulf of Khambhat),21.1702,72.8311,4.0,2006 Historic Tapi River Ukai Flood,2006-08-06T07:00,0.2,1001.3,28.1,45.0,0.492,0.456,0.513
surat_tapi,Surat,Gujarat,West Coast (Arabian Sea / Gulf of Khambhat),21.1702,72.8311,4.0,2006 Historic Tapi River Ukai Flood,2006-08-06T08:00,0.3,1000.4,28.5,46.1,0.49,0.457,0.512
surat_tapi,Surat,Gujarat,West Coast (Arabian Sea / Gulf of Khambhat),21.1702,72.8311,4.0,2006 Historic Tapi River Ukai Flood,2006-08-06T09:00,2.7,999.9,28.9,46.1,0.52,0.458,0.512
surat_tapi,Surat,Gujarat,West Coast (Arabian Sea / Gulf of Khambhat),21.1702,72.8311,4.0,2006 Historic Tapi River Ukai Flood,2006-08-06T10:00,3.1,998.9,29.9,47.2,0.452,0.493,0.512
surat_tapi,Surat,Gujarat,West Coast (Arabian Sea / Gulf of Khambhat),21.1702,72.8311,4.0,2006 Historic Tapi River Ukai Flood,2006-08-06T11:00,1.9,999.3,27.1,51.1,0.472,0.492,0.512
surat_tapi,Surat,Gujarat,West Coast (Arabian Sea / Gulf of Khambhat),21.1702,72.8311,4.0,2006 Historic Tapi River Ukai Flood,2006-08-06T12:00,0.5,999.5,27.2,45.4,0.475,0.491,0.511
surat_tapi,Surat,Gujarat,West Coast (Arabian Sea / Gulf of Khambhat),21.1702,72.8311,4.0,2006 Historic Tapi River Ukai Flood,2006-08-06T13:00,0.4,999.3,27.8,45.4,0.477,0.49,0.511
surat_tapi,Surat,Gujarat,West Coast (Arabian Sea / Gulf of Khambhat),21.1702,72.8311,4.0,2006 Historic Tapi River Ukai Flood,2006-08-06T14:00,0.3,999.4,27.0,43.6,0.48,0.49,0.511
surat_tapi,Surat,Gujarat,West Coast (Arabian Sea / Gulf of Khambhat),21.1702,72.8311,4.0,2006 Historic Tapi River Ukai Flood,2006-08-06T15:00,0.3,1000.1,25.6,39.2,0.483,0.489,0.511
surat_tapi,Surat,Gujarat,West Coast (Arabian Sea / Gulf of Khambhat),21.1702,72.8311,4.0,2006 Historic Tapi River Ukai Flood,2006-08-06T16:00,0.8,1001.0,25.2,39.2,0.492,0.489,0.511
surat_tapi,Surat,Gujarat,West Coast (Arabian Sea / Gulf of Khambhat),21.1702,72.8311,4.0,2006 Historic Tapi River Ukai Flood,2006-08-06T17:00,1.3,1001.8,23.0,40.0,0.51,0.489,0.511
surat_tapi,Surat,Gujarat,West Coast (Arabian Sea / Gulf of Khambhat),21.1702,72.8311,4.0,2006 Historic Tapi River Ukai Flood,2006-08-06T18:00,1.3,1001.7,23.0,38.9,0.52,0.491,0.51
surat_tapi,Surat,Gujarat,West Coast (Arabian Sea / Gulf of Khambhat),21.1702,72.8311,4.0,2006 Historic Tapi River Ukai Flood,2006-08-06T19:00,0.3,1001.3,23.1,35.3,0.444,0.515,0.51
surat_tapi,Surat,Gujarat,West Coast (Arabian Sea / Gulf of Khambhat),21.1702,72.8311,4.0,2006 Historic Tapi River Ukai Flood,2006-08-06T20:00,0.4,1000.7,22.0,36.7,0.458,0.51,0.511
surat_tapi,Surat,Gujarat,West Coast (Arabian Sea / Gulf of Khambhat),21.1702,72.8311,4.0,2006 Historic Tapi River Ukai Flood,2006-08-06T21:00,0.6,1000.1,22.3,36.0,0.468,0.508,0.511
surat_tapi,Surat,Gujarat,West Coast (Arabian Sea / Gulf of Khambhat),21.1702,72.8311,4.0,2006 Historic Tapi River Ukai Flood,2006-08-06T22:00,1.5,1000.2,21.7,39.2,0.484,0.507,0.51
surat_tapi,Surat,Gujarat,West Coast (Arabian Sea / Gulf of Khambhat),21.1702,72.8311,4.0,2006 Historic Tapi River Ukai Flood,2006-08-06T23:00,2.2,1000.4,23.1,41.4,0.498,0.506,0.51
surat_tapi,Surat,Gujarat,West Coast (Arabian Sea / Gulf of Khambhat),21.1702,72.8311,4.0,2006 Historic Tapi River Ukai Flood,2006-08-07T00:00,1.2,1000.3,24.2,42.5,0.506,0.506,0.51
surat_tapi,Surat,Gujarat,West Coast (Arabian Sea / Gulf of Khambhat),21.1702,72.8311,4.0,2006 Historic Tapi River Ukai Flood,2006-08-07T01:00,1.2,1001.0,23.4,41.4,0.516,0.506,0.51
surat_tapi,Surat,Gujarat,West Coast (Arabian Sea / Gulf of Khambhat),21.1702,72.8311,4.0,2006 Historic Tapi River Ukai Flood,2006-08-07T02:00,1.2,1001.4,23.8,42.1,0.52,0.509,0.51
surat_tapi,Surat,Gujarat,West Coast (Arabian Sea / Gulf of Khambhat),21.1702,72.8311,4.0,2006 Historic Tapi River Ukai Flood,2006-08-07T03:00,1.1,1001.7,24.9,41.0,0.468,0.519,0.51
surat_tapi,Surat,Gujarat,West Coast (Arabian Sea / Gulf of Khambhat),21.1702,72.8311,4.0,2006 Historic Tapi River Ukai Flood,2006-08-07T04:00,0.6,1001.9,25.3,41.8,0.421,0.497,0.518
surat_tapi,Surat,Gujarat,West Coast (Arabian Sea / Gulf of Khambhat),21.1702,72.8311,4.0,2006 Historic Tapi River Ukai Flood,2006-08-07T05:00,0.2,1002.2,26.9,43.6,0.424,0.46,0.517
surat_tapi,Surat,Gujarat,West Coast (Arabian Sea / Gulf of Khambhat),21.1702,72.8311,4.0,2006 Historic Tapi River Ukai Flood,2006-08-07T06:00,0.3,1002.1,27.5,43.9,0.426,0.46,0.516
surat_tapi,Surat,Gujarat,West Coast (Arabian Sea / Gulf of Khambhat),21.1702,72.8311,4.0,2006 Historic Tapi River Ukai Flood,2006-08-07T07:00,1.5,1001.9,26.8,43.6,0.444,0.46,0.515
surat_tapi,Surat,Gujarat,West Coast (Arabian Sea / Gulf of Khambhat),21.1702,72.8311,4.0,2006 Historic Tapi River Ukai Flood,2006-08-07T08:00,1.8,1001.3,26.8,43.6,0.454,0.461,0.514
surat_tapi,Surat,Gujarat,West Coast (Arabian Sea / Gulf of Khambhat),21.1702,72.8311,4.0,2006 Historic Tapi River Ukai Flood,2006-08-07T09:00,0.8,1000.9,27.9,45.0,0.458,0.459,0.515
surat_tapi,Surat,Gujarat,West Coast (Arabian Sea / Gulf of Khambhat),21.1702,72.8311,4.0,2006 Historic Tapi River Ukai Flood,2006-08-07T10:00,0.7,999.3,29.5,49.7,0.462,0.455,0.514
surat_tapi,Surat,Gujarat,West Coast (Arabian Sea / Gulf of Khambhat),21.1702,72.8311,4.0,2006 Historic Tapi River Ukai Flood,2006-08-07T11:00,0.3,1000.2,31.6,51.5,0.464,0.455,0.514
surat_tapi,Surat,Gujarat,West Coast (Arabian Sea / Gulf of Khambhat),21.1702,72.8311,4.0,2006 Historic Tapi River Ukai Flood,2006-08-07T12:00,1.0,999.7,31.8,50.4,0.469,0.455,0.513
surat_tapi,Surat,Gujarat,West Coast (Arabian Sea / Gulf of Khambhat),21.1702,72.8311,4.0,2006 Historic Tapi River Ukai Flood,2006-08-07T13:00,0.3,999.9,32.4,47.5,0.471,0.456,0.513
surat_tapi,Surat,Gujarat,West Coast (Arabian Sea / Gulf of Khambhat),21.1702,72.8311,4.0,2006 Historic Tapi River Ukai Flood,2006-08-07T14:00,0.4,1000.2,31.3,45.4,0.473,0.456,0.512
surat_tapi,Surat,Gujarat,West Coast (Arabian Sea / Gulf of Khambhat),21.1702,72.8311,4.0,2006 Historic Tapi River Ukai Flood,2006-08-07T15:00,0.6,1000.8,31.4,47.5,0.478,0.456,0.512
surat_tapi,Surat,Gujarat,West Coast (Arabian Sea / Gulf of Khambhat),21.1702,72.8311,4.0,2006 Historic Tapi River Ukai Flood,2006-08-07T16:00,0.3,1001.4,32.4,48.6,0.479,0.456,0.512
surat_tapi,Surat,Gujarat,West Coast (Arabian Sea / Gulf of Khambhat),21.1702,72.8311,4.0,2006 Historic Tapi River Ukai Flood,2006-08-07T17:00,0.2,1001.8,31.9,51.5,0.479,0.457,0.511
surat_tapi,Surat,Gujarat,West Coast (Arabian Sea / Gulf of Khambhat),21.1702,72.8311,4.0,2006 Historic Tapi River Ukai Flood,2006-08-07T18:00,0.2,1001.6,29.5,50.4,0.479,0.457,0.511
surat_tapi,Surat,Gujarat,West Coast (Arabian Sea / Gulf of Khambhat),21.1702,72.8311,4.0,2006 Historic Tapi River Ukai Flood,2006-08-07T19:00,0.5,1001.3,29.5,47.5,0.486,0.457,0.511
surat_tapi,Surat,Gujarat,West Coast (Arabian Sea / Gulf of Khambhat),21.1702,72.8311,4.0,2006 Historic Tapi River Ukai Flood,2006-08-07T20:00,0.7,1000.6,28.9,46.1,0.495,0.458,0.51
surat_tapi,Surat,Gujarat,West Coast (Arabian Sea / Gulf of Khambhat),21.1702,72.8311,4.0,2006 Historic Tapi River Ukai Flood,2006-08-07T21:00,0.6,1000.0,27.0,45.4,0.5,0.459,0.51
surat_tapi,Surat,Gujarat,West Coast (Arabian Sea / Gulf of Khambhat),21.1702,72.8311,4.0,2006 Historic Tapi River Ukai Flood,2006-08-07T22:00,0.3,1000.3,23.8,43.2,0.498,0.461,0.51
surat_tapi,Surat,Gujarat,West Coast (Arabian Sea / Gulf of Khambhat),21.1702,72.8311,4.0,2006 Historic Tapi River Ukai Flood,2006-08-07T23:00,0.1,1000.4,25.0,39.6,0.496,0.462,0.509
surat_tapi,Surat,Gujarat,West Coast (Arabian Sea / Gulf of Khambhat),21.1702,72.8311,4.0,2006 Historic Tapi River Ukai Flood,2006-08-08T00:00,0.2,1000.7,25.5,37.4,0.495,0.463,0.509
surat_tapi,Surat,Gujarat,West Coast (Arabian Sea / Gulf of Khambhat),21.1702,72.8311,4.0,2006 Historic Tapi River Ukai Flood,2006-08-08T01:00,0.3,1001.3,25.2,36.7,0.495,0.464,0.509
surat_tapi,Surat,Gujarat,West Coast (Arabian Sea / Gulf of Khambhat),21.1702,72.8311,4.0,2006 Historic Tapi River Ukai Flood,2006-08-08T02:00,0.2,1001.9,22.3,34.6,0.494,0.464,0.509
surat_tapi,Surat,Gujarat,West Coast (Arabian Sea / Gulf of Khambhat),21.1702,72.8311,4.0,2006 Historic Tapi River Ukai Flood,2006-08-08T03:00,0.3,1002.1,22.0,34.2,0.494,0.465,0.508
surat_tapi,Surat,Gujarat,West Coast (Arabian Sea / Gulf of Khambhat),21.1702,72.8311,4.0,2006 Historic Tapi River Ukai Flood,2006-08-08T04:00,0.3,1002.5,22.5,38.2,0.493,0.466,0.508
surat_tapi,Surat,Gujarat,West Coast (Arabian Sea / Gulf of Khambhat),21.1702,72.8311,4.0,2006 Historic Tapi River Ukai Flood,2006-08-08T05:00,0.4,1002.7,24.1,41.8,0.493,0.466,0.508
surat_tapi,Surat,Gujarat,West Coast (Arabian Sea / Gulf of Khambhat),21.1702,72.8311,4.0,2006 Historic Tapi River Ukai Flood,2006-08-08T06:00,0.5,1002.5,28.0,43.9,0.495,0.467,0.508
surat_tapi,Surat,Gujarat,West Coast (Arabian Sea / Gulf of Khambhat),21.1702,72.8311,4.0,2006 Historic Tapi River Ukai Flood,2006-08-08T07:00,1.0,1002.2,27.6,47.5,0.504,0.467,0.508
surat_tapi,Surat,Gujarat,West Coast (Arabian Sea / Gulf of Khambhat),21.1702,72.8311,4.0,2006 Historic Tapi River Ukai Flood,2006-08-08T08:00,0.2,1001.8,25.0,47.2,0.5,0.469,0.507
surat_tapi,Surat,Gujarat,West Coast (Arabian Sea / Gulf of Khambhat),21.1702,72.8311,4.0,2006 Historic Tapi River Ukai Flood,2006-08-08T09:00,0.1,1000.9,26.1,45.0,0.496,0.469,0.507
surat_tapi,Surat,Gujarat,West Coast (Arabian Sea / Gulf of Khambhat),21.1702,72.8311,4.0,2006 Historic Tapi River Ukai Flood,2006-08-08T10:00,1.2,1000.0,28.4,43.9,0.512,0.47,0.507
surat_tapi,Surat,Gujarat,West Coast (Arabian Sea / Gulf of Khambhat),21.1702,72.8311,4.0,2006 Historic Tapi River Ukai Flood,2006-08-08T11:00,0.1,1000.5,31.6,46.4,0.499,0.474,0.507
surat_tapi,Surat,Gujarat,West Coast (Arabian Sea / Gulf of Khambhat),21.1702,72.8311,4.0,2006 Historic Tapi River Ukai Flood,2006-08-08T12:00,0.5,1000.4,34.2,49.0,0.495,0.473,0.507
surat_tapi,Surat,Gujarat,West Coast (Arabian Sea / Gulf of Khambhat),21.1702,72.8311,4.0,2006 Historic Tapi River Ukai Flood,2006-08-08T13:00,0.0,1000.6,32.7,50.0,0.492,0.471,0.507
surat_tapi,Surat,Gujarat,West Coast (Arabian Sea / Gulf of Khambhat),21.1702,72.8311,4.0,2006 Historic Tapi River Ukai Flood,2006-08-08T14:00,0.0,1000.5,30.7,48.6,0.489,0.471,0.507
surat_tapi,Surat,Gujarat,West Coast (Arabian Sea / Gulf of Khambhat),21.1702,72.8311,4.0,2006 Historic Tapi River Ukai Flood,2006-08-08T15:00,0.0,1001.7,30.1,45.0,0.488,0.472,0.507
surat_tapi,Surat,Gujarat,West Coast (Arabian Sea / Gulf of Khambhat),21.1702,72.8311,4.0,2006 Historic Tapi River Ukai Flood,2006-08-08T16:00,0.3,1002.4,29.0,45.0,0.488,0.472,0.506
surat_tapi,Surat,Gujarat,West Coast (Arabian Sea / Gulf of Khambhat),21.1702,72.8311,4.0,2006 Historic Tapi River Ukai Flood,2006-08-08T17:00,0.3,1002.5,29.3,44.6,0.488,0.473,0.506
surat_tapi,Surat,Gujarat,West Coast (Arabian Sea / Gulf of Khambhat),21.1702,72.8311,4.0,2006 Historic Tapi River Ukai Flood,2006-08-08T18:00,0.1,1002.5,28.5,45.0,0.486,0.473,0.506
surat_tapi,Surat,Gujarat,West Coast (Arabian Sea / Gulf of Khambhat),21.1702,72.8311,4.0,2006 Historic Tapi River Ukai Flood,2006-08-08T19:00,0.2,1002.1,27.4,43.6,0.486,0.473,0.506
surat_tapi,Surat,Gujarat,West Coast (Arabian Sea / Gulf of Khambhat),21.1702,72.8311,4.0,2006 Historic Tapi River Ukai Flood,2006-08-08T20:00,0.2,1001.5,25.5,41.4,0.487,0.473,0.506
surat_tapi,Surat,Gujarat,West Coast (Arabian Sea / Gulf of Khambhat),21.1702,72.8311,4.0,2006 Historic Tapi River Ukai Flood,2006-08-08T21:00,0.1,1001.5,23.3,40.3,0.486,0.474,0.506
surat_tapi,Surat,Gujarat,West Coast (Arabian Sea / Gulf of Khambhat),21.1702,72.8311,4.0,2006 Historic Tapi River Ukai Flood,2006-08-08T22:00,0.1,1000.7,19.3,35.3,0.485,0.474,0.505
surat_tapi,Surat,Gujarat,West Coast (Arabian Sea / Gulf of Khambhat),21.1702,72.8311,4.0,2006 Historic Tapi River Ukai Flood,2006-08-08T23:00,0.2,1001.1,18.0,36.0,0.485,0.474,0.505
surat_tapi,Surat,Gujarat,West Coast (Arabian Sea / Gulf of Khambhat),21.1702,72.8311,4.0,2006 Historic Tapi River Ukai Flood,2006-08-09T00:00,0.2,1001.8,18.1,34.9,0.486,0.474,0.505
surat_tapi,Surat,Gujarat,West Coast (Arabian Sea / Gulf of Khambhat),21.1702,72.8311,4.0,2006 Historic Tapi River Ukai Flood,2006-08-09T01:00,0.3,1001.9,18.4,34.9,0.488,0.474,0.505
surat_tapi,Surat,Gujarat,West Coast (Arabian Sea / Gulf of Khambhat),21.1702,72.8311,4.0,2006 Historic Tapi River Ukai Flood,2006-08-09T02:00,0.0,1002.2,18.7,33.1,0.487,0.475,0.505
surat_tapi,Surat,Gujarat,West Coast (Arabian Sea / Gulf of Khambhat),21.1702,72.8311,4.0,2006 Historic Tapi River Ukai Flood,2006-08-09T03:00,0.3,1002.6,20.1,31.3,0.487,0.475,0.505
surat_tapi,Surat,Gujarat,West Coast (Arabian Sea / Gulf of Khambhat),21.1702,72.8311,4.0,2006 Historic Tapi River Ukai Flood,2006-08-09T04:00,0.4,1003.0,22.7,31.3,0.487,0.475,0.505
surat_tapi,Surat,Gujarat,West Coast (Arabian Sea / Gulf of Khambhat),21.1702,72.8311,4.0,2006 Historic Tapi River Ukai Flood,2006-08-09T05:00,0.1,1003.0,22.9,34.2,0.487,0.475,0.505
surat_tapi,Surat,Gujarat,West Coast (Arabian Sea / Gulf of Khambhat),21.1702,72.8311,4.0,2006 Historic Tapi River Ukai Flood,2006-08-09T06:00,0.2,1003.1,22.5,35.6,0.486,0.475,0.504
surat_tapi,Surat,Gujarat,West Coast (Arabian Sea / Gulf of Khambhat),21.1702,72.8311,4.0,2006 Historic Tapi River Ukai Flood,2006-08-09T07:00,1.2,1002.2,23.3,37.1,0.502,0.475,0.504
surat_tapi,Surat,Gujarat,West Coast (Arabian Sea / Gulf of Khambhat),21.1702,72.8311,4.0,2006 Historic Tapi River Ukai Flood,2006-08-09T08:00,2.0,1001.6,23.7,37.1,0.518,0.477,0.504
surat_tapi,Surat,Gujarat,West Coast (Arabian Sea / Gulf of Khambhat),21.1702,72.8311,4.0,2006 Historic Tapi River Ukai Flood,2006-08-09T09:00,0.2,1001.3,25.3,39.6,0.442,0.502,0.504
surat_tapi,Surat,Gujarat,West Coast (Arabian Sea / Gulf of Khambhat),21.1702,72.8311,4.0,2006 Historic Tapi River Ukai Flood,2006-08-09T10:00,2.8,1000.6,28.5,46.4,0.491,0.501,0.504
surat_tapi,Surat,Gujarat,West Coast (Arabian Sea / Gulf of Khambhat),21.1702,72.8311,4.0,2006 Historic Tapi River Ukai Flood,2006-08-09T11:00,0.4,1000.7,28.0,47.2,0.487,0.503,0.504
surat_tapi,Surat,Gujarat,West Coast (Arabian Sea / Gulf of Khambhat),21.1702,72.8311,4.0,2006 Historic Tapi River Ukai Flood,2006-08-09T12:00,0.5,1000.6,28.5,46.1,0.492,0.503,0.504
surat_tapi,Surat,Gujarat,West Coast (Arabian Sea / Gulf of Khambhat),21.1702,72.8311,4.0,2006 Historic Tapi River Ukai Flood,2006-08-09T13:00,0.2,1000.4,26.8,41.8,0.493,0.502,0.504
surat_tapi,Surat,Gujarat,West Coast (Arabian Sea / Gulf of Khambhat),21.1702,72.8311,4.0,2006 Historic Tapi River Ukai Flood,2006-08-09T14:00,0.3,1000.9,26.6,37.4,0.494,0.502,0.504
surat_tapi,Surat,Gujarat,West Coast (Arabian Sea / Gulf of Khambhat),21.1702,72.8311,4.0,2006 Historic Tapi River Ukai Flood,2006-08-09T15:00,0.2,1001.4,24.8,35.6,0.494,0.502,0.504
surat_tapi,Surat,Gujarat,West Coast (Arabian Sea / Gulf of Khambhat),21.1702,72.8311,4.0,2006 Historic Tapi River Ukai Flood,2006-08-09T16:00,0.0,1001.3,24.1,34.2,0.494,0.502,0.504
surat_tapi,Surat,Gujarat,West Coast (Arabian Sea / Gulf of Khambhat),21.1702,72.8311,4.0,2006 Historic Tapi River Ukai Flood,2006-08-09T17:00,0.0,1001.9,24.6,33.1,0.493,0.501,0.504
surat_tapi,Surat,Gujarat,West Coast (Arabian Sea / Gulf of Khambhat),21.1702,72.8311,4.0,2006 Historic Tapi River Ukai Flood,2006-08-09T18:00,0.0,1001.8,23.9,33.5,0.492,0.501,0.504
surat_tapi,Surat,Gujarat,West Coast (Arabian Sea / Gulf of Khambhat),21.1702,72.8311,4.0,2006 Historic Tapi River Ukai Flood,2006-08-09T19:00,0.4,1001.3,22.9,36.0,0.496,0.501,0.504
surat_tapi,Surat,Gujarat,West Coast (Arabian Sea / Gulf of Khambhat),21.1702,72.8311,4.0,2006 Historic Tapi River Ukai Flood,2006-08-09T20:00,0.5,1000.8,21.5,36.4,0.501,0.501,0.504
surat_tapi,Surat,Gujarat,West Coast (Arabian Sea / Gulf of Khambhat),21.1702,72.8311,4.0,2006 Historic Tapi River Ukai Flood,2006-08-09T21:00,0.8,1000.4,20.1,36.7,0.51,0.501,0.504
surat_tapi,Surat,Gujarat,West Coast (Arabian Sea / Gulf of Khambhat),21.1702,72.8311,4.0,2006 Historic Tapi River Ukai Flood,2006-08-09T22:00,0.6,999.7,19.1,34.2,0.51,0.503,0.504
surat_tapi,Surat,Gujarat,West Coast (Arabian Sea / Gulf of Khambhat),21.1702,72.8311,4.0,2006 Historic Tapi River Ukai Flood,2006-08-09T23:00,0.5,999.6,18.4,33.1,0.51,0.504,0.504
surat_tapi,Surat,Gujarat,West Coast (Arabian Sea / Gulf of Khambhat),21.1702,72.8311,4.0,2006 Historic Tapi River Ukai Flood,2006-08-10T00:00,0.5,999.8,18.0,33.1,0.51,0.505,0.504
surat_tapi,Surat,Gujarat,West Coast (Arabian Sea / Gulf of Khambhat),21.1702,72.8311,4.0,2006 Historic Tapi River Ukai Flood,2006-08-10T01:00,0.5,1000.2,18.3,32.8,0.51,0.506,0.504
surat_tapi,Surat,Gujarat,West Coast (Arabian Sea / Gulf of Khambhat),21.1702,72.8311,4.0,2006 Historic Tapi River Ukai Flood,2006-08-10T02:00,0.5,1000.4,17.6,32.0,0.51,0.506,0.504
surat_tapi,Surat,Gujarat,West Coast (Arabian Sea / Gulf of Khambhat),21.1702,72.8311,4.0,2006 Historic Tapi River Ukai Flood,2006-08-10T03:00,0.4,1000.7,17.6,32.4,0.508,0.507,0.504
surat_tapi,Surat,Gujarat,West Coast (Arabian Sea / Gulf of Khambhat),21.1702,72.8311,4.0,2006 Historic Tapi River Ukai Flood,2006-08-10T04:00,0.0,1000.6,18.6,31.3,0.506,0.507,0.504
surat_tapi,Surat,Gujarat,West Coast (Arabian Sea / Gulf of Khambhat),21.1702,72.8311,4.0,2006 Historic Tapi River Ukai Flood,2006-08-10T05:00,0.0,1000.5,19.5,35.3,0.504,0.506,0.504
surat_tapi,Surat,Gujarat,West Coast (Arabian Sea / Gulf of Khambhat),21.1702,72.8311,4.0,2006 Historic Tapi River Ukai Flood,2006-08-10T06:00,0.0,1000.4,18.7,36.4,0.501,0.506,0.504
surat_tapi,Surat,Gujarat,West Coast (Arabian Sea / Gulf of Khambhat),21.1702,72.8311,4.0,2006 Historic Tapi River Ukai Flood,2006-08-10T07:00,0.0,999.8,17.8,33.8,0.498,0.505,0.504
surat_tapi,Surat,Gujarat,West Coast (Arabian Sea / Gulf of Khambhat),21.1702,72.8311,4.0,2006 Historic Tapi River Ukai Flood,2006-08-10T08:00,0.0,999.2,18.9,33.1,0.496,0.504,0.504
surat_tapi,Surat,Gujarat,West Coast (Arabian Sea / Gulf of Khambhat),21.1702,72.8311,4.0,2006 Historic Tapi River Ukai Flood,2006-08-10T09:00,0.5,998.7,20.7,35.3,0.5,0.503,0.504
surat_tapi,Surat,Gujarat,West Coast (Arabian Sea / Gulf of Khambhat),21.1702,72.8311,4.0,2006 Historic Tapi River Ukai Flood,2006-08-10T10:00,0.1,998.0,24.7,37.1,0.5,0.503,0.504
surat_tapi,Surat,Gujarat,West Coast (Arabian Sea / Gulf of Khambhat),21.1702,72.8311,4.0,2006 Historic Tapi River Ukai Flood,2006-08-10T11:00,0.9,997.8,24.0,38.5,0.511,0.503,0.504
surat_tapi,Surat,Gujarat,West Coast (Arabian Sea / Gulf of Khambhat),21.1702,72.8311,4.0,2006 Historic Tapi River Ukai Flood,2006-08-10T12:00,1.8,998.0,24.0,41.0,0.519,0.505,0.504
surat_tapi,Surat,Gujarat,West Coast (Arabian Sea / Gulf of Khambhat),21.1702,72.8311,4.0,2006 Historic Tapi River Ukai Flood,2006-08-10T13:00,1.3,997.7,23.7,40.3,0.463,0.517,0.504
surat_tapi,Surat,Gujarat,West Coast (Arabian Sea / Gulf of Khambhat),21.1702,72.8311,4.0,2006 Historic Tapi River Ukai Flood,2006-08-10T14:00,0.9,998.0,22.7,37.8,0.416,0.493,0.516
surat_tapi,Surat,Gujarat,West Coast (Arabian Sea / Gulf of Khambhat),21.1702,72.8311,4.0,2006 Historic Tapi River Ukai Flood,2006-08-10T15:00,0.7,998.4,23.4,35.3,0.427,0.491,0.516
surat_tapi,Surat,Gujarat,West Coast (Arabian Sea / Gulf of Khambhat),21.1702,72.8311,4.0,2006 Historic Tapi River Ukai Flood,2006-08-10T16:00,0.5,999.1,22.9,34.9,0.435,0.489,0.516
surat_tapi,Surat,Gujarat,West Coast (Arabian Sea / Gulf of Khambhat),21.1702,72.8311,4.0,2006 Historic Tapi River Ukai Flood,2006-08-10T17:00,0.3,999.4,21.3,33.8,0.438,0.487,0.515
surat_tapi,Surat,Gujarat,West Coast (Arabian Sea / Gulf of Khambhat),21.1702,72.8311,4.0,2006 Historic Tapi River Ukai Flood,2006-08-10T18:00,0.3,999.5,21.3,32.4,0.443,0.486,0.515
surat_tapi,Surat,Gujarat,West Coast (Arabian Sea / Gulf of Khambhat),21.1702,72.8311,4.0,2006 Historic Tapi River Ukai Flood,2006-08-10T19:00,0.2,999.2,20.4,32.0,0.446,0.484,0.515
surat_tapi,Surat,Gujarat,West Coast (Arabian Sea / Gulf of Khambhat),21.1702,72.8311,4.0,2006 Historic Tapi River Ukai Flood,2006-08-10T20:00,0.3,999.0,20.5,31.7,0.45,0.483,0.514
surat_tapi,Surat,Gujarat,West Coast (Arabian Sea / Gulf of Khambhat),21.1702,72.8311,4.0,2006 Historic Tapi River Ukai Flood,2006-08-10T21:00,0.9,998.5,20.9,32.8,0.465,0.482,0.514
surat_tapi,Surat,Gujarat,West Coast (Arabian Sea / Gulf of Khambhat),21.1702,72.8311,4.0,2006 Historic Tapi River Ukai Flood,2006-08-10T22:00,1.1,998.4,19.4,33.1,0.477,0.482,0.514
surat_tapi,Surat,Gujarat,West Coast (Arabian Sea / Gulf of Khambhat),21.1702,72.8311,4.0,2006 Historic Tapi River Ukai Flood,2006-08-10T23:00,1.2,997.8,21.6,37.4,0.49,0.482,0.513
surat_tapi,Surat,Gujarat,West Coast (Arabian Sea / Gulf of Khambhat),21.1702,72.8311,4.0,2006 Historic Tapi River Ukai Flood,2006-08-11T00:00,1.0,998.2,22.0,38.2,0.501,0.482,0.513
surat_tapi,Surat,Gujarat,West Coast (Arabian Sea / Gulf of Khambhat),21.1702,72.8311,4.0,2006 Historic Tapi River Ukai Flood,2006-08-11T01:00,0.6,998.5,23.1,38.2,0.504,0.482,0.513
surat_tapi,Surat,Gujarat,West Coast (Arabian Sea / Gulf of Khambhat),21.1702,72.8311,4.0,2006 Historic Tapi River Ukai Flood,2006-08-11T02:00,0.2,998.7,22.0,36.4,0.502,0.483,0.513
surat_tapi,Surat,Gujarat,West Coast (Arabian Sea / Gulf of Khambhat),21.1702,72.8311,4.0,2006 Historic Tapi River Ukai Flood,2006-08-11T03:00,0.1,999.2,21.4,34.2,0.5,0.483,0.512
surat_tapi,Surat,Gujarat,West Coast (Arabian Sea / Gulf of Khambhat),21.1702,72.8311,4.0,2006 Historic Tapi River Ukai Flood,2006-08-11T04:00,0.2,999.6,22.4,40.3,0.498,0.483,0.512
surat_tapi,Surat,Gujarat,West Coast (Arabian Sea / Gulf of Khambhat),21.1702,72.8311,4.0,2006 Historic Tapi River Ukai Flood,2006-08-11T05:00,0.1,999.5,24.5,41.8,0.496,0.483,0.512
surat_tapi,Surat,Gujarat,West Coast (Arabian Sea / Gulf of Khambhat),21.1702,72.8311,4.0,2006 Historic Tapi River Ukai Flood,2006-08-11T06:00,0.2,999.4,24.5,41.8,0.494,0.482,0.511
surat_tapi,Surat,Gujarat,West Coast (Arabian Sea / Gulf of Khambhat),21.1702,72.8311,4.0,2006 Historic Tapi River Ukai Flood,2006-08-11T07:00,0.1,998.9,22.7,39.6,0.492,0.482,0.511
surat_tapi,Surat,Gujarat,West Coast (Arabian Sea / Gulf of Khambhat),21.1702,72.8311,4.0,2006 Historic Tapi River Ukai Flood,2006-08-11T08:00,0.0,998.4,24.0,38.5,0.489,0.481,0.511
surat_tapi,Surat,Gujarat,West Coast (Arabian Sea / Gulf of Khambhat),21.1702,72.8311,4.0,2006 Historic Tapi River Ukai Flood,2006-08-11T09:00,0.0,998.0,23.8,40.0,0.487,0.48,0.511
surat_tapi,Surat,Gujarat,West Coast (Arabian Sea / Gulf of Khambhat),21.1702,72.8311,4.0,2006 Historic Tapi River Ukai Flood,2006-08-11T10:00,0.8,996.7,24.2,40.0,0.497,0.48,0.51
surat_tapi,Surat,Gujarat,West Coast (Arabian Sea / Gulf of Khambhat),21.1702,72.8311,4.0,2006 Historic Tapi River Ukai Flood,2006-08-11T11:00,0.1,996.3,21.8,36.7,0.496,0.48,0.51
surat_tapi,Surat,Gujarat,West Coast (Arabian Sea / Gulf of Khambhat),21.1702,72.8311,4.0,2006 Historic Tapi River Ukai Flood,2006-08-11T12:00,0.3,996.0,23.0,37.8,0.496,0.48,0.51
surat_tapi,Surat,Gujarat,West Coast (Arabian Sea / Gulf of Khambhat),21.1702,72.8311,4.0,2006 Historic Tapi River Ukai Flood,2006-08-11T13:00,0.2,996.2,21.5,37.8,0.496,0.48,0.51
surat_tapi,Surat,Gujarat,West Coast (Arabian Sea / Gulf of Khambhat),21.1702,72.8311,4.0,2006 Historic Tapi River Ukai Flood,2006-08-11T14:00,0.3,996.4,21.5,36.4,0.497,0.48,0.509
surat_tapi,Surat,Gujarat,West Coast (Arabian Sea / Gulf of Khambhat),21.1702,72.8311,4.0,2006 Historic Tapi River Ukai Flood,2006-08-11T15:00,0.2,997.1,22.3,36.0,0.498,0.481,0.509
surat_tapi,Surat,Gujarat,West Coast (Arabian Sea / Gulf of Khambhat),21.1702,72.8311,4.0,2006 Historic Tapi River Ukai Flood,2006-08-11T16:00,0.2,997.3,25.9,37.1,0.497,0.481,0.509
surat_tapi,Surat,Gujarat,West Coast (Arabian Sea / Gulf of Khambhat),21.1702,72.8311,4.0,2006 Historic Tapi River Ukai Flood,2006-08-11T17:00,0.0,998.0,26.6,38.9,0.496,0.481,0.509
surat_tapi,Surat,Gujarat,West Coast (Arabian Sea / Gulf of Khambhat),21.1702,72.8311,4.0,2006 Historic Tapi River Ukai Flood,2006-08-11T18:00,0.2,998.2,27.7,38.9,0.496,0.481,0.509
surat_tapi,Surat,Gujarat,West Coast (Arabian Sea / Gulf of Khambhat),21.1702,72.8311,4.0,2006 Historic Tapi River Ukai Flood,2006-08-11T19:00,0.2,997.7,29.0,44.3,0.495,0.482,0.509
surat_tapi,Surat,Gujarat,West Coast (Arabian Sea / Gulf of Khambhat),21.1702,72.8311,4.0,2006 Historic Tapi River Ukai Flood,2006-08-11T20:00,0.2,997.4,28.5,44.6,0.497,0.482,0.509
surat_tapi,Surat,Gujarat,West Coast (Arabian Sea / Gulf of Khambhat),21.1702,72.8311,4.0,2006 Historic Tapi River Ukai Flood,2006-08-11T21:00,0.3,996.6,27.4,42.8,0.499,0.482,0.508
surat_tapi,Surat,Gujarat,West Coast (Arabian Sea / Gulf of Khambhat),21.1702,72.8311,4.0,2006 Historic Tapi River Ukai Flood,2006-08-11T22:00,0.1,997.2,22.5,40.7,0.497,0.482,0.508
surat_tapi,Surat,Gujarat,West Coast (Arabian Sea / Gulf of Khambhat),21.1702,72.8311,4.0,2006 Historic Tapi River Ukai Flood,2006-08-11T23:00,0.4,996.7,21.5,40.0,0.499,0.483,0.508
surat_tapi,Surat,Gujarat,West Coast (Arabian Sea / Gulf of Khambhat),21.1702,72.8311,4.0,2006 Historic Tapi River Ukai Flood,2006-08-12T00:00,0.6,996.7,21.5,40.7,0.505,0.483,0.508
surat_tapi,Surat,Gujarat,West Coast (Arabian Sea / Gulf of Khambhat),21.1702,72.8311,4.0,2006 Historic Tapi River Ukai Flood,2006-08-12T01:00,0.7,997.4,20.7,39.2,0.511,0.484,0.508
surat_tapi,Surat,Gujarat,West Coast (Arabian Sea / Gulf of Khambhat),21.1702,72.8311,4.0,2006 Historic Tapi River Ukai Flood,2006-08-12T02:00,0.4,998.1,19.6,37.8,0.507,0.486,0.508
surat_tapi,Surat,Gujarat,West Coast (Arabian Sea / Gulf of Khambhat),21.1702,72.8311,4.0,2006 Historic Tapi River Ukai Flood,2006-08-12T03:00,0.3,998.3,19.8,39.2,0.504,0.487,0.508
surat_tapi,Surat,Gujarat,West Coast (Arabian Sea / Gulf of Khambhat),21.1702,72.8311,4.0,2006 Historic Tapi River Ukai Flood,2006-08-12T04:00,0.6,998.7,19.9,40.7,0.506,0.488,0.508
surat_tapi,Surat,Gujarat,West Coast (Arabian Sea / Gulf of Khambhat),21.1702,72.8311,4.0,2006 Historic Tapi River Ukai Flood,2006-08-12T05:00,0.5,999.1,21.4,42.5,0.505,0.489,0.508
surat_tapi,Surat,Gujarat,West Coast (Arabian Sea / Gulf of Khambhat),21.1702,72.8311,4.0,2006 Historic Tapi River Ukai Flood,2006-08-12T06:00,0.4,999.1,22.6,42.5,0.504,0.489,0.507
surat_tapi,Surat,Gujarat,West Coast (Arabian Sea / Gulf of Khambhat),21.1702,72.8311,4.0,2006 Historic Tapi River Ukai Flood,2006-08-12T07:00,0.2,998.9,24.3,38.2,0.502,0.489,0.507
surat_tapi,Surat,Gujarat,West Coast (Arabian Sea / Gulf of Khambhat),21.1702,72.8311,4.0,2006 Historic Tapi River Ukai Flood,2006-08-12T08:00,0.7,998.2,23.5,40.0,0.505,0.49,0.507
surat_tapi,Surat,Gujarat,West Coast (Arabian Sea / Gulf of Khambhat),21.1702,72.8311,4.0,2006 Historic Tapi River Ukai Flood,2006-08-12T09:00,0.6,997.8,24.1,40.3,0.504,0.49,0.507
surat_tapi,Surat,Gujarat,West Coast (Arabian Sea / Gulf of Khambhat),21.1702,72.8311,4.0,2006 Historic Tapi River Ukai Flood,2006-08-12T10:00,1.0,997.3,23.5,40.7,0.508,0.491,0.507
surat_tapi,Surat,Gujarat,West Coast (Arabian Sea / Gulf of Khambhat),21.1702,72.8311,4.0,2006 Historic Tapi River Ukai Flood,2006-08-12T11:00,2.1,996.8,24.4,41.4,0.52,0.492,0.507
surat_tapi,Surat,Gujarat,West Coast (Arabian Sea / Gulf of Khambhat),21.1702,72.8311,4.0,2006 Historic Tapi River Ukai Flood,2006-08-12T12:00,2.1,997.2,25.7,40.0,0.458,0.519,0.507
surat_tapi,Surat,Gujarat,West Coast (Arabian Sea / Gulf of Khambhat),21.1702,72.8311,4.0,2006 Historic Tapi River Ukai Flood,2006-08-12T13:00,1.8,997.1,25.2,38.5,0.478,0.511,0.51
surat_tapi,Surat,Gujarat,West Coast (Arabian Sea / Gulf of Khambhat),21.1702,72.8311,4.0,2006 Historic Tapi River Ukai Flood,2006-08-12T14:00,0.8,997.5,23.8,34.9,0.487,0.506,0.51
surat_tapi,Surat,Gujarat,West Coast (Arabian Sea / Gulf of Khambhat),21.1702,72.8311,4.0,2006 Historic Tapi River Ukai Flood,2006-08-12T15:00,0.7,998.3,21.9,32.8,0.494,0.505,0.51
surat_tapi,Surat,Gujarat,West Coast (Arabian Sea / Gulf of Khambhat),21.1702,72.8311,4.0,2006 Historic Tapi River Ukai Flood,2006-08-12T16:00,0.8,998.8,20.9,31.3,0.501,0.505,0.51
surat_tapi,Surat,Gujarat,West Coast (Arabian Sea / Gulf of Khambhat),21.1702,72.8311,4.0,2006 Historic Tapi River Ukai Flood,2006-08-12T17:00,0.7,999.3,21.3,30.6,0.506,0.505,0.51
surat_tapi,Surat,Gujarat,West Coast (Arabian Sea / Gulf of Khambhat),21.1702,72.8311,4.0,2006 Historic Tapi River Ukai Flood,2006-08-12T18:00,0.8,999.2,22.3,30.6,0.511,0.505,0.51
surat_tapi,Surat,Gujarat,West Coast (Arabian Sea / Gulf of Khambhat),21.1702,72.8311,4.0,2006 Historic Tapi River Ukai Flood,2006-08-12T19:00,0.6,999.2,23.9,34.9,0.511,0.506,0.51
surat_tapi,Surat,Gujarat,West Coast (Arabian Sea / Gulf of Khambhat),21.1702,72.8311,4.0,2006 Historic Tapi River Ukai Flood,2006-08-12T20:00,0.7,998.8,23.5,34.9,0.512,0.507,0.51
surat_tapi,Surat,Gujarat,West Coast (Arabian Sea / Gulf of Khambhat),21.1702,72.8311,4.0,2006 Historic Tapi River Ukai Flood,2006-08-12T21:00,0.6,998.2,23.8,34.9,0.512,0.507,0.51
surat_tapi,Surat,Gujarat,West Coast (Arabian Sea / Gulf of Khambhat),21.1702,72.8311,4.0,2006 Historic Tapi River Ukai Flood,2006-08-12T22:00,0.7,998.4,20.3,34.6,0.513,0.508,0.51
surat_tapi,Surat,Gujarat,West Coast (Arabian Sea / Gulf of Khambhat),21.1702,72.8311,4.0,2006 Historic Tapi River Ukai Flood,2006-08-12T23:00,1.0,998.1,21.4,33.5,0.517,0.509,0.51
surat_tapi,Surat,Gujarat,West Coast (Arabian Sea / Gulf of Khambhat),21.1702,72.8311,4.0,2006 Historic Tapi River Ukai Flood,2006-08-13T00:00,1.0,998.0,22.0,33.5,0.514,0.511,0.51
surat_tapi,Surat,Gujarat,West Coast (Arabian Sea / Gulf of Khambhat),21.1702,72.8311,4.0,2006 Historic Tapi River Ukai Flood,2006-08-13T01:00,0.7,998.1,21.4,34.2,0.514,0.511,0.511
surat_tapi,Surat,Gujarat,West Coast (Arabian Sea / Gulf of Khambhat),21.1702,72.8311,4.0,2006 Historic Tapi River Ukai Flood,2006-08-13T02:00,0.6,999.0,20.2,33.5,0.514,0.51,0.511
surat_tapi,Surat,Gujarat,West Coast (Arabian Sea / Gulf of Khambhat),21.1702,72.8311,4.0,2006 Historic Tapi River Ukai Flood,2006-08-13T03:00,0.5,999.4,17.9,29.5,0.513,0.51,0.511
surat_tapi,Surat,Gujarat,West Coast (Arabian Sea / Gulf of Khambhat),21.1702,72.8311,4.0,2006 Historic Tapi River Ukai Flood,2006-08-13T04:00,0.4,999.9,17.4,27.4,0.513,0.51,0.512
surat_tapi,Surat,Gujarat,West Coast (Arabian Sea / Gulf of Khambhat),21.1702,72.8311,4.0,2006 Historic Tapi River Ukai Flood,2006-08-13T05:00,0.3,1000.2,17.1,25.6,0.512,0.51,0.512
surat_tapi,Surat,Gujarat,West Coast (Arabian Sea / Gulf of Khambhat),21.1702,72.8311,4.0,2006 Historic Tapi River Ukai Flood,2006-08-13T06:00,0.4,1000.3,16.3,24.5,0.512,0.51,0.512
surat_tapi,Surat,Gujarat,West Coast (Arabian Sea / Gulf of Khambhat),21.1702,72.8311,4.0,2006 Historic Tapi River Ukai Flood,2006-08-13T07:00,0.3,999.7,17.1,32.4,0.51,0.51,0.512
surat_tapi,Surat,Gujarat,West Coast (Arabian Sea / Gulf of Khambhat),21.1702,72.8311,4.0,2006 Historic Tapi River Ukai Flood,2006-08-13T08:00,0.4,999.2,18.4,36.0,0.507,0.509,0.512
surat_tapi,Surat,Gujarat,West Coast (Arabian Sea / Gulf of Khambhat),21.1702,72.8311,4.0,2006 Historic Tapi River Ukai Flood,2006-08-13T09:00,0.2,998.4,20.2,38.2,0.505,0.508,0.512
surat_tapi,Surat,Gujarat,West Coast (Arabian Sea / Gulf of Khambhat),21.1702,72.8311,4.0,2006 Historic Tapi River Ukai Flood,2006-08-13T10:00,0.0,997.6,22.2,36.7,0.502,0.507,0.512
surat_tapi,Surat,Gujarat,West Coast (Arabian Sea / Gulf of Khambhat),21.1702,72.8311,4.0,2006 Historic Tapi River Ukai Flood,2006-08-13T11:00,0.4,997.3,21.9,36.4,0.502,0.507,0.512
surat_tapi,Surat,Gujarat,West Coast (Arabian Sea / Gulf of Khambhat),21.1702,72.8311,4.0,2006 Historic Tapi River Ukai Flood,2006-08-13T12:00,0.0,997.3,21.3,34.9,0.5,0.506,0.512
surat_tapi,Surat,Gujarat,West Coast (Arabian Sea / Gulf of Khambhat),21.1702,72.8311,4.0,2006 Historic Tapi River Ukai Flood,2006-08-13T13:00,0.0,997.2,22.5,32.8,0.499,0.505,0.512
surat_tapi,Surat,Gujarat,West Coast (Arabian Sea / Gulf of Khambhat),21.1702,72.8311,4.0,2006 Historic Tapi River Ukai Flood,2006-08-13T14:00,0.0,997.8,22.2,33.1,0.498,0.505,0.512
surat_tapi,Surat,Gujarat,West Coast (Arabian Sea / Gulf of Khambhat),21.1702,72.8311,4.0,2006 Historic Tapi River Ukai Flood,2006-08-13T15:00,0.0,998.6,21.6,34.2,0.497,0.504,0.512
surat_tapi,Surat,Gujarat,West Coast (Arabian Sea / Gulf of Khambhat),21.1702,72.8311,4.0,2006 Historic Tapi River Ukai Flood,2006-08-13T16:00,0.0,999.0,20.7,34.2,0.496,0.503,0.512
surat_tapi,Surat,Gujarat,West Coast (Arabian Sea / Gulf of Khambhat),21.1702,72.8311,4.0,2006 Historic Tapi River Ukai Flood,2006-08-13T17:00,0.0,999.4,19.4,34.2,0.495,0.503,0.512
surat_tapi,Surat,Gujarat,West Coast (Arabian Sea / Gulf of Khambhat),21.1702,72.8311,4.0,2006 Historic Tapi River Ukai Flood,2006-08-13T18:00,0.0,999.3,18.2,31.3,0.494,0.502,0.512
surat_tapi,Surat,Gujarat,West Coast (Arabian Sea / Gulf of Khambhat),21.1702,72.8311,4.0,2006 Historic Tapi River Ukai Flood,2006-08-13T19:00,0.0,999.1,16.6,26.6,0.493,0.501,0.512
surat_tapi,Surat,Gujarat,West Coast (Arabian Sea / Gulf of Khambhat),21.1702,72.8311,4.0,2006 Historic Tapi River Ukai Flood,2006-08-13T20:00,0.0,998.5,16.3,25.2,0.492,0.5,0.511
surat_tapi,Surat,Gujarat,West Coast (Arabian Sea / Gulf of Khambhat),21.1702,72.8311,4.0,2006 Historic Tapi River Ukai Flood,2006-08-13T21:00,0.0,998.0,16.3,24.5,0.492,0.5,0.511
surat_tapi,Surat,Gujarat,West Coast (Arabian Sea / Gulf of Khambhat),21.1702,72.8311,4.0,2006 Historic Tapi River Ukai Flood,2006-08-13T22:00,0.0,998.4,15.1,25.9,0.491,0.499,0.511
surat_tapi,Surat,Gujarat,West Coast (Arabian Sea / Gulf of Khambhat),21.1702,72.8311,4.0,2006 Historic Tapi River Ukai Flood,2006-08-13T23:00,0.0,997.7,17.0,28.1,0.49,0.498,0.511
surat_tapi,Surat,Gujarat,West Coast (Arabian Sea / Gulf of Khambhat),21.1702,72.8311,4.0,2006 Historic Tapi River Ukai Flood,2006-08-14T00:00,0.0,997.7,19.2,30.6,0.49,0.498,0.511
surat_tapi,Surat,Gujarat,West Coast (Arabian Sea / Gulf of Khambhat),21.1702,72.8311,4.0,2006 Historic Tapi River Ukai Flood,2006-08-14T01:00,0.0,998.1,21.7,33.8,0.49,0.497,0.511
surat_tapi,Surat,Gujarat,West Coast (Arabian Sea / Gulf of Khambhat),21.1702,72.8311,4.0,2006 Historic Tapi River Ukai Flood,2006-08-14T02:00,0.1,998.6,21.8,36.0,0.49,0.496,0.511
surat_tapi,Surat,Gujarat,West Coast (Arabian Sea / Gulf of Khambhat),21.1702,72.8311,4.0,2006 Historic Tapi River Ukai Flood,2006-08-14T03:00,0.1,999.2,23.5,37.1,0.49,0.495,0.511
surat_tapi,Surat,Gujarat,West Coast (Arabian Sea / Gulf of Khambhat),21.1702,72.8311,4.0,2006 Historic Tapi River Ukai Flood,2006-08-14T04:00,0.0,999.6,24.2,36.7,0.49,0.495,0.511
surat_tapi,Surat,Gujarat,West Coast (Arabian Sea / Gulf of Khambhat),21.1702,72.8311,4.0,2006 Historic Tapi River Ukai Flood,2006-08-14T05:00,0.0,999.7,24.2,36.7,0.489,0.494,0.51
surat_tapi,Surat,Gujarat,West Coast (Arabian Sea / Gulf of Khambhat),21.1702,72.8311,4.0,2006 Historic Tapi River Ukai Flood,2006-08-14T06:00,0.0,999.2,26.0,37.1,0.488,0.493,0.51
surat_tapi,Surat,Gujarat,West Coast (Arabian Sea / Gulf of Khambhat),21.1702,72.8311,4.0,2006 Historic Tapi River Ukai Flood,2006-08-14T07:00,0.0,998.8,27.1,42.8,0.486,0.492,0.51
surat_tapi,Surat,Gujarat,West Coast (Arabian Sea / Gulf of Khambhat),21.1702,72.8311,4.0,2006 Historic Tapi River Ukai Flood,2006-08-14T08:00,0.0,998.1,26.7,43.6,0.485,0.491,0.51
surat_tapi,Surat,Gujarat,West Coast (Arabian Sea / Gulf of Khambhat),21.1702,72.8311,4.0,2006 Historic Tapi River Ukai Flood,2006-08-14T09:00,0.0,997.6,26.0,43.2,0.484,0.49,0.51
surat_tapi,Surat,Gujarat,West Coast (Arabian Sea / Gulf of Khambhat),21.1702,72.8311,4.0,2006 Historic Tapi River Ukai Flood,2006-08-14T10:00,0.0,996.9,26.0,42.5,0.483,0.489,0.51
surat_tapi,Surat,Gujarat,West Coast (Arabian Sea / Gulf of Khambhat),21.1702,72.8311,4.0,2006 Historic Tapi River Ukai Flood,2006-08-14T11:00,0.0,996.8,27.9,43.2,0.483,0.489,0.509
surat_tapi,Surat,Gujarat,West Coast (Arabian Sea / Gulf of Khambhat),21.1702,72.8311,4.0,2006 Historic Tapi River Ukai Flood,2006-08-14T12:00,0.1,996.6,29.9,43.2,0.482,0.488,0.509
surat_tapi,Surat,Gujarat,West Coast (Arabian Sea / Gulf of Khambhat),21.1702,72.8311,4.0,2006 Historic Tapi River Ukai Flood,2006-08-14T13:00,0.0,996.4,29.0,43.2,0.482,0.487,0.509
surat_tapi,Surat,Gujarat,West Coast (Arabian Sea / Gulf of Khambhat),21.1702,72.8311,4.0,2006 Historic Tapi River Ukai Flood,2006-08-14T14:00,0.0,997.3,26.2,41.0,0.482,0.487,0.509
surat_tapi,Surat,Gujarat,West Coast (Arabian Sea / Gulf of Khambhat),21.1702,72.8311,4.0,2006 Historic Tapi River Ukai Flood,2006-08-14T15:00,0.0,997.9,24.2,38.5,0.482,0.486,0.509
surat_tapi,Surat,Gujarat,West Coast (Arabian Sea / Gulf of Khambhat),21.1702,72.8311,4.0,2006 Historic Tapi River Ukai Flood,2006-08-14T16:00,0.1,998.6,23.9,37.1,0.483,0.486,0.509
surat_tapi,Surat,Gujarat,West Coast (Arabian Sea / Gulf of Khambhat),21.1702,72.8311,4.0,2006 Historic Tapi River Ukai Flood,2006-08-14T17:00,0.1,998.6,22.9,35.3,0.483,0.486,0.509
surat_tapi,Surat,Gujarat,West Coast (Arabian Sea / Gulf of Khambhat),21.1702,72.8311,4.0,2006 Historic Tapi River Ukai Flood,2006-08-14T18:00,0.2,998.5,22.2,33.1,0.484,0.485,0.508
surat_tapi,Surat,Gujarat,West Coast (Arabian Sea / Gulf of Khambhat),21.1702,72.8311,4.0,2006 Historic Tapi River Ukai Flood,2006-08-14T19:00,0.0,997.9,21.7,32.8,0.483,0.485,0.508
surat_tapi,Surat,Gujarat,West Coast (Arabian Sea / Gulf of Khambhat),21.1702,72.8311,4.0,2006 Historic Tapi River Ukai Flood,2006-08-14T20:00,0.0,997.6,21.4,32.4,0.483,0.484,0.508
surat_tapi,Surat,Gujarat,West Coast (Arabian Sea / Gulf of Khambhat),21.1702,72.8311,4.0,2006 Historic Tapi River Ukai Flood,2006-08-14T21:00,0.0,997.2,20.2,32.0,0.483,0.484,0.508
surat_tapi,Surat,Gujarat,West Coast (Arabian Sea / Gulf of Khambhat),21.1702,72.8311,4.0,2006 Historic Tapi River Ukai Flood,2006-08-14T22:00,0.1,996.8,16.6,32.8,0.483,0.484,0.508
surat_tapi,Surat,Gujarat,West Coast (Arabian Sea / Gulf of Khambhat),21.1702,72.8311,4.0,2006 Historic Tapi River Ukai Flood,2006-08-14T23:00,0.0,996.9,15.6,31.0,0.483,0.483,0.508
surat_tapi,Surat,Gujarat,West Coast (Arabian Sea / Gulf of Khambhat),21.1702,72.8311,4.0,2006 Historic Tapi River Ukai Flood,2006-08-15T00:00,0.0,997.0,14.7,30.2,0.483,0.483,0.508
surat_tapi,Surat,Gujarat,West Coast (Arabian Sea / Gulf of Khambhat),21.1702,72.8311,4.0,2006 Historic Tapi River Ukai Flood,2006-08-15T01:00,0.0,997.5,13.7,29.9,0.483,0.483,0.508
surat_tapi,Surat,Gujarat,West Coast (Arabian Sea / Gulf of Khambhat),21.1702,72.8311,4.0,2006 Historic Tapi River Ukai Flood,2006-08-15T02:00,0.2,998.0,12.8,28.1,0.484,0.482,0.508
surat_tapi,Surat,Gujarat,West Coast (Arabian Sea / Gulf of Khambhat),21.1702,72.8311,4.0,2006 Historic Tapi River Ukai Flood,2006-08-15T03:00,0.2,998.3,14.1,25.6,0.484,0.482,0.507
surat_tapi,Surat,Gujarat,West Coast (Arabian Sea / Gulf of Khambhat),21.1702,72.8311,4.0,2006 Historic Tapi River Ukai Flood,2006-08-15T04:00,0.1,998.2,17.0,24.5,0.484,0.482,0.507
surat_tapi,Surat,Gujarat,West Coast (Arabian Sea / Gulf of Khambhat),21.1702,72.8311,4.0,2006 Historic Tapi River Ukai Flood,2006-08-15T05:00,0.0,998.7,18.7,28.1,0.484,0.481,0.507
surat_tapi,Surat,Gujarat,West Coast (Arabian Sea / Gulf of Khambhat),21.1702,72.8311,4.0,2006 Historic Tapi River Ukai Flood,2006-08-15T06:00,0.0,998.3,21.3,33.1,0.483,0.481,0.507
surat_tapi,Surat,Gujarat,West Coast (Arabian Sea / Gulf of Khambhat),21.1702,72.8311,4.0,2006 Historic Tapi River Ukai Flood,2006-08-15T07:00,0.0,998.0,21.6,34.6,0.482,0.48,0.507
surat_tapi,Surat,Gujarat,West Coast (Arabian Sea / Gulf of Khambhat),21.1702,72.8311,4.0,2006 Historic Tapi River Ukai Flood,2006-08-15T08:00,0.0,997.5,22.2,36.4,0.48,0.48,0.507
surat_tapi,Surat,Gujarat,West Coast (Arabian Sea / Gulf of Khambhat),21.1702,72.8311,4.0,2006 Historic Tapi River Ukai Flood,2006-08-15T09:00,0.0,996.9,21.6,36.0,0.479,0.479,0.506
surat_tapi,Surat,Gujarat,West Coast (Arabian Sea / Gulf of Khambhat),21.1702,72.8311,4.0,2006 Historic Tapi River Ukai Flood,2006-08-15T10:00,1.3,996.9,20.4,37.1,0.495,0.479,0.506
surat_tapi,Surat,Gujarat,West Coast (Arabian Sea / Gulf of Khambhat),21.1702,72.8311,4.0,2006 Historic Tapi River Ukai Flood,2006-08-15T11:00,1.6,996.3,22.8,43.2,0.514,0.479,0.506
surat_tapi,Surat,Gujarat,West Coast (Arabian Sea / Gulf of Khambhat),21.1702,72.8311,4.0,2006 Historic Tapi River Ukai Flood,2006-08-15T12:00,0.5,996.0,25.5,44.3,0.508,0.483,0.506
surat_tapi,Surat,Gujarat,West Coast (Arabian Sea / Gulf of Khambhat),21.1702,72.8311,4.0,2006 Historic Tapi River Ukai Flood,2006-08-15T13:00,0.3,996.1,26.7,45.0,0.505,0.484,0.506
surat_tapi,Surat,Gujarat,West Coast (Arabian Sea / Gulf of Khambhat),21.1702,72.8311,4.0,2006 Historic Tapi River Ukai Flood,2006-08-15T14:00,0.6,996.6,25.3,44.3,0.506,0.485,0.506
surat_tapi,Surat,Gujarat,West Coast (Arabian Sea / Gulf of Khambhat),21.1702,72.8311,4.0,2006 Historic Tapi River Ukai Flood,2006-08-15T15:00,0.8,997.5,26.5,42.1,0.509,0.486,0.506
surat_tapi,Surat,Gujarat,West Coast (Arabian Sea / Gulf of Khambhat),21.1702,72.8311,4.0,2006 Historic Tapi River Ukai Flood,2006-08-15T16:00,1.0,998.1,26.8,41.4,0.513,0.488,0.506
surat_tapi,Surat,Gujarat,West Coast (Arabian Sea / Gulf of Khambhat),21.1702,72.8311,4.0,2006 Historic Tapi River Ukai Flood,2006-08-15T17:00,1.0,998.5,27.3,43.2,0.514,0.491,0.506
surat_tapi,Surat,Gujarat,West Coast (Arabian Sea / Gulf of Khambhat),21.1702,72.8311,4.0,2006 Historic Tapi River Ukai Flood,2006-08-15T18:00,1.3,998.1,27.1,43.9,0.519,0.494,0.506
surat_tapi,Surat,Gujarat,West Coast (Arabian Sea / Gulf of Khambhat),21.1702,72.8311,4.0,2006 Historic Tapi River Ukai Flood,2006-08-15T19:00,1.1,997.4,25.9,40.7,0.462,0.515,0.506
surat_tapi,Surat,Gujarat,West Coast (Arabian Sea / Gulf of Khambhat),21.1702,72.8311,4.0,2006 Historic Tapi River Ukai Flood,2006-08-15T20:00,1.3,996.8,26.2,40.0,0.425,0.494,0.517
surat_tapi,Surat,Gujarat,West Coast (Arabian Sea / Gulf of Khambhat),21.1702,72.8311,4.0,2006 Historic Tapi River Ukai Flood,2006-08-15T21:00,1.9,996.1,25.6,39.2,0.451,0.458,0.515
surat_tapi,Surat,Gujarat,West Coast (Arabian Sea / Gulf of Khambhat),21.1702,72.8311,4.0,2006 Historic Tapi River Ukai Flood,2006-08-15T22:00,1.7,995.7,19.5,38.2,0.463,0.462,0.514
surat_tapi,Surat,Gujarat,West Coast (Arabian Sea / Gulf of Khambhat),21.1702,72.8311,4.0,2006 Historic Tapi River Ukai Flood,2006-08-15T23:00,1.8,996.1,19.6,35.3,0.481,0.459,0.516
surat_tapi,Surat,Gujarat,West Coast (Arabian Sea / Gulf of Khambhat),21.1702,72.8311,4.0,2006 Historic Tapi River Ukai Flood,2006-08-16T00:00,1.4,996.4,19.9,33.5,0.503,0.46,0.515
surat_tapi,Surat,Gujarat,West Coast (Arabian Sea / Gulf of Khambhat),21.1702,72.8311,4.0,2006 Historic Tapi River Ukai Flood,2006-08-16T01:00,1.1,996.4,18.8,32.4,0.51,0.464,0.515
surat_tapi,Surat,Gujarat,West Coast (Arabian Sea / Gulf of Khambhat),21.1702,72.8311,4.0,2006 Historic Tapi River Ukai Flood,2006-08-16T02:00,0.9,996.8,19.1,31.0,0.506,0.471,0.514
surat_tapi,Surat,Gujarat,West Coast (Arabian Sea / Gulf of Khambhat),21.1702,72.8311,4.0,2006 Historic Tapi River Ukai Flood,2006-08-16T03:00,0.7,997.3,20.2,31.0,0.512,0.473,0.514
surat_tapi,Surat,Gujarat,West Coast (Arabian Sea / Gulf of Khambhat),21.1702,72.8311,4.0,2006 Historic Tapi River Ukai Flood,2006-08-16T04:00,0.6,997.6,20.5,32.8,0.512,0.477,0.514
surat_tapi,Surat,Gujarat,West Coast (Arabian Sea / Gulf of Khambhat),21.1702,72.8311,4.0,2006 Historic Tapi River Ukai Flood,2006-08-16T05:00,0.6,997.9,20.5,34.2,0.512,0.479,0.513
surat_tapi,Surat,Gujarat,West Coast (Arabian Sea / Gulf of Khambhat),21.1702,72.8311,4.0,2006 Historic Tapi River Ukai Flood,2006-08-16T06:00,0.8,997.7,18.8,34.9,0.515,0.482,0.513
surat_tapi,Surat,Gujarat,West Coast (Arabian Sea / Gulf of Khambhat),21.1702,72.8311,4.0,2006 Historic Tapi River Ukai Flood,2006-08-16T07:00,0.3,997.6,17.7,29.2,0.501,0.486,0.513
surat_tapi,Surat,Gujarat,West Coast (Arabian Sea / Gulf of Khambhat),21.1702,72.8311,4.0,2006 Historic Tapi River Ukai Flood,2006-08-16T08:00,0.2,997.0,17.3,29.9,0.494,0.484,0.514
surat_tapi,Surat,Gujarat,West Coast (Arabian Sea / Gulf of Khambhat),21.1702,72.8311,4.0,2006 Historic Tapi River Ukai Flood,2006-08-16T09:00,0.4,996.3,18.1,29.2,0.493,0.481,0.513
surat_tapi,Surat,Gujarat,West Coast (Arabian Sea / Gulf of Khambhat),21.1702,72.8311,4.0,2006 Historic Tapi River Ukai Flood,2006-08-16T10:00,0.3,995.9,18.4,31.0,0.491,0.481,0.513
surat_tapi,Surat,Gujarat,West Coast (Arabian Sea / Gulf of Khambhat),21.1702,72.8311,4.0,2006 Historic Tapi River Ukai Flood,2006-08-16T11:00,0.3,995.2,18.8,34.2,0.49,0.481,0.513
surat_tapi,Surat,Gujarat,West Coast (Arabian Sea / Gulf of Khambhat),21.1702,72.8311,4.0,2006 Historic Tapi River Ukai Flood,2006-08-16T12:00,0.9,995.7,19.8,38.2,0.498,0.481,0.512
surat_tapi,Surat,Gujarat,West Coast (Arabian Sea / Gulf of Khambhat),21.1702,72.8311,4.0,2006 Historic Tapi River Ukai Flood,2006-08-16T13:00,0.6,995.7,16.6,35.3,0.502,0.482,0.512
surat_tapi,Surat,Gujarat,West Coast (Arabian Sea / Gulf of Khambhat),21.1702,72.8311,4.0,2006 Historic Tapi River Ukai Flood,2006-08-16T14:00,0.2,995.9,15.3,32.8,0.498,0.483,0.512
surat_tapi,Surat,Gujarat,West Coast (Arabian Sea / Gulf of Khambhat),21.1702,72.8311,4.0,2006 Historic Tapi River Ukai Flood,2006-08-16T15:00,0.0,996.8,13.7,27.7,0.495,0.483,0.512
surat_tapi,Surat,Gujarat,West Coast (Arabian Sea / Gulf of Khambhat),21.1702,72.8311,4.0,2006 Historic Tapi River Ukai Flood,2006-08-16T16:00,0.0,997.5,13.0,26.6,0.493,0.483,0.512
surat_tapi,Surat,Gujarat,West Coast (Arabian Sea / Gulf of Khambhat),21.1702,72.8311,4.0,2006 Historic Tapi River Ukai Flood,2006-08-16T17:00,0.0,997.8,12.8,25.6,0.491,0.483,0.511
surat_tapi,Surat,Gujarat,West Coast (Arabian Sea / Gulf of Khambhat),21.1702,72.8311,4.0,2006 Historic Tapi River Ukai Flood,2006-08-16T18:00,0.0,997.7,13.2,27.0,0.489,0.483,0.511
surat_tapi,Surat,Gujarat,West Coast (Arabian Sea / Gulf of Khambhat),21.1702,72.8311,4.0,2006 Historic Tapi River Ukai Flood,2006-08-16T19:00,0.0,997.4,11.5,20.5,0.489,0.483,0.511
surat_tapi,Surat,Gujarat,West Coast (Arabian Sea / Gulf of Khambhat),21.1702,72.8311,4.0,2006 Historic Tapi River Ukai Flood,2006-08-16T20:00,0.0,997.0,10.5,18.7,0.488,0.483,0.511
surat_tapi,Surat,Gujarat,West Coast (Arabian Sea / Gulf of Khambhat),21.1702,72.8311,4.0,2006 Historic Tapi River Ukai Flood,2006-08-16T21:00,0.0,996.5,8.9,18.7,0.487,0.483,0.511
surat_tapi,Surat,Gujarat,West Coast (Arabian Sea / Gulf of Khambhat),21.1702,72.8311,4.0,2006 Historic Tapi River Ukai Flood,2006-08-16T22:00,0.0,996.6,8.1,14.4,0.486,0.482,0.511
surat_tapi,Surat,Gujarat,West Coast (Arabian Sea / Gulf of Khambhat),21.1702,72.8311,4.0,2006 Historic Tapi River Ukai Flood,2006-08-16T23:00,0.0,996.4,9.4,15.5,0.485,0.482,0.51
surat_tapi,Surat,Gujarat,West Coast (Arabian Sea / Gulf of Khambhat),21.1702,72.8311,4.0,2006 Historic Tapi River Ukai Flood,2006-08-17T00:00,0.0,996.7,10.0,16.9,0.485,0.482,0.51
surat_tapi,Surat,Gujarat,West Coast (Arabian Sea / Gulf of Khambhat),21.1702,72.8311,4.0,2006 Historic Tapi River Ukai Flood,2006-08-17T01:00,0.0,997.1,9.5,16.9,0.484,0.481,0.51
surat_tapi,Surat,Gujarat,West Coast (Arabian Sea / Gulf of Khambhat),21.1702,72.8311,4.0,2006 Historic Tapi River Ukai Flood,2006-08-17T02:00,0.0,997.6,9.7,18.0,0.483,0.481,0.51
surat_tapi,Surat,Gujarat,West Coast (Arabian Sea / Gulf of Khambhat),21.1702,72.8311,4.0,2006 Historic Tapi River Ukai Flood,2006-08-17T03:00,0.0,998.2,12.1,20.9,0.483,0.481,0.51
surat_tapi,Surat,Gujarat,West Coast (Arabian Sea / Gulf of Khambhat),21.1702,72.8311,4.0,2006 Historic Tapi River Ukai Flood,2006-08-17T04:00,0.0,998.4,13.6,24.5,0.483,0.48,0.51
surat_tapi,Surat,Gujarat,West Coast (Arabian Sea / Gulf of Khambhat),21.1702,72.8311,4.0,2006 Historic Tapi River Ukai Flood,2006-08-17T05:00,0.1,998.7,14.5,27.4,0.482,0.48,0.509
surat_tapi,Surat,Gujarat,West Coast (Arabian Sea / Gulf of Khambhat),21.1702,72.8311,4.0,2006 Historic Tapi River Ukai Flood,2006-08-17T06:00,0.2,998.6,15.8,29.5,0.482,0.479,0.509
surat_tapi,Surat,Gujarat,West Coast (Arabian Sea / Gulf of Khambhat),21.1702,72.8311,4.0,2006 Historic Tapi River Ukai Flood,2006-08-17T07:00,0.0,998.4,17.3,29.2,0.48,0.478,0.509
surat_tapi,Surat,Gujarat,West Coast (Arabian Sea / Gulf of Khambhat),21.1702,72.8311,4.0,2006 Historic Tapi River Ukai Flood,2006-08-17T08:00,0.0,998.0,19.2,31.3,0.478,0.477,0.509
surat_tapi,Surat,Gujarat,West Coast (Arabian Sea / Gulf of Khambhat),21.1702,72.8311,4.0,2006 Historic Tapi River Ukai Flood,2006-08-17T09:00,0.2,997.3,21.1,33.8,0.478,0.476,0.508
surat_tapi,Surat,Gujarat,West Coast (Arabian Sea / Gulf of Khambhat),21.1702,72.8311,4.0,2006 Historic Tapi River Ukai Flood,2006-08-17T10:00,0.0,997.2,19.3,34.6,0.477,0.476,0.508
surat_tapi,Surat,Gujarat,West Coast (Arabian Sea / Gulf of Khambhat),21.1702,72.8311,4.0,2006 Historic Tapi River Ukai Flood,2006-08-17T11:00,0.0,996.6,21.1,35.6,0.476,0.475,0.508
surat_tapi,Surat,Gujarat,West Coast (Arabian Sea / Gulf of Khambhat),21.1702,72.8311,4.0,2006 Historic Tapi River Ukai Flood,2006-08-17T12:00,0.0,996.7,21.9,36.0,0.474,0.475,0.507
surat_tapi,Surat,Gujarat,West Coast (Arabian Sea / Gulf of Khambhat),21.1702,72.8311,4.0,2006 Historic Tapi River Ukai Flood,2006-08-17T13:00,0.0,996.7,23.2,36.4,0.474,0.474,0.507
surat_tapi,Surat,Gujarat,West Coast (Arabian Sea / Gulf of Khambhat),21.1702,72.8311,4.0,2006 Historic Tapi River Ukai Flood,2006-08-17T14:00,0.0,997.4,22.5,35.3,0.473,0.474,0.507
surat_tapi,Surat,Gujarat,West Coast (Arabian Sea / Gulf of Khambhat),21.1702,72.8311,4.0,2006 Historic Tapi River Ukai Flood,2006-08-17T15:00,0.0,998.6,20.7,33.5,0.473,0.474,0.507
surat_tapi,Surat,Gujarat,West Coast (Arabian Sea / Gulf of Khambhat),21.1702,72.8311,4.0,2006 Historic Tapi River Ukai Flood,2006-08-17T16:00,0.0,999.5,18.2,30.2,0.473,0.473,0.507
surat_tapi,Surat,Gujarat,West Coast (Arabian Sea / Gulf of Khambhat),21.1702,72.8311,4.0,2006 Historic Tapi River Ukai Flood,2006-08-17T17:00,0.0,1000.2,16.6,28.4,0.472,0.473,0.507
surat_tapi,Surat,Gujarat,West Coast (Arabian Sea / Gulf of Khambhat),21.1702,72.8311,4.0,2006 Historic Tapi River Ukai Flood,2006-08-17T18:00,0.0,1000.1,18.9,28.4,0.472,0.473,0.506
surat_tapi,Surat,Gujarat,West Coast (Arabian Sea / Gulf of Khambhat),21.1702,72.8311,4.0,2006 Historic Tapi River Ukai Flood,2006-08-17T19:00,0.0,999.5,18.6,27.7,0.472,0.473,0.506
surat_tapi,Surat,Gujarat,West Coast (Arabian Sea / Gulf of Khambhat),21.1702,72.8311,4.0,2006 Historic Tapi River Ukai Flood,2006-08-17T20:00,0.0,999.5,17.9,27.4,0.472,0.473,0.506
surat_tapi,Surat,Gujarat,West Coast (Arabian Sea / Gulf of Khambhat),21.1702,72.8311,4.0,2006 Historic Tapi River Ukai Flood,2006-08-17T21:00,0.0,998.9,18.5,27.4,0.472,0.472,0.506
surat_tapi,Surat,Gujarat,West Coast (Arabian Sea / Gulf of Khambhat),21.1702,72.8311,4.0,2006 Historic Tapi River Ukai Flood,2006-08-17T22:00,0.0,998.7,16.5,27.7,0.472,0.472,0.506
surat_tapi,Surat,Gujarat,West Coast (Arabian Sea / Gulf of Khambhat),21.1702,72.8311,4.0,2006 Historic Tapi River Ukai Flood,2006-08-17T23:00,0.0,998.9,17.1,28.8,0.472,0.472,0.505
surat_tapi,Surat,Gujarat,West Coast (Arabian Sea / Gulf of Khambhat),21.1702,72.8311,4.0,2006 Historic Tapi River Ukai Flood,2006-08-18T00:00,0.0,999.5,17.1,29.2,0.472,0.472,0.505
surat_tapi,Surat,Gujarat,West Coast (Arabian Sea / Gulf of Khambhat),21.1702,72.8311,4.0,2006 Historic Tapi River Ukai Flood,2006-08-18T01:00,0.0,999.6,17.2,29.2,0.472,0.472,0.505
surat_tapi,Surat,Gujarat,West Coast (Arabian Sea / Gulf of Khambhat),21.1702,72.8311,4.0,2006 Historic Tapi River Ukai Flood,2006-08-18T02:00,0.0,1000.2,16.4,28.1,0.472,0.471,0.505
surat_tapi,Surat,Gujarat,West Coast (Arabian Sea / Gulf of Khambhat),21.1702,72.8311,4.0,2006 Historic Tapi River Ukai Flood,2006-08-18T03:00,0.0,1001.3,16.4,31.0,0.472,0.471,0.505
surat_tapi,Surat,Gujarat,West Coast (Arabian Sea / Gulf of Khambhat),21.1702,72.8311,4.0,2006 Historic Tapi River Ukai Flood,2006-08-18T04:00,0.0,1001.5,16.2,31.3,0.471,0.471,0.504
surat_tapi,Surat,Gujarat,West Coast (Arabian Sea / Gulf of Khambhat),21.1702,72.8311,4.0,2006 Historic Tapi River Ukai Flood,2006-08-18T05:00,0.0,1002.1,16.8,31.3,0.47,0.47,0.504
surat_tapi,Surat,Gujarat,West Coast (Arabian Sea / Gulf of Khambhat),21.1702,72.8311,4.0,2006 Historic Tapi River Ukai Flood,2006-08-18T06:00,0.0,1001.7,19.0,34.2,0.468,0.469,0.504
surat_tapi,Surat,Gujarat,West Coast (Arabian Sea / Gulf of Khambhat),21.1702,72.8311,4.0,2006 Historic Tapi River Ukai Flood,2006-08-18T07:00,0.0,1001.0,21.0,34.6,0.466,0.469,0.503
surat_tapi,Surat,Gujarat,West Coast (Arabian Sea / Gulf of Khambhat),21.1702,72.8311,4.0,2006 Historic Tapi River Ukai Flood,2006-08-18T08:00,0.0,1000.7,22.7,36.0,0.465,0.468,0.503
surat_tapi,Surat,Gujarat,West Coast (Arabian Sea / Gulf of Khambhat),21.1702,72.8311,4.0,2006 Historic Tapi River Ukai Flood,2006-08-18T09:00,0.0,999.8,25.1,38.9,0.463,0.467,0.503
surat_tapi,Surat,Gujarat,West Coast (Arabian Sea / Gulf of Khambhat),21.1702,72.8311,4.0,2006 Historic Tapi River Ukai Flood,2006-08-18T10:00,0.0,999.7,23.1,41.4,0.461,0.466,0.502
surat_tapi,Surat,Gujarat,West Coast (Arabian Sea / Gulf of Khambhat),21.1702,72.8311,4.0,2006 Historic Tapi River Ukai Flood,2006-08-18T11:00,0.0,999.5,23.1,41.4,0.46,0.466,0.502
surat_tapi,Surat,Gujarat,West Coast (Arabian Sea / Gulf of Khambhat),21.1702,72.8311,4.0,2006 Historic Tapi River Ukai Flood,2006-08-18T12:00,0.0,999.5,24.4,41.8,0.46,0.465,0.502
surat_tapi,Surat,Gujarat,West Coast (Arabian Sea / Gulf of Khambhat),21.1702,72.8311,4.0,2006 Historic Tapi River Ukai Flood,2006-08-18T13:00,0.0,999.5,24.0,40.7,0.459,0.465,0.502
surat_tapi,Surat,Gujarat,West Coast (Arabian Sea / Gulf of Khambhat),21.1702,72.8311,4.0,2006 Historic Tapi River Ukai Flood,2006-08-18T14:00,0.0,999.8,24.1,39.2,0.459,0.465,0.501
surat_tapi,Surat,Gujarat,West Coast (Arabian Sea / Gulf of Khambhat),21.1702,72.8311,4.0,2006 Historic Tapi River Ukai Flood,2006-08-18T15:00,0.0,1000.4,25.8,39.2,0.459,0.465,0.501
surat_tapi,Surat,Gujarat,West Coast (Arabian Sea / Gulf of Khambhat),21.1702,72.8311,4.0,2006 Historic Tapi River Ukai Flood,2006-08-18T16:00,0.0,1001.4,26.2,39.2,0.459,0.464,0.501
surat_tapi,Surat,Gujarat,West Coast (Arabian Sea / Gulf of Khambhat),21.1702,72.8311,4.0,2006 Historic Tapi River Ukai Flood,2006-08-18T17:00,0.0,1001.8,26.4,38.5,0.459,0.464,0.501
surat_tapi,Surat,Gujarat,West Coast (Arabian Sea / Gulf of Khambhat),21.1702,72.8311,4.0,2006 Historic Tapi River Ukai Flood,2006-08-18T18:00,0.0,1001.8,26.6,40.0,0.459,0.464,0.501
surat_tapi,Surat,Gujarat,West Coast (Arabian Sea / Gulf of Khambhat),21.1702,72.8311,4.0,2006 Historic Tapi River Ukai Flood,2006-08-18T19:00,0.1,1002.0,26.6,39.6,0.46,0.464,0.5
surat_tapi,Surat,Gujarat,West Coast (Arabian Sea / Gulf of Khambhat),21.1702,72.8311,4.0,2006 Historic Tapi River Ukai Flood,2006-08-18T20:00,0.2,1001.4,26.0,40.3,0.461,0.464,0.5
surat_tapi,Surat,Gujarat,West Coast (Arabian Sea / Gulf of Khambhat),21.1702,72.8311,4.0,2006 Historic Tapi River Ukai Flood,2006-08-18T21:00,0.1,1001.3,25.5,40.7,0.461,0.464,0.5
surat_tapi,Surat,Gujarat,West Coast (Arabian Sea / Gulf of Khambhat),21.1702,72.8311,4.0,2006 Historic Tapi River Ukai Flood,2006-08-18T22:00,0.1,1001.0,25.0,39.6,0.462,0.464,0.5
surat_tapi,Surat,Gujarat,West Coast (Arabian Sea / Gulf of Khambhat),21.1702,72.8311,4.0,2006 Historic Tapi River Ukai Flood,2006-08-18T23:00,0.0,1000.9,25.6,40.7,0.462,0.464,0.499
surat_tapi,Surat,Gujarat,West Coast (Arabian Sea / Gulf of Khambhat),21.1702,72.8311,4.0,2006 Historic Tapi River Ukai Flood,2006-08-19T00:00,0.0,1001.1,25.8,41.0,0.463,0.463,0.499
surat_tapi,Surat,Gujarat,West Coast (Arabian Sea / Gulf of Khambhat),21.1702,72.8311,4.0,2006 Historic Tapi River Ukai Flood,2006-08-19T01:00,0.2,1001.5,26.1,42.1,0.464,0.463,0.499
surat_tapi,Surat,Gujarat,West Coast (Arabian Sea / Gulf of Khambhat),21.1702,72.8311,4.0,2006 Historic Tapi River Ukai Flood,2006-08-19T02:00,0.2,1001.9,26.7,44.6,0.465,0.463,0.499
surat_tapi,Surat,Gujarat,West Coast (Arabian Sea / Gulf of Khambhat),21.1702,72.8311,4.0,2006 Historic Tapi River Ukai Flood,2006-08-19T03:00,0.1,1002.5,25.5,45.7,0.465,0.463,0.499
surat_tapi,Surat,Gujarat,West Coast (Arabian Sea / Gulf of Khambhat),21.1702,72.8311,4.0,2006 Historic Tapi River Ukai Flood,2006-08-19T04:00,0.1,1003.1,27.1,45.0,0.465,0.463,0.498
surat_tapi,Surat,Gujarat,West Coast (Arabian Sea / Gulf of Khambhat),21.1702,72.8311,4.0,2006 Historic Tapi River Ukai Flood,2006-08-19T05:00,0.3,1003.2,28.4,44.3,0.465,0.463,0.498
surat_tapi,Surat,Gujarat,West Coast (Arabian Sea / Gulf of Khambhat),21.1702,72.8311,4.0,2006 Historic Tapi River Ukai Flood,2006-08-19T06:00,0.4,1003.1,29.5,45.7,0.466,0.462,0.498
surat_tapi,Surat,Gujarat,West Coast (Arabian Sea / Gulf of Khambhat),21.1702,72.8311,4.0,2006 Historic Tapi River Ukai Flood,2006-08-19T07:00,0.0,1002.7,30.3,49.7,0.464,0.462,0.497
surat_tapi,Surat,Gujarat,West Coast (Arabian Sea / Gulf of Khambhat),21.1702,72.8311,4.0,2006 Historic Tapi River Ukai Flood,2006-08-19T08:00,0.0,1001.9,30.0,50.8,0.462,0.461,0.497
surat_tapi,Surat,Gujarat,West Coast (Arabian Sea / Gulf of Khambhat),21.1702,72.8311,4.0,2006 Historic Tapi River Ukai Flood,2006-08-19T09:00,0.3,1001.4,30.1,50.4,0.463,0.461,0.497
surat_tapi,Surat,Gujarat,West Coast (Arabian Sea / Gulf of Khambhat),21.1702,72.8311,4.0,2006 Historic Tapi River Ukai Flood,2006-08-19T10:00,0.2,1000.8,30.8,50.0,0.464,0.46,0.496
surat_tapi,Surat,Gujarat,West Coast (Arabian Sea / Gulf of Khambhat),21.1702,72.8311,4.0,2006 Historic Tapi River Ukai Flood,2006-08-19T11:00,0.4,1000.5,30.3,47.5,0.468,0.46,0.496
surat_tapi,Surat,Gujarat,West Coast (Arabian Sea / Gulf of Khambhat),21.1702,72.8311,4.0,2006 Historic Tapi River Ukai Flood,2006-08-19T12:00,0.3,1000.8,30.1,47.5,0.471,0.46,0.496
surat_tapi,Surat,Gujarat,West Coast (Arabian Sea / Gulf of Khambhat),21.1702,72.8311,4.0,2006 Historic Tapi River Ukai Flood,2006-08-19T13:00,0.6,1000.8,30.6,47.2,0.48,0.46,0.496
surat_tapi,Surat,Gujarat,West Coast (Arabian Sea / Gulf of Khambhat),21.1702,72.8311,4.0,2006 Historic Tapi River Ukai Flood,2006-08-19T14:00,0.8,1001.5,30.8,45.4,0.492,0.461,0.496
surat_tapi,Surat,Gujarat,West Coast (Arabian Sea / Gulf of Khambhat),21.1702,72.8311,4.0,2006 Historic Tapi River Ukai Flood,2006-08-19T15:00,0.4,1002.0,30.8,43.6,0.493,0.462,0.495
surat_tapi,Surat,Gujarat,West Coast (Arabian Sea / Gulf of Khambhat),21.1702,72.8311,4.0,2006 Historic Tapi River Ukai Flood,2006-08-19T16:00,0.2,1002.5,30.0,44.6,0.492,0.462,0.495
surat_tapi,Surat,Gujarat,West Coast (Arabian Sea / Gulf of Khambhat),21.1702,72.8311,4.0,2006 Historic Tapi River Ukai Flood,2006-08-19T17:00,0.1,1003.2,28.7,43.2,0.49,0.463,0.495
surat_tapi,Surat,Gujarat,West Coast (Arabian Sea / Gulf of Khambhat),21.1702,72.8311,4.0,2006 Historic Tapi River Ukai Flood,2006-08-19T18:00,0.0,1003.3,28.7,40.7,0.489,0.464,0.495
surat_tapi,Surat,Gujarat,West Coast (Arabian Sea / Gulf of Khambhat),21.1702,72.8311,4.0,2006 Historic Tapi River Ukai Flood,2006-08-19T19:00,0.1,1002.8,29.4,45.7,0.488,0.464,0.495
surat_tapi,Surat,Gujarat,West Coast (Arabian Sea / Gulf of Khambhat),21.1702,72.8311,4.0,2006 Historic Tapi River Ukai Flood,2006-08-19T20:00,0.1,1002.4,31.2,46.8,0.487,0.465,0.494
surat_tapi,Surat,Gujarat,West Coast (Arabian Sea / Gulf of Khambhat),21.1702,72.8311,4.0,2006 Historic Tapi River Ukai Flood,2006-08-19T21:00,0.0,1002.2,31.8,47.9,0.486,0.465,0.494
surat_tapi,Surat,Gujarat,West Coast (Arabian Sea / Gulf of Khambhat),21.1702,72.8311,4.0,2006 Historic Tapi River Ukai Flood,2006-08-19T22:00,0.0,1001.7,28.6,48.6,0.486,0.465,0.494
surat_tapi,Surat,Gujarat,West Coast (Arabian Sea / Gulf of Khambhat),21.1702,72.8311,4.0,2006 Historic Tapi River Ukai Flood,2006-08-19T23:00,0.0,1001.7,29.1,47.9,0.485,0.466,0.494
surat_tapi,Surat,Gujarat,West Coast (Arabian Sea / Gulf of Khambhat),21.1702,72.8311,4.0,2006 Historic Tapi River Ukai Flood,2006-08-20T00:00,0.1,1001.8,31.1,48.6,0.484,0.466,0.494
surat_tapi,Surat,Gujarat,West Coast (Arabian Sea / Gulf of Khambhat),21.1702,72.8311,4.0,2006 Historic Tapi River Ukai Flood,2006-08-20T01:00,0.2,1002.0,31.9,50.0,0.484,0.466,0.493
surat_tapi,Surat,Gujarat,West Coast (Arabian Sea / Gulf of Khambhat),21.1702,72.8311,4.0,2006 Historic Tapi River Ukai Flood,2006-08-20T02:00,0.4,1002.2,34.3,54.0,0.485,0.467,0.493
surat_tapi,Surat,Gujarat,West Coast (Arabian Sea / Gulf of Khambhat),21.1702,72.8311,4.0,2006 Historic Tapi River Ukai Flood,2006-08-20T03:00,0.8,1003.1,35.1,56.2,0.488,0.467,0.493
surat_tapi,Surat,Gujarat,West Coast (Arabian Sea / Gulf of Khambhat),21.1702,72.8311,4.0,2006 Historic Tapi River Ukai Flood,2006-08-20T04:00,1.3,1003.5,33.9,60.1,0.495,0.467,0.493
surat_tapi,Surat,Gujarat,West Coast (Arabian Sea / Gulf of Khambhat),21.1702,72.8311,4.0,2006 Historic Tapi River Ukai Flood,2006-08-20T05:00,1.4,1003.8,34.2,60.1,0.504,0.469,0.493
surat_tapi,Surat,Gujarat,West Coast (Arabian Sea / Gulf of Khambhat),21.1702,72.8311,4.0,2006 Historic Tapi River Ukai Flood,2006-08-20T06:00,1.4,1004.0,33.9,58.7,0.511,0.47,0.492
surat_tapi,Surat,Gujarat,West Coast (Arabian Sea / Gulf of Khambhat),21.1702,72.8311,4.0,2006 Historic Tapi River Ukai Flood,2006-08-20T07:00,1.0,1003.5,33.0,52.2,0.51,0.474,0.492
surat_tapi,Surat,Gujarat,West Coast (Arabian Sea / Gulf of Khambhat),21.1702,72.8311,4.0,2006 Historic Tapi River Ukai Flood,2006-08-20T08:00,0.6,1003.1,33.5,52.6,0.507,0.476,0.492
surat_tapi,Surat,Gujarat,West Coast (Arabian Sea / Gulf of Khambhat),21.1702,72.8311,4.0,2006 Historic Tapi River Ukai Flood,2006-08-20T09:00,0.5,1002.3,32.8,52.6,0.506,0.478,0.492
surat_tapi,Surat,Gujarat,West Coast (Arabian Sea / Gulf of Khambhat),21.1702,72.8311,4.0,2006 Historic Tapi River Ukai Flood,2006-08-20T10:00,0.3,1001.7,28.8,51.1,0.505,0.479,0.492
surat_tapi,Surat,Gujarat,West Coast (Arabian Sea / Gulf of Khambhat),21.1702,72.8311,4.0,2006 Historic Tapi River Ukai Flood,2006-08-20T11:00,0.0,1001.3,29.7,48.6,0.501,0.48,0.491
surat_tapi,Surat,Gujarat,West Coast (Arabian Sea / Gulf of Khambhat),21.1702,72.8311,4.0,2006 Historic Tapi River Ukai Flood,2006-08-20T12:00,0.0,1001.7,29.6,47.9,0.498,0.481,0.491
surat_tapi,Surat,Gujarat,West Coast (Arabian Sea / Gulf of Khambhat),21.1702,72.8311,4.0,2006 Historic Tapi River Ukai Flood,2006-08-20T13:00,0.0,1001.8,30.3,47.2,0.496,0.482,0.491
surat_tapi,Surat,Gujarat,West Coast (Arabian Sea / Gulf of Khambhat),21.1702,72.8311,4.0,2006 Historic Tapi River Ukai Flood,2006-08-20T14:00,0.0,1002.3,29.6,46.1,0.494,0.482,0.491
surat_tapi,Surat,Gujarat,West Coast (Arabian Sea / Gulf of Khambhat),21.1702,72.8311,4.0,2006 Historic Tapi River Ukai Flood,2006-08-20T15:00,0.0,1003.1,29.5,46.4,0.493,0.482,0.491
surat_tapi,Surat,Gujarat,West Coast (Arabian Sea / Gulf of Khambhat),21.1702,72.8311,4.0,2006 Historic Tapi River Ukai Flood,2006-08-20T16:00,0.2,1003.8,29.3,47.5,0.493,0.483,0.491
surat_tapi,Surat,Gujarat,West Coast (Arabian Sea / Gulf of Khambhat),21.1702,72.8311,4.0,2006 Historic Tapi River Ukai Flood,2006-08-20T17:00,0.1,1004.4,29.3,46.1,0.492,0.483,0.49
surat_tapi,Surat,Gujarat,West Coast (Arabian Sea / Gulf of Khambhat),21.1702,72.8311,4.0,2006 Historic Tapi River Ukai Flood,2006-08-20T18:00,0.3,1004.3,28.5,46.1,0.492,0.483,0.49
surat_tapi,Surat,Gujarat,West Coast (Arabian Sea / Gulf of Khambhat),21.1702,72.8311,4.0,2006 Historic Tapi River Ukai Flood,2006-08-20T19:00,0.0,1003.8,28.0,43.2,0.491,0.483,0.49
surat_tapi,Surat,Gujarat,West Coast (Arabian Sea / Gulf of Khambhat),21.1702,72.8311,4.0,2006 Historic Tapi River Ukai Flood,2006-08-20T20:00,0.0,1002.9,26.7,42.5,0.49,0.483,0.49
surat_tapi,Surat,Gujarat,West Coast (Arabian Sea / Gulf of Khambhat),21.1702,72.8311,4.0,2006 Historic Tapi River Ukai Flood,2006-08-20T21:00,0.0,1002.8,26.5,40.7,0.489,0.483,0.49
surat_tapi,Surat,Gujarat,West Coast (Arabian Sea / Gulf of Khambhat),21.1702,72.8311,4.0,2006 Historic Tapi River Ukai Flood,2006-08-20T22:00,0.0,1002.6,21.4,40.3,0.488,0.484,0.49
surat_tapi,Surat,Gujarat,West Coast (Arabian Sea / Gulf of Khambhat),21.1702,72.8311,4.0,2006 Historic Tapi River Ukai Flood,2006-08-20T23:00,0.0,1002.3,21.4,38.9,0.488,0.484,0.489
surat_tapi,Surat,Gujarat,West Coast (Arabian Sea / Gulf of Khambhat),21.1702,72.8311,4.0,2006 Historic Tapi River Ukai Flood,2006-08-21T00:00,0.0,1002.9,21.4,37.4,0.488,0.484,0.489
surat_tapi,Surat,Gujarat,West Coast (Arabian Sea / Gulf of Khambhat),21.1702,72.8311,4.0,2006 Historic Tapi River Ukai Flood,2006-08-21T01:00,0.0,1003.1,22.5,36.7,0.487,0.484,0.489
surat_tapi,Surat,Gujarat,West Coast (Arabian Sea / Gulf of Khambhat),21.1702,72.8311,4.0,2006 Historic Tapi River Ukai Flood,2006-08-21T02:00,0.0,1003.6,21.8,37.1,0.486,0.484,0.489
surat_tapi,Surat,Gujarat,West Coast (Arabian Sea / Gulf of Khambhat),21.1702,72.8311,4.0,2006 Historic Tapi River Ukai Flood,2006-08-21T03:00,0.0,1004.4,21.7,36.0,0.486,0.484,0.489
surat_tapi,Surat,Gujarat,West Coast (Arabian Sea / Gulf of Khambhat),21.1702,72.8311,4.0,2006 Historic Tapi River Ukai Flood,2006-08-21T04:00,0.0,1004.6,22.9,36.7,0.485,0.483,0.488
surat_tapi,Surat,Gujarat,West Coast (Arabian Sea / Gulf of Khambhat),21.1702,72.8311,4.0,2006 Historic Tapi River Ukai Flood,2006-08-21T05:00,0.0,1004.9,23.7,40.3,0.484,0.483,0.488
surat_tapi,Surat,Gujarat,West Coast (Arabian Sea / Gulf of Khambhat),21.1702,72.8311,4.0,2006 Historic Tapi River Ukai Flood,2006-08-21T06:00,0.0,1005.1,23.7,42.1,0.481,0.482,0.488
surat_tapi,Surat,Gujarat,West Coast (Arabian Sea / Gulf of Khambhat),21.1702,72.8311,4.0,2006 Historic Tapi River Ukai Flood,2006-08-21T07:00,0.0,1004.7,26.6,42.5,0.48,0.482,0.488
surat_tapi,Surat,Gujarat,West Coast (Arabian Sea / Gulf of Khambhat),21.1702,72.8311,4.0,2006 Historic Tapi River Ukai Flood,2006-08-21T08:00,0.0,1004.4,26.5,43.2,0.478,0.481,0.487
surat_tapi,Surat,Gujarat,West Coast (Arabian Sea / Gulf of Khambhat),21.1702,72.8311,4.0,2006 Historic Tapi River Ukai Flood,2006-08-21T09:00,0.0,1003.9,26.5,43.2,0.478,0.481,0.487
surat_tapi,Surat,Gujarat,West Coast (Arabian Sea / Gulf of Khambhat),21.1702,72.8311,4.0,2006 Historic Tapi River Ukai Flood,2006-08-21T10:00,0.2,1003.4,26.5,44.3,0.479,0.48,0.487
surat_tapi,Surat,Gujarat,West Coast (Arabian Sea / Gulf of Khambhat),21.1702,72.8311,4.0,2006 Historic Tapi River Ukai Flood,2006-08-21T11:00,0.0,1003.2,27.0,46.1,0.479,0.48,0.487
surat_tapi,Surat,Gujarat,West Coast (Arabian Sea / Gulf of Khambhat),21.1702,72.8311,4.0,2006 Historic Tapi River Ukai Flood,2006-08-21T12:00,0.0,1002.5,25.7,43.9,0.478,0.48,0.486
surat_tapi,Surat,Gujarat,West Coast (Arabian Sea / Gulf of Khambhat),21.1702,72.8311,4.0,2006 Historic Tapi River Ukai Flood,2006-08-21T13:00,0.0,1002.5,25.0,39.6,0.478,0.479,0.486
surat_tapi,Surat,Gujarat,West Coast (Arabian Sea / Gulf of Khambhat),21.1702,72.8311,4.0,2006 Historic Tapi River Ukai Flood,2006-08-21T14:00,0.0,1002.7,25.0,39.2,0.477,0.479,0.486
surat_tapi,Surat,Gujarat,West Coast (Arabian Sea / Gulf of Khambhat),21.1702,72.8311,4.0,2006 Historic Tapi River Ukai Flood,2006-08-21T15:00,0.0,1003.3,25.0,37.4,0.477,0.479,0.486
surat_tapi,Surat,Gujarat,West Coast (Arabian Sea / Gulf of Khambhat),21.1702,72.8311,4.0,2006 Historic Tapi River Ukai Flood,2006-08-21T16:00,0.0,1004.3,24.2,35.6,0.477,0.479,0.486
surat_tapi,Surat,Gujarat,West Coast (Arabian Sea / Gulf of Khambhat),21.1702,72.8311,4.0,2006 Historic Tapi River Ukai Flood,2006-08-21T17:00,0.0,1004.8,23.2,33.8,0.476,0.479,0.485
surat_tapi,Surat,Gujarat,West Coast (Arabian Sea / Gulf of Khambhat),21.1702,72.8311,4.0,2006 Historic Tapi River Ukai Flood,2006-08-21T18:00,0.0,1004.8,22.9,32.4,0.476,0.479,0.485
surat_tapi,Surat,Gujarat,West Coast (Arabian Sea / Gulf of Khambhat),21.1702,72.8311,4.0,2006 Historic Tapi River Ukai Flood,2006-08-21T19:00,0.0,1004.6,22.8,34.9,0.476,0.479,0.485
surat_tapi,Surat,Gujarat,West Coast (Arabian Sea / Gulf of Khambhat),21.1702,72.8311,4.0,2006 Historic Tapi River Ukai Flood,2006-08-21T20:00,0.0,1003.7,23.2,35.3,0.476,0.479,0.485
surat_tapi,Surat,Gujarat,West Coast (Arabian Sea / Gulf of Khambhat),21.1702,72.8311,4.0,2006 Historic Tapi River Ukai Flood,2006-08-21T21:00,0.0,1003.2,23.6,36.0,0.476,0.479,0.485
surat_tapi,Surat,Gujarat,West Coast (Arabian Sea / Gulf of Khambhat),21.1702,72.8311,4.0,2006 Historic Tapi River Ukai Flood,2006-08-21T22:00,0.0,1002.8,20.5,35.3,0.476,0.479,0.485
surat_tapi,Surat,Gujarat,West Coast (Arabian Sea / Gulf of Khambhat),21.1702,72.8311,4.0,2006 Historic Tapi River Ukai Flood,2006-08-21T23:00,0.0,1002.7,20.1,34.6,0.476,0.479,0.484
surat_tapi,Surat,Gujarat,West Coast (Arabian Sea / Gulf of Khambhat),21.1702,72.8311,4.0,2006 Historic Tapi River Ukai Flood,2006-08-22T00:00,0.1,1003.1,18.8,34.9,0.477,0.479,0.484
surat_tapi,Surat,Gujarat,West Coast (Arabian Sea / Gulf of Khambhat),21.1702,72.8311,4.0,2006 Historic Tapi River Ukai Flood,2006-08-22T01:00,0.1,1003.1,20.0,34.6,0.478,0.479,0.484
surat_tapi,Surat,Gujarat,West Coast (Arabian Sea / Gulf of Khambhat),21.1702,72.8311,4.0,2006 Historic Tapi River Ukai Flood,2006-08-22T02:00,0.0,1003.6,21.2,31.3,0.478,0.479,0.484
surat_tapi,Surat,Gujarat,West Coast (Arabian Sea / Gulf of Khambhat),21.1702,72.8311,4.0,2006 Historic Tapi River Ukai Flood,2006-08-22T03:00,0.0,1004.2,23.0,34.6,0.478,0.478,0.484
surat_tapi,Surat,Gujarat,West Coast (Arabian Sea / Gulf of Khambhat),21.1702,72.8311,4.0,2006 Historic Tapi River Ukai Flood,2006-08-22T04:00,0.0,1004.4,23.0,34.6,0.477,0.478,0.484
surat_tapi,Surat,Gujarat,West Coast (Arabian Sea / Gulf of Khambhat),21.1702,72.8311,4.0,2006 Historic Tapi River Ukai Flood,2006-08-22T05:00,0.0,1005.0,23.2,38.2,0.476,0.478,0.483
surat_tapi,Surat,Gujarat,West Coast (Arabian Sea / Gulf of Khambhat),21.1702,72.8311,4.0,2006 Historic Tapi River Ukai Flood,2006-08-22T06:00,0.0,1004.7,24.0,40.3,0.474,0.477,0.483
surat_tapi,Surat,Gujarat,West Coast (Arabian Sea / Gulf of Khambhat),21.1702,72.8311,4.0,2006 Historic Tapi River Ukai Flood,2006-08-22T07:00,0.0,1004.5,24.8,43.2,0.472,0.476,0.483
surat_tapi,Surat,Gujarat,West Coast (Arabian Sea / Gulf of Khambhat),21.1702,72.8311,4.0,2006 Historic Tapi River Ukai Flood,2006-08-22T08:00,0.0,1003.5,26.6,43.6,0.471,0.476,0.482
surat_tapi,Surat,Gujarat,West Coast (Arabian Sea / Gulf of Khambhat),21.1702,72.8311,4.0,2006 Historic Tapi River Ukai Flood,2006-08-22T09:00,0.0,1002.7,27.5,45.0,0.469,0.475,0.482
surat_tapi,Surat,Gujarat,West Coast (Arabian Sea / Gulf of Khambhat),21.1702,72.8311,4.0,2006 Historic Tapi River Ukai Flood,2006-08-22T10:00,0.1,1001.3,26.2,46.1,0.468,0.474,0.482
surat_tapi,Surat,Gujarat,West Coast (Arabian Sea / Gulf of Khambhat),21.1702,72.8311,4.0,2006 Historic Tapi River Ukai Flood,2006-08-22T11:00,0.0,1001.0,26.5,45.4,0.468,0.474,0.482
surat_tapi,Surat,Gujarat,West Coast (Arabian Sea / Gulf of Khambhat),21.1702,72.8311,4.0,2006 Historic Tapi River Ukai Flood,2006-08-22T12:00,0.0,1001.8,25.5,45.7,0.467,0.474,0.481
surat_tapi,Surat,Gujarat,West Coast (Arabian Sea / Gulf of Khambhat),21.1702,72.8311,4.0,2006 Historic Tapi River Ukai Flood,2006-08-22T13:00,0.1,1001.6,26.7,44.3,0.468,0.474,0.481
surat_tapi,Surat,Gujarat,West Coast (Arabian Sea / Gulf of Khambhat),21.1702,72.8311,4.0,2006 Historic Tapi River Ukai Flood,2006-08-22T14:00,0.0,1002.3,27.2,41.4,0.468,0.473,0.481
surat_tapi,Surat,Gujarat,West Coast (Arabian Sea / Gulf of Khambhat),21.1702,72.8311,4.0,2006 Historic Tapi River Ukai Flood,2006-08-22T15:00,0.0,1003.0,27.0,40.0,0.468,0.473,0.481
surat_tapi,Surat,Gujarat,West Coast (Arabian Sea / Gulf of Khambhat),21.1702,72.8311,4.0,2006 Historic Tapi River Ukai Flood,2006-08-22T16:00,0.0,1003.5,25.7,39.2,0.468,0.473,0.481
surat_tapi,Surat,Gujarat,West Coast (Arabian Sea / Gulf of Khambhat),21.1702,72.8311,4.0,2006 Historic Tapi River Ukai Flood,2006-08-22T17:00,0.0,1004.1,25.7,37.1,0.468,0.473,0.481
surat_tapi,Surat,Gujarat,West Coast (Arabian Sea / Gulf of Khambhat),21.1702,72.8311,4.0,2006 Historic Tapi River Ukai Flood,2006-08-22T18:00,0.1,1004.0,25.0,35.6,0.469,0.473,0.48
surat_tapi,Surat,Gujarat,West Coast (Arabian Sea / Gulf of Khambhat),21.1702,72.8311,4.0,2006 Historic Tapi River Ukai Flood,2006-08-22T19:00,0.0,1003.9,23.7,37.1,0.469,0.473,0.48
surat_tapi,Surat,Gujarat,West Coast (Arabian Sea / Gulf of Khambhat),21.1702,72.8311,4.0,2006 Historic Tapi River Ukai Flood,2006-08-22T20:00,0.1,1003.5,24.8,36.4,0.47,0.473,0.48
surat_tapi,Surat,Gujarat,West Coast (Arabian Sea / Gulf of Khambhat),21.1702,72.8311,4.0,2006 Historic Tapi River Ukai Flood,2006-08-22T21:00,0.2,1002.8,25.4,36.0,0.471,0.473,0.48
surat_tapi,Surat,Gujarat,West Coast (Arabian Sea / Gulf of Khambhat),21.1702,72.8311,4.0,2006 Historic Tapi River Ukai Flood,2006-08-22T22:00,0.1,1002.2,22.6,37.1,0.473,0.473,0.48
surat_tapi,Surat,Gujarat,West Coast (Arabian Sea / Gulf of Khambhat),21.1702,72.8311,4.0,2006 Historic Tapi River Ukai Flood,2006-08-22T23:00,0.1,1002.2,21.9,36.7,0.474,0.473,0.48
surat_tapi,Surat,Gujarat,West Coast (Arabian Sea / Gulf of Khambhat),21.1702,72.8311,4.0,2006 Historic Tapi River Ukai Flood,2006-08-23T00:00,0.1,1002.7,21.8,35.3,0.475,0.473,0.479
surat_tapi,Surat,Gujarat,West Coast (Arabian Sea / Gulf of Khambhat),21.1702,72.8311,4.0,2006 Historic Tapi River Ukai Flood,2006-08-23T01:00,0.1,1003.2,18.2,33.5,0.475,0.473,0.479
surat_tapi,Surat,Gujarat,West Coast (Arabian Sea / Gulf of Khambhat),21.1702,72.8311,4.0,2006 Historic Tapi River Ukai Flood,2006-08-23T02:00,0.1,1003.9,16.5,29.2,0.476,0.473,0.479
surat_tapi,Surat,Gujarat,West Coast (Arabian Sea / Gulf of Khambhat),21.1702,72.8311,4.0,2006 Historic Tapi River Ukai Flood,2006-08-23T03:00,0.0,1004.6,16.9,29.9,0.476,0.473,0.479
surat_tapi,Surat,Gujarat,West Coast (Arabian Sea / Gulf of Khambhat),21.1702,72.8311,4.0,2006 Historic Tapi River Ukai Flood,2006-08-23T04:00,0.0,1005.0,17.9,31.0,0.476,0.473,0.479
surat_tapi,Surat,Gujarat,West Coast (Arabian Sea / Gulf of Khambhat),21.1702,72.8311,4.0,2006 Historic Tapi River Ukai Flood,2006-08-23T05:00,0.0,1005.3,20.2,34.2,0.475,0.472,0.478
surat_tapi,Surat,Gujarat,West Coast (Arabian Sea / Gulf of Khambhat),21.1702,72.8311,4.0,2006 Historic Tapi River Ukai Flood,2006-08-23T06:00,0.0,1005.3,21.0,37.4,0.472,0.472,0.478
surat_tapi,Surat,Gujarat,West Coast (Arabian Sea / Gulf of Khambhat),21.1702,72.8311,4.0,2006 Historic Tapi River Ukai Flood,2006-08-23T07:00,0.0,1004.9,21.7,38.9,0.47,0.471,0.478
surat_tapi,Surat,Gujarat,West Coast (Arabian Sea / Gulf of Khambhat),21.1702,72.8311,4.0,2006 Historic Tapi River Ukai Flood,2006-08-23T08:00,0.0,1004.1,22.4,40.7,0.468,0.47,0.477
surat_tapi,Surat,Gujarat,West Coast (Arabian Sea / Gulf of Khambhat),21.1702,72.8311,4.0,2006 Historic Tapi River Ukai Flood,2006-08-23T09:00,0.0,1003.5,23.7,39.6,0.466,0.469,0.477
surat_tapi,Surat,Gujarat,West Coast (Arabian Sea / Gulf of Khambhat),21.1702,72.8311,4.0,2006 Historic Tapi River Ukai Flood,2006-08-23T10:00,0.1,1003.2,26.4,41.8,0.465,0.469,0.477
surat_tapi,Surat,Gujarat,West Coast (Arabian Sea / Gulf of Khambhat),21.1702,72.8311,4.0,2006 Historic Tapi River Ukai Flood,2006-08-23T11:00,0.0,1002.8,24.5,42.1,0.464,0.468,0.477
surat_tapi,Surat,Gujarat,West Coast (Arabian Sea / Gulf of Khambhat),21.1702,72.8311,4.0,2006 Historic Tapi River Ukai Flood,2006-08-23T12:00,0.0,1003.1,23.9,40.3,0.465,0.468,0.476
surat_tapi,Surat,Gujarat,West Coast (Arabian Sea / Gulf of Khambhat),21.1702,72.8311,4.0,2006 Historic Tapi River Ukai Flood,2006-08-23T13:00,0.0,1003.2,24.2,38.2,0.464,0.468,0.476
surat_tapi,Surat,Gujarat,West Coast (Arabian Sea / Gulf of Khambhat),21.1702,72.8311,4.0,2006 Historic Tapi River Ukai Flood,2006-08-23T14:00,0.0,1003.8,24.2,38.2,0.464,0.468,0.476
surat_tapi,Surat,Gujarat,West Coast (Arabian Sea / Gulf of Khambhat),21.1702,72.8311,4.0,2006 Historic Tapi River Ukai Flood,2006-08-23T15:00,0.0,1004.6,23.9,37.8,0.464,0.468,0.476
surat_tapi,Surat,Gujarat,West Coast (Arabian Sea / Gulf of Khambhat),21.1702,72.8311,4.0,2006 Historic Tapi River Ukai Flood,2006-08-23T16:00,0.0,1005.2,23.0,37.1,0.464,0.468,0.476
surat_tapi,Surat,Gujarat,West Coast (Arabian Sea / Gulf of Khambhat),21.1702,72.8311,4.0,2006 Historic Tapi River Ukai Flood,2006-08-23T17:00,0.0,1005.5,22.5,36.7,0.464,0.468,0.476
surat_tapi,Surat,Gujarat,West Coast (Arabian Sea / Gulf of Khambhat),21.1702,72.8311,4.0,2006 Historic Tapi River Ukai Flood,2006-08-23T18:00,0.0,1005.3,23.3,37.1,0.464,0.468,0.475
surat_tapi,Surat,Gujarat,West Coast (Arabian Sea / Gulf of Khambhat),21.1702,72.8311,4.0,2006 Historic Tapi River Ukai Flood,2006-08-23T19:00,0.2,1005.4,24.7,37.4,0.466,0.468,0.475
surat_tapi,Surat,Gujarat,West Coast (Arabian Sea / Gulf of Khambhat),21.1702,72.8311,4.0,2006 Historic Tapi River Ukai Flood,2006-08-23T20:00,0.2,1004.8,25.6,38.2,0.467,0.468,0.475
surat_tapi,Surat,Gujarat,West Coast (Arabian Sea / Gulf of Khambhat),21.1702,72.8311,4.0,2006 Historic Tapi River Ukai Flood,2006-08-23T21:00,0.2,1004.5,25.2,38.5,0.47,0.468,0.475
surat_tapi,Surat,Gujarat,West Coast (Arabian Sea / Gulf of Khambhat),21.1702,72.8311,4.0,2006 Historic Tapi River Ukai Flood,2006-08-23T22:00,0.4,1004.3,21.3,37.8,0.474,0.468,0.475
surat_tapi,Surat,Gujarat,West Coast (Arabian Sea / Gulf of Khambhat),21.1702,72.8311,4.0,2006 Historic Tapi River Ukai Flood,2006-08-23T23:00,0.3,1004.3,19.7,36.0,0.478,0.468,0.475
surat_tapi,Surat,Gujarat,West Coast (Arabian Sea / Gulf of Khambhat),21.1702,72.8311,4.0,2006 Historic Tapi River Ukai Flood,2006-08-24T00:00,0.2,1004.7,19.2,36.0,0.48,0.468,0.474
surat_tapi,Surat,Gujarat,West Coast (Arabian Sea / Gulf of Khambhat),21.1702,72.8311,4.0,2006 Historic Tapi River Ukai Flood,2006-08-24T01:00,0.2,1004.9,20.1,34.9,0.481,0.468,0.474
surat_tapi,Surat,Gujarat,West Coast (Arabian Sea / Gulf of Khambhat),21.1702,72.8311,4.0,2006 Historic Tapi River Ukai Flood,2006-08-24T02:00,0.2,1005.7,20.0,35.3,0.481,0.468,0.474
surat_tapi,Surat,Gujarat,West Coast (Arabian Sea / Gulf of Khambhat),21.1702,72.8311,4.0,2006 Historic Tapi River Ukai Flood,2006-08-24T03:00,0.1,1006.3,19.4,34.6,0.481,0.469,0.474
surat_tapi,Surat,Gujarat,West Coast (Arabian Sea / Gulf of Khambhat),21.1702,72.8311,4.0,2006 Historic Tapi River Ukai Flood,2006-08-24T04:00,0.0,1006.6,19.7,36.4,0.481,0.469,0.474
surat_tapi,Surat,Gujarat,West Coast (Arabian Sea / Gulf of Khambhat),21.1702,72.8311,4.0,2006 Historic Tapi River Ukai Flood,2006-08-24T05:00,0.0,1006.9,19.7,37.1,0.479,0.469,0.474
surat_tapi,Surat,Gujarat,West Coast (Arabian Sea / Gulf of Khambhat),21.1702,72.8311,4.0,2006 Historic Tapi River Ukai Flood,2006-08-24T06:00,0.0,1007.0,20.0,37.8,0.478,0.468,0.473
surat_tapi,Surat,Gujarat,West Coast (Arabian Sea / Gulf of Khambhat),21.1702,72.8311,4.0,2006 Historic Tapi River Ukai Flood,2006-08-24T07:00,0.0,1006.6,21.4,41.4,0.477,0.468,0.473
surat_tapi,Surat,Gujarat,West Coast (Arabian Sea / Gulf of Khambhat),21.1702,72.8311,4.0,2006 Historic Tapi River Ukai Flood,2006-08-24T08:00,0.0,1005.9,23.4,42.5,0.475,0.468,0.473
surat_tapi,Surat,Gujarat,West Coast (Arabian Sea / Gulf of Khambhat),21.1702,72.8311,4.0,2006 Historic Tapi River Ukai Flood,2006-08-24T09:00,0.0,1005.0,24.2,41.0,0.473,0.467,0.473
surat_tapi,Surat,Gujarat,West Coast (Arabian Sea / Gulf of Khambhat),21.1702,72.8311,4.0,2006 Historic Tapi River Ukai Flood,2006-08-24T10:00,0.0,1004.2,23.4,41.0,0.472,0.467,0.472
surat_tapi,Surat,Gujarat,West Coast (Arabian Sea / Gulf of Khambhat),21.1702,72.8311,4.0,2006 Historic Tapi River Ukai Flood,2006-08-24T11:00,0.0,1003.8,24.5,41.4,0.47,0.467,0.472
surat_tapi,Surat,Gujarat,West Coast (Arabian Sea / Gulf of Khambhat),21.1702,72.8311,4.0,2006 Historic Tapi River Ukai Flood,2006-08-24T12:00,0.0,1004.2,24.8,41.0,0.47,0.467,0.472
surat_tapi,Surat,Gujarat,West Coast (Arabian Sea / Gulf of Khambhat),21.1702,72.8311,4.0,2006 Historic Tapi River Ukai Flood,2006-08-24T13:00,0.0,1004.3,25.0,39.2,0.469,0.466,0.472
surat_tapi,Surat,Gujarat,West Coast (Arabian Sea / Gulf of Khambhat),21.1702,72.8311,4.0,2006 Historic Tapi River Ukai Flood,2006-08-24T14:00,0.2,1004.7,25.1,37.4,0.47,0.466,0.472
surat_tapi,Surat,Gujarat,West Coast (Arabian Sea / Gulf of Khambhat),21.1702,72.8311,4.0,2006 Historic Tapi River Ukai Flood,2006-08-24T15:00,0.2,1005.3,24.9,36.4,0.472,0.467,0.471
surat_tapi,Surat,Gujarat,West Coast (Arabian Sea / Gulf of Khambhat),21.1702,72.8311,4.0,2006 Historic Tapi River Ukai Flood,2006-08-24T16:00,0.0,1005.7,23.2,36.4,0.472,0.467,0.471
surat_tapi,Surat,Gujarat,West Coast (Arabian Sea / Gulf of Khambhat),21.1702,72.8311,4.0,2006 Historic Tapi River Ukai Flood,2006-08-24T17:00,0.0,1006.2,21.7,34.9,0.471,0.467,0.471
surat_tapi,Surat,Gujarat,West Coast (Arabian Sea / Gulf of Khambhat),21.1702,72.8311,4.0,2006 Historic Tapi River Ukai Flood,2006-08-24T18:00,0.0,1006.1,20.3,32.0,0.471,0.467,0.471
surat_tapi,Surat,Gujarat,West Coast (Arabian Sea / Gulf of Khambhat),21.1702,72.8311,4.0,2006 Historic Tapi River Ukai Flood,2006-08-24T19:00,0.0,1005.5,19.9,30.2,0.471,0.467,0.471
surat_tapi,Surat,Gujarat,West Coast (Arabian Sea / Gulf of Khambhat),21.1702,72.8311,4.0,2006 Historic Tapi River Ukai Flood,2006-08-24T20:00,0.0,1005.4,20.0,30.2,0.471,0.467,0.471
surat_tapi,Surat,Gujarat,West Coast (Arabian Sea / Gulf of Khambhat),21.1702,72.8311,4.0,2006 Historic Tapi River Ukai Flood,2006-08-24T21:00,0.2,1004.9,20.8,32.8,0.472,0.467,0.471
surat_tapi,Surat,Gujarat,West Coast (Arabian Sea / Gulf of Khambhat),21.1702,72.8311,4.0,2006 Historic Tapi River Ukai Flood,2006-08-24T22:00,0.2,1004.5,19.6,32.8,0.473,0.467,0.47
surat_tapi,Surat,Gujarat,West Coast (Arabian Sea / Gulf of Khambhat),21.1702,72.8311,4.0,2006 Historic Tapi River Ukai Flood,2006-08-24T23:00,0.3,1005.3,18.4,34.2,0.474,0.467,0.47
surat_tapi,Surat,Gujarat,West Coast (Arabian Sea / Gulf of Khambhat),21.1702,72.8311,4.0,2006 Historic Tapi River Ukai Flood,2006-08-25T00:00,0.1,1005.8,16.1,33.5,0.474,0.467,0.47
surat_tapi,Surat,Gujarat,West Coast (Arabian Sea / Gulf of Khambhat),21.1702,72.8311,4.0,2006 Historic Tapi River Ukai Flood,2006-08-25T01:00,0.0,1006.0,15.3,30.2,0.474,0.467,0.47
surat_tapi,Surat,Gujarat,West Coast (Arabian Sea / Gulf of Khambhat),21.1702,72.8311,4.0,2006 Historic Tapi River Ukai Flood,2006-08-25T02:00,0.0,1006.8,14.4,30.6,0.474,0.467,0.47
surat_tapi,Surat,Gujarat,West Coast (Arabian Sea / Gulf of Khambhat),21.1702,72.8311,4.0,2006 Historic Tapi River Ukai Flood,2006-08-25T03:00,0.0,1007.5,14.4,32.0,0.473,0.467,0.47
surat_tapi,Surat,Gujarat,West Coast (Arabian Sea / Gulf of Khambhat),21.1702,72.8311,4.0,2006 Historic Tapi River Ukai Flood,2006-08-25T04:00,0.0,1007.8,13.6,34.2,0.473,0.467,0.469
surat_tapi,Surat,Gujarat,West Coast (Arabian Sea / Gulf of Khambhat),21.1702,72.8311,4.0,2006 Historic Tapi River Ukai Flood,2006-08-25T05:00,0.0,1008.5,14.0,37.1,0.471,0.467,0.469
surat_tapi,Surat,Gujarat,West Coast (Arabian Sea / Gulf of Khambhat),21.1702,72.8311,4.0,2006 Historic Tapi River Ukai Flood,2006-08-25T06:00,0.0,1008.4,16.1,38.2,0.47,0.466,0.469
surat_tapi,Surat,Gujarat,West Coast (Arabian Sea / Gulf of Khambhat),21.1702,72.8311,4.0,2006 Historic Tapi River Ukai Flood,2006-08-25T07:00,0.0,1008.2,18.4,34.2,0.468,0.466,0.469
surat_tapi,Surat,Gujarat,West Coast (Arabian Sea / Gulf of Khambhat),21.1702,72.8311,4.0,2006 Historic Tapi River Ukai Flood,2006-08-25T08:00,0.0,1007.7,20.5,38.2,0.466,0.465,0.468
surat_tapi,Surat,Gujarat,West Coast (Arabian Sea / Gulf of Khambhat),21.1702,72.8311,4.0,2006 Historic Tapi River Ukai Flood,2006-08-25T09:00,0.0,1006.8,21.7,38.5,0.464,0.464,0.468
surat_tapi,Surat,Gujarat,West Coast (Arabian Sea / Gulf of Khambhat),21.1702,72.8311,4.0,2006 Historic Tapi River Ukai Flood,2006-08-25T10:00,0.2,1006.4,21.4,38.2,0.464,0.464,0.468
surat_tapi,Surat,Gujarat,West Coast (Arabian Sea / Gulf of Khambhat),21.1702,72.8311,4.0,2006 Historic Tapi River Ukai Flood,2006-08-25T11:00,0.0,1006.0,21.1,36.7,0.463,0.463,0.468
surat_tapi,Surat,Gujarat,West Coast (Arabian Sea / Gulf of Khambhat),21.1702,72.8311,4.0,2006 Historic Tapi River Ukai Flood,2006-08-25T12:00,0.0,1006.0,20.4,36.0,0.462,0.463,0.467
surat_tapi,Surat,Gujarat,West Coast (Arabian Sea / Gulf of Khambhat),21.1702,72.8311,4.0,2006 Historic Tapi River Ukai Flood,2006-08-25T13:00,0.0,1006.3,20.6,33.5,0.462,0.463,0.467
surat_tapi,Surat,Gujarat,West Coast (Arabian Sea / Gulf of Khambhat),21.1702,72.8311,4.0,2006 Historic Tapi River Ukai Flood,2006-08-25T14:00,0.0,1006.4,22.3,32.0,0.462,0.463,0.467
surat_tapi,Surat,Gujarat,West Coast (Arabian Sea / Gulf of Khambhat),21.1702,72.8311,4.0,2006 Historic Tapi River Ukai Flood,2006-08-25T15:00,0.0,1006.7,23.7,33.5,0.461,0.463,0.467
surat_tapi,Surat,Gujarat,West Coast (Arabian Sea / Gulf of Khambhat),21.1702,72.8311,4.0,2006 Historic Tapi River Ukai Flood,2006-08-25T16:00,0.0,1007.4,23.5,34.2,0.461,0.463,0.467
surat_tapi,Surat,Gujarat,West Coast (Arabian Sea / Gulf of Khambhat),21.1702,72.8311,4.0,2006 Historic Tapi River Ukai Flood,2006-08-25T17:00,0.0,1007.7,22.1,33.8,0.461,0.463,0.467
surat_tapi,Surat,Gujarat,West Coast (Arabian Sea / Gulf of Khambhat),21.1702,72.8311,4.0,2006 Historic Tapi River Ukai Flood,2006-08-25T18:00,0.0,1007.8,21.3,32.4,0.461,0.463,0.466
surat_tapi,Surat,Gujarat,West Coast (Arabian Sea / Gulf of Khambhat),21.1702,72.8311,4.0,2006 Historic Tapi River Ukai Flood,2006-08-25T19:00,0.0,1007.5,21.3,31.7,0.461,0.463,0.466
surat_tapi,Surat,Gujarat,West Coast (Arabian Sea / Gulf of Khambhat),21.1702,72.8311,4.0,2006 Historic Tapi River Ukai Flood,2006-08-25T20:00,0.0,1007.0,20.5,31.3,0.462,0.463,0.466
surat_tapi,Surat,Gujarat,West Coast (Arabian Sea / Gulf of Khambhat),21.1702,72.8311,4.0,2006 Historic Tapi River Ukai Flood,2006-08-25T21:00,0.0,1006.7,20.7,31.0,0.462,0.463,0.466
surat_tapi,Surat,Gujarat,West Coast (Arabian Sea / Gulf of Khambhat),21.1702,72.8311,4.0,2006 Historic Tapi River Ukai Flood,2006-08-25T22:00,0.3,1006.2,21.1,31.7,0.464,0.463,0.466
surat_tapi,Surat,Gujarat,West Coast (Arabian Sea / Gulf of Khambhat),21.1702,72.8311,4.0,2006 Historic Tapi River Ukai Flood,2006-08-25T23:00,0.2,1006.4,19.6,32.4,0.465,0.463,0.466
surat_tapi,Surat,Gujarat,West Coast (Arabian Sea / Gulf of Khambhat),21.1702,72.8311,4.0,2019 Estuarine Tidal Surge,2019-08-01T00:00,0.3,1000.3,18.8,42.1,0.509,0.511,0.445
surat_tapi,Surat,Gujarat,West Coast (Arabian Sea / Gulf of Khambhat),21.1702,72.8311,4.0,2019 Estuarine Tidal Surge,2019-08-01T01:00,0.0,1000.8,18.4,33.5,0.506,0.509,0.445
surat_tapi,Surat,Gujarat,West Coast (Arabian Sea / Gulf of Khambhat),21.1702,72.8311,4.0,2019 Estuarine Tidal Surge,2019-08-01T02:00,0.1,1001.2,20.3,41.4,0.505,0.508,0.446
surat_tapi,Surat,Gujarat,West Coast (Arabian Sea / Gulf of Khambhat),21.1702,72.8311,4.0,2019 Estuarine Tidal Surge,2019-08-01T03:00,0.1,1002.0,21.9,46.1,0.503,0.507,0.446
surat_tapi,Surat,Gujarat,West Coast (Arabian Sea / Gulf of Khambhat),21.1702,72.8311,4.0,2019 Estuarine Tidal Surge,2019-08-01T04:00,0.2,1002.5,21.7,47.9,0.503,0.506,0.447
surat_tapi,Surat,Gujarat,West Coast (Arabian Sea / Gulf of Khambhat),21.1702,72.8311,4.0,2019 Estuarine Tidal Surge,2019-08-01T05:00,0.6,1002.6,23.5,50.4,0.505,0.505,0.447
surat_tapi,Surat,Gujarat,West Coast (Arabian Sea / Gulf of Khambhat),21.1702,72.8311,4.0,2019 Estuarine Tidal Surge,2019-08-01T06:00,0.2,1002.4,23.2,50.8,0.504,0.504,0.447
surat_tapi,Surat,Gujarat,West Coast (Arabian Sea / Gulf of Khambhat),21.1702,72.8311,4.0,2019 Estuarine Tidal Surge,2019-08-01T07:00,0.2,1001.7,25.9,51.5,0.503,0.503,0.448
surat_tapi,Surat,Gujarat,West Coast (Arabian Sea / Gulf of Khambhat),21.1702,72.8311,4.0,2019 Estuarine Tidal Surge,2019-08-01T08:00,0.6,1000.9,28.0,54.7,0.505,0.503,0.448
surat_tapi,Surat,Gujarat,West Coast (Arabian Sea / Gulf of Khambhat),21.1702,72.8311,4.0,2019 Estuarine Tidal Surge,2019-08-01T09:00,0.9,1000.3,24.6,53.6,0.51,0.502,0.448
surat_tapi,Surat,Gujarat,West Coast (Arabian Sea / Gulf of Khambhat),21.1702,72.8311,4.0,2019 Estuarine Tidal Surge,2019-08-01T10:00,1.1,999.7,23.0,47.5,0.514,0.503,0.448
surat_tapi,Surat,Gujarat,West Coast (Arabian Sea / Gulf of Khambhat),21.1702,72.8311,4.0,2019 Estuarine Tidal Surge,2019-08-01T11:00,0.4,999.3,26.1,48.2,0.511,0.504,0.449
surat_tapi,Surat,Gujarat,West Coast (Arabian Sea / Gulf of Khambhat),21.1702,72.8311,4.0,2019 Estuarine Tidal Surge,2019-08-01T12:00,0.3,999.5,24.1,49.7,0.507,0.503,0.449
surat_tapi,Surat,Gujarat,West Coast (Arabian Sea / Gulf of Khambhat),21.1702,72.8311,4.0,2019 Estuarine Tidal Surge,2019-08-01T13:00,0.4,1000.1,21.7,43.2,0.507,0.503,0.45
surat_tapi,Surat,Gujarat,West Coast (Arabian Sea / Gulf of Khambhat),21.1702,72.8311,4.0,2019 Estuarine Tidal Surge,2019-08-01T14:00,0.5,1000.4,21.3,37.8,0.509,0.503,0.45
surat_tapi,Surat,Gujarat,West Coast (Arabian Sea / Gulf of Khambhat),21.1702,72.8311,4.0,2019 Estuarine Tidal Surge,2019-08-01T15:00,0.9,1001.0,19.8,37.1,0.514,0.504,0.45
surat_tapi,Surat,Gujarat,West Coast (Arabian Sea / Gulf of Khambhat),21.1702,72.8311,4.0,2019 Estuarine Tidal Surge,2019-08-01T16:00,0.6,1001.7,21.3,36.4,0.515,0.505,0.45
surat_tapi,Surat,Gujarat,West Coast (Arabian Sea / Gulf of Khambhat),21.1702,72.8311,4.0,2019 Estuarine Tidal Surge,2019-08-01T17:00,1.1,1002.4,22.5,40.0,0.517,0.508,0.451
surat_tapi,Surat,Gujarat,West Coast (Arabian Sea / Gulf of Khambhat),21.1702,72.8311,4.0,2019 Estuarine Tidal Surge,2019-08-01T18:00,0.4,1002.2,20.0,39.2,0.514,0.509,0.451
surat_tapi,Surat,Gujarat,West Coast (Arabian Sea / Gulf of Khambhat),21.1702,72.8311,4.0,2019 Estuarine Tidal Surge,2019-08-01T19:00,0.2,1001.5,21.7,37.8,0.511,0.508,0.452
surat_tapi,Surat,Gujarat,West Coast (Arabian Sea / Gulf of Khambhat),21.1702,72.8311,4.0,2019 Estuarine Tidal Surge,2019-08-01T20:00,0.1,1000.8,21.3,37.8,0.508,0.508,0.452
surat_tapi,Surat,Gujarat,West Coast (Arabian Sea / Gulf of Khambhat),21.1702,72.8311,4.0,2019 Estuarine Tidal Surge,2019-08-01T21:00,0.3,1000.1,22.3,41.0,0.509,0.507,0.453
surat_tapi,Surat,Gujarat,West Coast (Arabian Sea / Gulf of Khambhat),21.1702,72.8311,4.0,2019 Estuarine Tidal Surge,2019-08-01T22:00,0.3,999.9,24.5,41.4,0.509,0.507,0.453
surat_tapi,Surat,Gujarat,West Coast (Arabian Sea / Gulf of Khambhat),21.1702,72.8311,4.0,2019 Estuarine Tidal Surge,2019-08-01T23:00,0.4,999.8,21.9,42.8,0.51,0.507,0.453
surat_tapi,Surat,Gujarat,West Coast (Arabian Sea / Gulf of Khambhat),21.1702,72.8311,4.0,2019 Estuarine Tidal Surge,2019-08-02T00:00,0.5,998.9,16.8,39.6,0.516,0.511,0.455
surat_tapi,Surat,Gujarat,West Coast (Arabian Sea / Gulf of Khambhat),21.1702,72.8311,4.0,2019 Estuarine Tidal Surge,2019-08-02T01:00,1.1,999.4,16.8,29.9,0.519,0.512,0.456
surat_tapi,Surat,Gujarat,West Coast (Arabian Sea / Gulf of Khambhat),21.1702,72.8311,4.0,2019 Estuarine Tidal Surge,2019-08-02T02:00,1.2,1000.4,16.4,30.2,0.512,0.516,0.457
surat_tapi,Surat,Gujarat,West Coast (Arabian Sea / Gulf of Khambhat),21.1702,72.8311,4.0,2019 Estuarine Tidal Surge,2019-08-02T03:00,2.0,1000.6,19.2,34.9,0.501,0.517,0.46
surat_tapi,Surat,Gujarat,West Coast (Arabian Sea / Gulf of Khambhat),21.1702,72.8311,4.0,2019 Estuarine Tidal Surge,2019-08-02T04:00,0.5,1000.7,20.7,37.4,0.503,0.514,0.461
surat_tapi,Surat,Gujarat,West Coast (Arabian Sea / Gulf of Khambhat),21.1702,72.8311,4.0,2019 Estuarine Tidal Surge,2019-08-02T05:00,0.3,1000.9,20.8,39.2,0.503,0.512,0.462
surat_tapi,Surat,Gujarat,West Coast (Arabian Sea / Gulf of Khambhat),21.1702,72.8311,4.0,2019 Estuarine Tidal Surge,2019-08-02T06:00,2.4,1000.7,22.9,42.8,0.508,0.517,0.462
surat_tapi,Surat,Gujarat,West Coast (Arabian Sea / Gulf of Khambhat),21.1702,72.8311,4.0,2019 Estuarine Tidal Surge,2019-08-02T07:00,1.1,1000.0,22.8,41.8,0.516,0.514,0.463
surat_tapi,Surat,Gujarat,West Coast (Arabian Sea / Gulf of Khambhat),21.1702,72.8311,4.0,2019 Estuarine Tidal Surge,2019-08-02T08:00,0.3,999.1,25.4,44.6,0.513,0.513,0.464
surat_tapi,Surat,Gujarat,West Coast (Arabian Sea / Gulf of Khambhat),21.1702,72.8311,4.0,2019 Estuarine Tidal Surge,2019-08-02T09:00,2.8,998.5,26.9,50.0,0.517,0.517,0.465
surat_tapi,Surat,Gujarat,West Coast (Arabian Sea / Gulf of Khambhat),21.1702,72.8311,4.0,2019 Estuarine Tidal Surge,2019-08-02T10:00,2.4,998.0,27.2,51.5,0.502,0.517,0.468
surat_tapi,Surat,Gujarat,West Coast (Arabian Sea / Gulf of Khambhat),21.1702,72.8311,4.0,2019 Estuarine Tidal Surge,2019-08-02T11:00,0.8,997.9,24.7,47.9,0.507,0.514,0.469
surat_tapi,Surat,Gujarat,West Coast (Arabian Sea / Gulf of Khambhat),21.1702,72.8311,4.0,2019 Estuarine Tidal Surge,2019-08-02T12:00,0.6,998.5,23.2,46.1,0.505,0.511,0.473
surat_tapi,Surat,Gujarat,West Coast (Arabian Sea / Gulf of Khambhat),21.1702,72.8311,4.0,2019 Estuarine Tidal Surge,2019-08-02T13:00,0.2,998.7,22.6,41.4,0.504,0.51,0.473
surat_tapi,Surat,Gujarat,West Coast (Arabian Sea / Gulf of Khambhat),21.1702,72.8311,4.0,2019 Estuarine Tidal Surge,2019-08-02T14:00,0.2,999.0,21.3,39.6,0.503,0.509,0.474
surat_tapi,Surat,Gujarat,West Coast (Arabian Sea / Gulf of Khambhat),21.1702,72.8311,4.0,2019 Estuarine Tidal Surge,2019-08-02T15:00,0.3,999.5,20.5,37.1,0.503,0.508,0.474
surat_tapi,Surat,Gujarat,West Coast (Arabian Sea / Gulf of Khambhat),21.1702,72.8311,4.0,2019 Estuarine Tidal Surge,2019-08-02T16:00,0.7,1000.0,21.3,37.1,0.508,0.508,0.475
surat_tapi,Surat,Gujarat,West Coast (Arabian Sea / Gulf of Khambhat),21.1702,72.8311,4.0,2019 Estuarine Tidal Surge,2019-08-02T17:00,1.5,1000.7,21.1,37.4,0.506,0.513,0.475
surat_tapi,Surat,Gujarat,West Coast (Arabian Sea / Gulf of Khambhat),21.1702,72.8311,4.0,2019 Estuarine Tidal Surge,2019-08-02T18:00,0.9,1000.5,21.7,37.8,0.513,0.513,0.476
surat_tapi,Surat,Gujarat,West Coast (Arabian Sea / Gulf of Khambhat),21.1702,72.8311,4.0,2019 Estuarine Tidal Surge,2019-08-02T19:00,1.1,1000.0,21.4,38.9,0.519,0.513,0.476
surat_tapi,Surat,Gujarat,West Coast (Arabian Sea / Gulf of Khambhat),21.1702,72.8311,4.0,2019 Estuarine Tidal Surge,2019-08-02T20:00,0.8,999.2,21.9,38.5,0.517,0.515,0.477
surat_tapi,Surat,Gujarat,West Coast (Arabian Sea / Gulf of Khambhat),21.1702,72.8311,4.0,2019 Estuarine Tidal Surge,2019-08-02T21:00,0.7,998.7,20.6,38.9,0.517,0.515,0.477
surat_tapi,Surat,Gujarat,West Coast (Arabian Sea / Gulf of Khambhat),21.1702,72.8311,4.0,2019 Estuarine Tidal Surge,2019-08-02T22:00,0.9,998.4,19.6,36.4,0.518,0.516,0.478
surat_tapi,Surat,Gujarat,West Coast (Arabian Sea / Gulf of Khambhat),21.1702,72.8311,4.0,2019 Estuarine Tidal Surge,2019-08-02T23:00,1.0,998.5,18.5,34.2,0.518,0.517,0.479
surat_tapi,Surat,Gujarat,West Coast (Arabian Sea / Gulf of Khambhat),21.1702,72.8311,4.0,2019 Estuarine Tidal Surge,2019-08-03T00:00,0.2,997.8,14.8,32.4,0.519,0.515,0.479
surat_tapi,Surat,Gujarat,West Coast (Arabian Sea / Gulf of Khambhat),21.1702,72.8311,4.0,2019 Estuarine Tidal Surge,2019-08-03T01:00,4.7,998.1,15.5,36.7,0.508,0.518,0.483
surat_tapi,Surat,Gujarat,West Coast (Arabian Sea / Gulf of Khambhat),21.1702,72.8311,4.0,2019 Estuarine Tidal Surge,2019-08-03T02:00,1.9,998.3,14.4,36.7,0.498,0.517,0.487
surat_tapi,Surat,Gujarat,West Coast (Arabian Sea / Gulf of Khambhat),21.1702,72.8311,4.0,2019 Estuarine Tidal Surge,2019-08-03T03:00,1.6,999.1,12.6,32.8,0.516,0.515,0.487
surat_tapi,Surat,Gujarat,West Coast (Arabian Sea / Gulf of Khambhat),21.1702,72.8311,4.0,2019 Estuarine Tidal Surge,2019-08-03T04:00,3.5,999.6,15.6,29.5,0.509,0.52,0.49
surat_tapi,Surat,Gujarat,West Coast (Arabian Sea / Gulf of Khambhat),21.1702,72.8311,4.0,2019 Estuarine Tidal Surge,2019-08-03T05:00,3.0,999.7,16.9,33.1,0.496,0.519,0.495
surat_tapi,Surat,Gujarat,West Coast (Arabian Sea / Gulf of Khambhat),21.1702,72.8311,4.0,2019 Estuarine Tidal Surge,2019-08-03T06:00,2.4,999.7,16.9,31.7,0.52,0.517,0.496
surat_tapi,Surat,Gujarat,West Coast (Arabian Sea / Gulf of Khambhat),21.1702,72.8311,4.0,2019 Estuarine Tidal Surge,2019-08-03T07:00,3.7,999.2,18.5,32.8,0.498,0.519,0.5
surat_tapi,Surat,Gujarat,West Coast (Arabian Sea / Gulf of Khambhat),21.1702,72.8311,4.0,2019 Estuarine Tidal Surge,2019-08-03T08:00,5.2,998.6,22.9,40.0,0.52,0.519,0.503
surat_tapi,Surat,Gujarat,West Coast (Arabian Sea / Gulf of Khambhat),21.1702,72.8311,4.0,2019 Estuarine Tidal Surge,2019-08-03T09:00,12.8,997.8,24.4,40.7,0.52,0.52,0.512
surat_tapi,Surat,Gujarat,West Coast (Arabian Sea / Gulf of Khambhat),21.1702,72.8311,4.0,2019 Estuarine Tidal Surge,2019-08-03T10:00,25.6,997.1,27.0,49.0,0.52,0.514,0.52
surat_tapi,Surat,Gujarat,West Coast (Arabian Sea / Gulf of Khambhat),21.1702,72.8311,4.0,2019 Estuarine Tidal Surge,2019-08-03T11:00,24.6,996.9,25.4,47.9,0.517,0.52,0.519
surat_tapi,Surat,Gujarat,West Coast (Arabian Sea / Gulf of Khambhat),21.1702,72.8311,4.0,2019 Estuarine Tidal Surge,2019-08-03T12:00,34.5,997.5,23.6,49.0,0.509,0.52,0.51
surat_tapi,Surat,Gujarat,West Coast (Arabian Sea / Gulf of Khambhat),21.1702,72.8311,4.0,2019 Estuarine Tidal Surge,2019-08-03T13:00,6.2,997.6,19.4,44.6,0.52,0.52,0.514
surat_tapi,Surat,Gujarat,West Coast (Arabian Sea / Gulf of Khambhat),21.1702,72.8311,4.0,2019 Estuarine Tidal Surge,2019-08-03T14:00,6.2,998.1,19.9,36.7,0.504,0.519,0.52
surat_tapi,Surat,Gujarat,West Coast (Arabian Sea / Gulf of Khambhat),21.1702,72.8311,4.0,2019 Estuarine Tidal Surge,2019-08-03T15:00,4.2,998.7,18.9,34.9,0.5,0.519,0.52
surat_tapi,Surat,Gujarat,West Coast (Arabian Sea / Gulf of Khambhat),21.1702,72.8311,4.0,2019 Estuarine Tidal Surge,2019-08-03T16:00,5.4,999.6,18.1,33.1,0.52,0.514,0.519
surat_tapi,Surat,Gujarat,West Coast (Arabian Sea / Gulf of Khambhat),21.1702,72.8311,4.0,2019 Estuarine Tidal Surge,2019-08-03T17:00,4.4,999.9,14.7,32.0,0.516,0.502,0.519
surat_tapi,Surat,Gujarat,West Coast (Arabian Sea / Gulf of Khambhat),21.1702,72.8311,4.0,2019 Estuarine Tidal Surge,2019-08-03T18:00,1.1,999.8,13.4,32.0,0.516,0.504,0.518
surat_tapi,Surat,Gujarat,West Coast (Arabian Sea / Gulf of Khambhat),21.1702,72.8311,4.0,2019 Estuarine Tidal Surge,2019-08-03T19:00,0.7,999.1,16.6,30.2,0.515,0.505,0.517
surat_tapi,Surat,Gujarat,West Coast (Arabian Sea / Gulf of Khambhat),21.1702,72.8311,4.0,2019 Estuarine Tidal Surge,2019-08-03T20:00,0.6,998.3,17.7,30.6,0.515,0.505,0.517
surat_tapi,Surat,Gujarat,West Coast (Arabian Sea / Gulf of Khambhat),21.1702,72.8311,4.0,2019 Estuarine Tidal Surge,2019-08-03T21:00,0.9,997.8,16.8,31.7,0.517,0.507,0.516
surat_tapi,Surat,Gujarat,West Coast (Arabian Sea / Gulf of Khambhat),21.1702,72.8311,4.0,2019 Estuarine Tidal Surge,2019-08-03T22:00,0.4,997.4,15.5,29.2,0.514,0.508,0.516
surat_tapi,Surat,Gujarat,West Coast (Arabian Sea / Gulf of Khambhat),21.1702,72.8311,4.0,2019 Estuarine Tidal Surge,2019-08-03T23:00,1.6,997.4,17.6,30.2,0.51,0.513,0.515
surat_tapi,Surat,Gujarat,West Coast (Arabian Sea / Gulf of Khambhat),21.1702,72.8311,4.0,2019 Estuarine Tidal Surge,2019-08-04T00:00,2.2,997.6,17.1,31.0,0.519,0.511,0.515
surat_tapi,Surat,Gujarat,West Coast (Arabian Sea / Gulf of Khambhat),21.1702,72.8311,4.0,2019 Estuarine Tidal Surge,2019-08-04T01:00,2.5,998.0,16.7,30.2,0.514,0.518,0.515
surat_tapi,Surat,Gujarat,West Coast (Arabian Sea / Gulf of Khambhat),21.1702,72.8311,4.0,2019 Estuarine Tidal Surge,2019-08-04T02:00,6.6,998.6,19.0,33.5,0.511,0.52,0.519
surat_tapi,Surat,Gujarat,West Coast (Arabian Sea / Gulf of Khambhat),21.1702,72.8311,4.0,2019 Estuarine Tidal Surge,2019-08-04T03:00,14.3,999.1,20.2,34.9,0.506,0.519,0.52
surat_tapi,Surat,Gujarat,West Coast (Arabian Sea / Gulf of Khambhat),21.1702,72.8311,4.0,2019 Estuarine Tidal Surge,2019-08-04T04:00,15.2,999.4,22.7,45.4,0.519,0.514,0.52
surat_tapi,Surat,Gujarat,West Coast (Arabian Sea / Gulf of Khambhat),21.1702,72.8311,4.0,2019 Estuarine Tidal Surge,2019-08-04T05:00,11.7,999.4,22.8,49.3,0.52,0.509,0.52
surat_tapi,Surat,Gujarat,West Coast (Arabian Sea / Gulf of Khambhat),21.1702,72.8311,4.0,2019 Estuarine Tidal Surge,2019-08-04T06:00,10.2,998.9,18.6,49.7,0.507,0.52,0.52
surat_tapi,Surat,Gujarat,West Coast (Arabian Sea / Gulf of Khambhat),21.1702,72.8311,4.0,2019 Estuarine Tidal Surge,2019-08-04T07:00,14.3,998.6,16.9,45.0,0.519,0.514,0.52
surat_tapi,Surat,Gujarat,West Coast (Arabian Sea / Gulf of Khambhat),21.1702,72.8311,4.0,2019 Estuarine Tidal Surge,2019-08-04T08:00,18.4,997.5,21.4,42.1,0.52,0.51,0.52
surat_tapi,Surat,Gujarat,West Coast (Arabian Sea / Gulf of Khambhat),21.1702,72.8311,4.0,2019 Estuarine Tidal Surge,2019-08-04T09:00,17.3,996.6,25.2,49.0,0.52,0.511,0.519
surat_tapi,Surat,Gujarat,West Coast (Arabian Sea / Gulf of Khambhat),21.1702,72.8311,4.0,2019 Estuarine Tidal Surge,2019-08-04T10:00,7.9,995.4,29.4,52.9,0.52,0.503,0.519
surat_tapi,Surat,Gujarat,West Coast (Arabian Sea / Gulf of Khambhat),21.1702,72.8311,4.0,2019 Estuarine Tidal Surge,2019-08-04T11:00,2.5,994.8,33.5,61.9,0.512,0.513,0.518
surat_tapi,Surat,Gujarat,West Coast (Arabian Sea / Gulf of Khambhat),21.1702,72.8311,4.0,2019 Estuarine Tidal Surge,2019-08-04T12:00,2.5,997.2,22.1,63.0,0.497,0.519,0.52
surat_tapi,Surat,Gujarat,West Coast (Arabian Sea / Gulf of Khambhat),21.1702,72.8311,4.0,2019 Estuarine Tidal Surge,2019-08-04T13:00,4.1,997.4,18.7,38.9,0.508,0.518,0.519
surat_tapi,Surat,Gujarat,West Coast (Arabian Sea / Gulf of Khambhat),21.1702,72.8311,4.0,2019 Estuarine Tidal Surge,2019-08-04T14:00,3.8,998.0,19.6,37.1,0.516,0.496,0.519
surat_tapi,Surat,Gujarat,West Coast (Arabian Sea / Gulf of Khambhat),21.1702,72.8311,4.0,2019 Estuarine Tidal Surge,2019-08-04T15:00,4.3,998.3,17.7,35.3,0.51,0.513,0.518
surat_tapi,Surat,Gujarat,West Coast (Arabian Sea / Gulf of Khambhat),21.1702,72.8311,4.0,2019 Estuarine Tidal Surge,2019-08-04T16:00,7.8,999.1,17.7,31.3,0.52,0.509,0.519
surat_tapi,Surat,Gujarat,West Coast (Arabian Sea / Gulf of Khambhat),21.1702,72.8311,4.0,2019 Estuarine Tidal Surge,2019-08-04T17:00,4.5,999.4,17.9,31.0,0.519,0.497,0.519
surat_tapi,Surat,Gujarat,West Coast (Arabian Sea / Gulf of Khambhat),21.1702,72.8311,4.0,2019 Estuarine Tidal Surge,2019-08-04T18:00,3.4,998.9,16.2,31.0,0.518,0.508,0.518
surat_tapi,Surat,Gujarat,West Coast (Arabian Sea / Gulf of Khambhat),21.1702,72.8311,4.0,2019 Estuarine Tidal Surge,2019-08-04T19:00,2.5,998.9,13.3,28.4,0.511,0.518,0.518
surat_tapi,Surat,Gujarat,West Coast (Arabian Sea / Gulf of Khambhat),21.1702,72.8311,4.0,2019 Estuarine Tidal Surge,2019-08-04T20:00,3.0,998.2,11.9,22.7,0.512,0.512,0.519
surat_tapi,Surat,Gujarat,West Coast (Arabian Sea / Gulf of Khambhat),21.1702,72.8311,4.0,2019 Estuarine Tidal Surge,2019-08-04T21:00,2.5,997.7,13.0,23.8,0.52,0.517,0.519
surat_tapi,Surat,Gujarat,West Coast (Arabian Sea / Gulf of Khambhat),21.1702,72.8311,4.0,2019 Estuarine Tidal Surge,2019-08-04T22:00,1.5,997.4,12.3,22.7,0.506,0.495,0.519
surat_tapi,Surat,Gujarat,West Coast (Arabian Sea / Gulf of Khambhat),21.1702,72.8311,4.0,2019 Estuarine Tidal Surge,2019-08-04T23:00,1.2,997.5,9.8,21.6,0.515,0.495,0.518
surat_tapi,Surat,Gujarat,West Coast (Arabian Sea / Gulf of Khambhat),21.1702,72.8311,4.0,2019 Estuarine Tidal Surge,2019-08-05T00:00,0.5,997.5,9.4,19.1,0.507,0.494,0.518
surat_tapi,Surat,Gujarat,West Coast (Arabian Sea / Gulf of Khambhat),21.1702,72.8311,4.0,2019 Estuarine Tidal Surge,2019-08-05T01:00,1.0,998.1,10.0,25.6,0.515,0.494,0.517
surat_tapi,Surat,Gujarat,West Coast (Arabian Sea / Gulf of Khambhat),21.1702,72.8311,4.0,2019 Estuarine Tidal Surge,2019-08-05T02:00,2.2,998.5,13.6,28.1,0.513,0.502,0.517
surat_tapi,Surat,Gujarat,West Coast (Arabian Sea / Gulf of Khambhat),21.1702,72.8311,4.0,2019 Estuarine Tidal Surge,2019-08-05T03:00,1.2,999.2,12.7,29.5,0.506,0.508,0.517
surat_tapi,Surat,Gujarat,West Coast (Arabian Sea / Gulf of Khambhat),21.1702,72.8311,4.0,2019 Estuarine Tidal Surge,2019-08-05T04:00,0.9,999.6,14.6,29.9,0.513,0.507,0.516
surat_tapi,Surat,Gujarat,West Coast (Arabian Sea / Gulf of Khambhat),21.1702,72.8311,4.0,2019 Estuarine Tidal Surge,2019-08-05T05:00,0.4,999.8,14.1,33.1,0.511,0.507,0.516
surat_tapi,Surat,Gujarat,West Coast (Arabian Sea / Gulf of Khambhat),21.1702,72.8311,4.0,2019 Estuarine Tidal Surge,2019-08-05T06:00,0.9,999.2,16.3,40.0,0.514,0.507,0.516
surat_tapi,Surat,Gujarat,West Coast (Arabian Sea / Gulf of Khambhat),21.1702,72.8311,4.0,2019 Estuarine Tidal Surge,2019-08-05T07:00,0.5,998.6,18.6,41.4,0.512,0.506,0.515
surat_tapi,Surat,Gujarat,West Coast (Arabian Sea / Gulf of Khambhat),21.1702,72.8311,4.0,2019 Estuarine Tidal Surge,2019-08-05T08:00,1.0,998.0,17.7,41.8,0.514,0.507,0.515
surat_tapi,Surat,Gujarat,West Coast (Arabian Sea / Gulf of Khambhat),21.1702,72.8311,4.0,2019 Estuarine Tidal Surge,2019-08-05T09:00,2.6,997.1,21.7,42.5,0.508,0.513,0.515
surat_tapi,Surat,Gujarat,West Coast (Arabian Sea / Gulf of Khambhat),21.1702,72.8311,4.0,2019 Estuarine Tidal Surge,2019-08-05T10:00,2.3,996.3,23.7,42.5,0.513,0.518,0.515
surat_tapi,Surat,Gujarat,West Coast (Arabian Sea / Gulf of Khambhat),21.1702,72.8311,4.0,2019 Estuarine Tidal Surge,2019-08-05T11:00,1.5,996.3,23.0,42.5,0.496,0.517,0.517
surat_tapi,Surat,Gujarat,West Coast (Arabian Sea / Gulf of Khambhat),21.1702,72.8311,4.0,2019 Estuarine Tidal Surge,2019-08-05T12:00,0.2,996.8,18.6,43.6,0.492,0.515,0.516
surat_tapi,Surat,Gujarat,West Coast (Arabian Sea / Gulf of Khambhat),21.1702,72.8311,4.0,2019 Estuarine Tidal Surge,2019-08-05T13:00,0.2,997.0,20.0,34.9,0.494,0.513,0.516
surat_tapi,Surat,Gujarat,West Coast (Arabian Sea / Gulf of Khambhat),21.1702,72.8311,4.0,2019 Estuarine Tidal Surge,2019-08-05T14:00,0.1,997.6,21.1,37.4,0.494,0.511,0.516
surat_tapi,Surat,Gujarat,West Coast (Arabian Sea / Gulf of Khambhat),21.1702,72.8311,4.0,2019 Estuarine Tidal Surge,2019-08-05T15:00,0.0,998.1,20.8,36.7,0.494,0.51,0.515
surat_tapi,Surat,Gujarat,West Coast (Arabian Sea / Gulf of Khambhat),21.1702,72.8311,4.0,2019 Estuarine Tidal Surge,2019-08-05T16:00,0.0,998.9,18.5,36.4,0.493,0.508,0.515
surat_tapi,Surat,Gujarat,West Coast (Arabian Sea / Gulf of Khambhat),21.1702,72.8311,4.0,2019 Estuarine Tidal Surge,2019-08-05T17:00,0.0,999.3,17.7,32.0,0.493,0.507,0.515
surat_tapi,Surat,Gujarat,West Coast (Arabian Sea / Gulf of Khambhat),21.1702,72.8311,4.0,2019 Estuarine Tidal Surge,2019-08-05T18:00,0.0,999.0,20.3,34.9,0.492,0.505,0.515
surat_tapi,Surat,Gujarat,West Coast (Arabian Sea / Gulf of Khambhat),21.1702,72.8311,4.0,2019 Estuarine Tidal Surge,2019-08-05T19:00,0.0,998.8,18.9,35.3,0.492,0.504,0.514
surat_tapi,Surat,Gujarat,West Coast (Arabian Sea / Gulf of Khambhat),21.1702,72.8311,4.0,2019 Estuarine Tidal Surge,2019-08-05T20:00,0.0,998.4,18.4,33.1,0.491,0.503,0.514
surat_tapi,Surat,Gujarat,West Coast (Arabian Sea / Gulf of Khambhat),21.1702,72.8311,4.0,2019 Estuarine Tidal Surge,2019-08-05T21:00,0.0,997.9,18.2,33.1,0.491,0.502,0.514
surat_tapi,Surat,Gujarat,West Coast (Arabian Sea / Gulf of Khambhat),21.1702,72.8311,4.0,2019 Estuarine Tidal Surge,2019-08-05T22:00,0.1,997.4,19.2,34.6,0.491,0.501,0.514
surat_tapi,Surat,Gujarat,West Coast (Arabian Sea / Gulf of Khambhat),21.1702,72.8311,4.0,2019 Estuarine Tidal Surge,2019-08-05T23:00,0.0,997.3,16.6,33.1,0.491,0.5,0.513
surat_tapi,Surat,Gujarat,West Coast (Arabian Sea / Gulf of Khambhat),21.1702,72.8311,4.0,2019 Estuarine Tidal Surge,2019-08-06T00:00,0.0,997.6,14.7,28.4,0.503,0.504,0.514
surat_tapi,Surat,Gujarat,West Coast (Arabian Sea / Gulf of Khambhat),21.1702,72.8311,4.0,2019 Estuarine Tidal Surge,2019-08-06T01:00,0.2,997.7,16.3,27.7,0.503,0.503,0.514
surat_tapi,Surat,Gujarat,West Coast (Arabian Sea / Gulf of Khambhat),21.1702,72.8311,4.0,2019 Estuarine Tidal Surge,2019-08-06T02:00,0.1,998.3,14.5,33.8,0.503,0.503,0.514
surat_tapi,Surat,Gujarat,West Coast (Arabian Sea / Gulf of Khambhat),21.1702,72.8311,4.0,2019 Estuarine Tidal Surge,2019-08-06T03:00,0.2,998.6,16.5,34.9,0.502,0.502,0.513
surat_tapi,Surat,Gujarat,West Coast (Arabian Sea / Gulf of Khambhat),21.1702,72.8311,4.0,2019 Estuarine Tidal Surge,2019-08-06T04:00,0.1,999.0,18.1,39.6,0.501,0.501,0.513
surat_tapi,Surat,Gujarat,West Coast (Arabian Sea / Gulf of Khambhat),21.1702,72.8311,4.0,2019 Estuarine Tidal Surge,2019-08-06T05:00,0.3,999.3,19.2,44.3,0.501,0.5,0.513
surat_tapi,Surat,Gujarat,West Coast (Arabian Sea / Gulf of Khambhat),21.1702,72.8311,4.0,2019 Estuarine Tidal Surge,2019-08-06T06:00,0.2,999.0,19.3,43.9,0.5,0.499,0.513
surat_tapi,Surat,Gujarat,West Coast (Arabian Sea / Gulf of Khambhat),21.1702,72.8311,4.0,2019 Estuarine Tidal Surge,2019-08-06T07:00,0.2,998.3,21.5,44.3,0.499,0.498,0.512
surat_tapi,Surat,Gujarat,West Coast (Arabian Sea / Gulf of Khambhat),21.1702,72.8311,4.0,2019 Estuarine Tidal Surge,2019-08-06T08:00,0.1,997.9,23.8,44.3,0.498,0.497,0.512
surat_tapi,Surat,Gujarat,West Coast (Arabian Sea / Gulf of Khambhat),21.1702,72.8311,4.0,2019 Estuarine Tidal Surge,2019-08-06T09:00,0.1,997.1,25.9,48.2,0.495,0.496,0.512
surat_tapi,Surat,Gujarat,West Coast (Arabian Sea / Gulf of Khambhat),21.1702,72.8311,4.0,2019 Estuarine Tidal Surge,2019-08-06T10:00,0.1,996.8,27.0,49.0,0.494,0.495,0.511
surat_tapi,Surat,Gujarat,West Coast (Arabian Sea / Gulf of Khambhat),21.1702,72.8311,4.0,2019 Estuarine Tidal Surge,2019-08-06T11:00,0.2,996.1,27.1,49.0,0.494,0.495,0.511
surat_tapi,Surat,Gujarat,West Coast (Arabian Sea / Gulf of Khambhat),21.1702,72.8311,4.0,2019 Estuarine Tidal Surge,2019-08-06T12:00,0.0,996.2,25.1,48.6,0.492,0.493,0.511
surat_tapi,Surat,Gujarat,West Coast (Arabian Sea / Gulf of Khambhat),21.1702,72.8311,4.0,2019 Estuarine Tidal Surge,2019-08-06T13:00,0.1,996.3,24.5,45.4,0.491,0.493,0.51
surat_tapi,Surat,Gujarat,West Coast (Arabian Sea / Gulf of Khambhat),21.1702,72.8311,4.0,2019 Estuarine Tidal Surge,2019-08-06T14:00,0.0,996.9,24.8,43.2,0.49,0.492,0.51
surat_tapi,Surat,Gujarat,West Coast (Arabian Sea / Gulf of Khambhat),21.1702,72.8311,4.0,2019 Estuarine Tidal Surge,2019-08-06T15:00,0.0,997.4,25.0,43.9,0.49,0.492,0.51
surat_tapi,Surat,Gujarat,West Coast (Arabian Sea / Gulf of Khambhat),21.1702,72.8311,4.0,2019 Estuarine Tidal Surge,2019-08-06T16:00,0.0,997.9,23.6,44.3,0.489,0.491,0.51
surat_tapi,Surat,Gujarat,West Coast (Arabian Sea / Gulf of Khambhat),21.1702,72.8311,4.0,2019 Estuarine Tidal Surge,2019-08-06T17:00,0.0,998.4,22.5,41.8,0.488,0.491,0.51
surat_tapi,Surat,Gujarat,West Coast (Arabian Sea / Gulf of Khambhat),21.1702,72.8311,4.0,2019 Estuarine Tidal Surge,2019-08-06T18:00,0.1,998.5,22.5,40.0,0.488,0.49,0.509
surat_tapi,Surat,Gujarat,West Coast (Arabian Sea / Gulf of Khambhat),21.1702,72.8311,4.0,2019 Estuarine Tidal Surge,2019-08-06T19:00,0.1,998.0,21.7,41.0,0.488,0.49,0.509
surat_tapi,Surat,Gujarat,West Coast (Arabian Sea / Gulf of Khambhat),21.1702,72.8311,4.0,2019 Estuarine Tidal Surge,2019-08-06T20:00,0.5,997.6,23.0,42.1,0.491,0.49,0.509
surat_tapi,Surat,Gujarat,West Coast (Arabian Sea / Gulf of Khambhat),21.1702,72.8311,4.0,2019 Estuarine Tidal Surge,2019-08-06T21:00,0.2,997.0,21.6,40.3,0.492,0.489,0.509
surat_tapi,Surat,Gujarat,West Coast (Arabian Sea / Gulf of Khambhat),21.1702,72.8311,4.0,2019 Estuarine Tidal Surge,2019-08-06T22:00,0.1,996.6,20.0,38.2,0.492,0.489,0.509
surat_tapi,Surat,Gujarat,West Coast (Arabian Sea / Gulf of Khambhat),21.1702,72.8311,4.0,2019 Estuarine Tidal Surge,2019-08-06T23:00,0.2,996.7,19.4,34.9,0.492,0.489,0.509
surat_tapi,Surat,Gujarat,West Coast (Arabian Sea / Gulf of Khambhat),21.1702,72.8311,4.0,2019 Estuarine Tidal Surge,2019-08-07T00:00,0.1,996.5,16.4,33.8,0.488,0.487,0.508
surat_tapi,Surat,Gujarat,West Coast (Arabian Sea / Gulf of Khambhat),21.1702,72.8311,4.0,2019 Estuarine Tidal Surge,2019-08-07T01:00,0.2,997.2,17.9,31.0,0.488,0.487,0.508
surat_tapi,Surat,Gujarat,West Coast (Arabian Sea / Gulf of Khambhat),21.1702,72.8311,4.0,2019 Estuarine Tidal Surge,2019-08-07T02:00,0.1,997.7,17.9,31.3,0.488,0.487,0.508
surat_tapi,Surat,Gujarat,West Coast (Arabian Sea / Gulf of Khambhat),21.1702,72.8311,4.0,2019 Estuarine Tidal Surge,2019-08-07T03:00,0.1,998.1,19.0,37.8,0.488,0.486,0.508
surat_tapi,Surat,Gujarat,West Coast (Arabian Sea / Gulf of Khambhat),21.1702,72.8311,4.0,2019 Estuarine Tidal Surge,2019-08-07T04:00,0.2,998.3,22.3,46.4,0.489,0.486,0.507
surat_tapi,Surat,Gujarat,West Coast (Arabian Sea / Gulf of Khambhat),21.1702,72.8311,4.0,2019 Estuarine Tidal Surge,2019-08-07T05:00,0.2,998.2,23.0,48.2,0.489,0.485,0.507
surat_tapi,Surat,Gujarat,West Coast (Arabian Sea / Gulf of Khambhat),21.1702,72.8311,4.0,2019 Estuarine Tidal Surge,2019-08-07T06:00,0.1,997.8,24.1,50.8,0.487,0.484,0.507
surat_tapi,Surat,Gujarat,West Coast (Arabian Sea / Gulf of Khambhat),21.1702,72.8311,4.0,2019 Estuarine Tidal Surge,2019-08-07T07:00,0.2,997.1,27.3,50.8,0.486,0.484,0.507
surat_tapi,Surat,Gujarat,West Coast (Arabian Sea / Gulf of Khambhat),21.1702,72.8311,4.0,2019 Estuarine Tidal Surge,2019-08-07T08:00,0.2,996.4,27.3,52.2,0.485,0.483,0.506
surat_tapi,Surat,Gujarat,West Coast (Arabian Sea / Gulf of Khambhat),21.1702,72.8311,4.0,2019 Estuarine Tidal Surge,2019-08-07T09:00,0.3,995.8,30.8,55.8,0.485,0.482,0.506
surat_tapi,Surat,Gujarat,West Coast (Arabian Sea / Gulf of Khambhat),21.1702,72.8311,4.0,2019 Estuarine Tidal Surge,2019-08-07T10:00,0.1,995.0,29.8,56.5,0.484,0.481,0.506
surat_tapi,Surat,Gujarat,West Coast (Arabian Sea / Gulf of Khambhat),21.1702,72.8311,4.0,2019 Estuarine Tidal Surge,2019-08-07T11:00,0.0,994.7,29.6,54.0,0.482,0.481,0.506
surat_tapi,Surat,Gujarat,West Coast (Arabian Sea / Gulf of Khambhat),21.1702,72.8311,4.0,2019 Estuarine Tidal Surge,2019-08-07T12:00,0.1,995.5,27.8,53.3,0.48,0.48,0.505
surat_tapi,Surat,Gujarat,West Coast (Arabian Sea / Gulf of Khambhat),21.1702,72.8311,4.0,2019 Estuarine Tidal Surge,2019-08-07T13:00,0.0,995.5,28.2,50.8,0.48,0.48,0.505
surat_tapi,Surat,Gujarat,West Coast (Arabian Sea / Gulf of Khambhat),21.1702,72.8311,4.0,2019 Estuarine Tidal Surge,2019-08-07T14:00,0.2,995.8,25.6,50.0,0.48,0.48,0.505
surat_tapi,Surat,Gujarat,West Coast (Arabian Sea / Gulf of Khambhat),21.1702,72.8311,4.0,2019 Estuarine Tidal Surge,2019-08-07T15:00,0.0,996.1,26.7,46.8,0.48,0.479,0.505
surat_tapi,Surat,Gujarat,West Coast (Arabian Sea / Gulf of Khambhat),21.1702,72.8311,4.0,2019 Estuarine Tidal Surge,2019-08-07T16:00,0.0,996.4,28.2,49.7,0.479,0.479,0.505
surat_tapi,Surat,Gujarat,West Coast (Arabian Sea / Gulf of Khambhat),21.1702,72.8311,4.0,2019 Estuarine Tidal Surge,2019-08-07T17:00,0.0,996.9,26.1,50.0,0.479,0.479,0.504
surat_tapi,Surat,Gujarat,West Coast (Arabian Sea / Gulf of Khambhat),21.1702,72.8311,4.0,2019 Estuarine Tidal Surge,2019-08-07T18:00,0.0,997.1,26.3,46.1,0.479,0.479,0.504
surat_tapi,Surat,Gujarat,West Coast (Arabian Sea / Gulf of Khambhat),21.1702,72.8311,4.0,2019 Estuarine Tidal Surge,2019-08-07T19:00,0.1,996.4,26.1,46.4,0.479,0.479,0.504
surat_tapi,Surat,Gujarat,West Coast (Arabian Sea / Gulf of Khambhat),21.1702,72.8311,4.0,2019 Estuarine Tidal Surge,2019-08-07T20:00,0.0,995.8,24.6,46.4,0.479,0.478,0.504
surat_tapi,Surat,Gujarat,West Coast (Arabian Sea / Gulf of Khambhat),21.1702,72.8311,4.0,2019 Estuarine Tidal Surge,2019-08-07T21:00,0.1,995.5,22.6,44.3,0.479,0.478,0.504
surat_tapi,Surat,Gujarat,West Coast (Arabian Sea / Gulf of Khambhat),21.1702,72.8311,4.0,2019 Estuarine Tidal Surge,2019-08-07T22:00,0.4,995.7,20.5,39.6,0.482,0.478,0.504
surat_tapi,Surat,Gujarat,West Coast (Arabian Sea / Gulf of Khambhat),21.1702,72.8311,4.0,2019 Estuarine Tidal Surge,2019-08-07T23:00,0.5,995.4,21.6,38.2,0.486,0.478,0.504
surat_tapi,Surat,Gujarat,West Coast (Arabian Sea / Gulf of Khambhat),21.1702,72.8311,4.0,2019 Estuarine Tidal Surge,2019-08-08T00:00,0.3,995.8,18.2,38.2,0.484,0.478,0.504
surat_tapi,Surat,Gujarat,West Coast (Arabian Sea / Gulf of Khambhat),21.1702,72.8311,4.0,2019 Estuarine Tidal Surge,2019-08-08T01:00,0.2,995.9,19.5,33.5,0.485,0.478,0.504
surat_tapi,Surat,Gujarat,West Coast (Arabian Sea / Gulf of Khambhat),21.1702,72.8311,4.0,2019 Estuarine Tidal Surge,2019-08-08T02:00,0.2,996.2,22.2,39.2,0.486,0.478,0.503
surat_tapi,Surat,Gujarat,West Coast (Arabian Sea / Gulf of Khambhat),21.1702,72.8311,4.0,2019 Estuarine Tidal Surge,2019-08-08T03:00,0.1,996.8,23.1,41.0,0.486,0.478,0.503
surat_tapi,Surat,Gujarat,West Coast (Arabian Sea / Gulf of Khambhat),21.1702,72.8311,4.0,2019 Estuarine Tidal Surge,2019-08-08T04:00,0.1,997.1,20.8,41.0,0.485,0.478,0.503
surat_tapi,Surat,Gujarat,West Coast (Arabian Sea / Gulf of Khambhat),21.1702,72.8311,4.0,2019 Estuarine Tidal Surge,2019-08-08T05:00,0.2,996.8,21.3,38.2,0.486,0.478,0.503
surat_tapi,Surat,Gujarat,West Coast (Arabian Sea / Gulf of Khambhat),21.1702,72.8311,4.0,2019 Estuarine Tidal Surge,2019-08-08T06:00,0.3,996.4,21.3,41.8,0.487,0.478,0.503
surat_tapi,Surat,Gujarat,West Coast (Arabian Sea / Gulf of Khambhat),21.1702,72.8311,4.0,2019 Estuarine Tidal Surge,2019-08-08T07:00,0.2,995.6,25.6,45.4,0.487,0.478,0.503
surat_tapi,Surat,Gujarat,West Coast (Arabian Sea / Gulf of Khambhat),21.1702,72.8311,4.0,2019 Estuarine Tidal Surge,2019-08-08T08:00,0.3,994.7,28.0,49.7,0.488,0.478,0.503
surat_tapi,Surat,Gujarat,West Coast (Arabian Sea / Gulf of Khambhat),21.1702,72.8311,4.0,2019 Estuarine Tidal Surge,2019-08-08T09:00,0.3,994.3,24.0,49.3,0.489,0.478,0.502
surat_tapi,Surat,Gujarat,West Coast (Arabian Sea / Gulf of Khambhat),21.1702,72.8311,4.0,2019 Estuarine Tidal Surge,2019-08-08T10:00,0.6,993.7,26.4,47.2,0.492,0.478,0.502
surat_tapi,Surat,Gujarat,West Coast (Arabian Sea / Gulf of Khambhat),21.1702,72.8311,4.0,2019 Estuarine Tidal Surge,2019-08-08T11:00,1.1,993.3,25.6,47.2,0.502,0.478,0.502
surat_tapi,Surat,Gujarat,West Coast (Arabian Sea / Gulf of Khambhat),21.1702,72.8311,4.0,2019 Estuarine Tidal Surge,2019-08-08T12:00,1.4,994.1,22.6,45.4,0.512,0.482,0.502
surat_tapi,Surat,Gujarat,West Coast (Arabian Sea / Gulf of Khambhat),21.1702,72.8311,4.0,2019 Estuarine Tidal Surge,2019-08-08T13:00,1.1,994.1,24.8,43.2,0.515,0.486,0.502
surat_tapi,Surat,Gujarat,West Coast (Arabian Sea / Gulf of Khambhat),21.1702,72.8311,4.0,2019 Estuarine Tidal Surge,2019-08-08T14:00,0.7,994.4,25.8,45.4,0.513,0.489,0.502
surat_tapi,Surat,Gujarat,West Coast (Arabian Sea / Gulf of Khambhat),21.1702,72.8311,4.0,2019 Estuarine Tidal Surge,2019-08-08T15:00,1.0,994.8,24.5,45.7,0.515,0.492,0.502
surat_tapi,Surat,Gujarat,West Coast (Arabian Sea / Gulf of Khambhat),21.1702,72.8311,4.0,2019 Estuarine Tidal Surge,2019-08-08T16:00,0.9,995.1,22.4,43.2,0.515,0.496,0.502
surat_tapi,Surat,Gujarat,West Coast (Arabian Sea / Gulf of Khambhat),21.1702,72.8311,4.0,2019 Estuarine Tidal Surge,2019-08-08T17:00,0.8,995.7,20.6,39.2,0.515,0.499,0.502
surat_tapi,Surat,Gujarat,West Coast (Arabian Sea / Gulf of Khambhat),21.1702,72.8311,4.0,2019 Estuarine Tidal Surge,2019-08-08T18:00,0.9,995.7,22.1,38.9,0.516,0.502,0.502
surat_tapi,Surat,Gujarat,West Coast (Arabian Sea / Gulf of Khambhat),21.1702,72.8311,4.0,2019 Estuarine Tidal Surge,2019-08-08T19:00,1.6,995.3,22.2,39.2,0.509,0.509,0.502
surat_tapi,Surat,Gujarat,West Coast (Arabian Sea / Gulf of Khambhat),21.1702,72.8311,4.0,2019 Estuarine Tidal Surge,2019-08-08T20:00,1.4,994.8,22.0,39.2,0.519,0.511,0.502
surat_tapi,Surat,Gujarat,West Coast (Arabian Sea / Gulf of Khambhat),21.1702,72.8311,4.0,2019 Estuarine Tidal Surge,2019-08-08T21:00,1.7,994.5,22.6,40.0,0.497,0.518,0.504
surat_tapi,Surat,Gujarat,West Coast (Arabian Sea / Gulf of Khambhat),21.1702,72.8311,4.0,2019 Estuarine Tidal Surge,2019-08-08T22:00,1.8,994.1,25.8,45.7,0.517,0.516,0.505
surat_tapi,Surat,Gujarat,West Coast (Arabian Sea / Gulf of Khambhat),21.1702,72.8311,4.0,2019 Estuarine Tidal Surge,2019-08-08T23:00,1.8,994.4,24.7,46.4,0.506,0.517,0.507
surat_tapi,Surat,Gujarat,West Coast (Arabian Sea / Gulf of Khambhat),21.1702,72.8311,4.0,2019 Estuarine Tidal Surge,2019-08-09T00:00,2.0,994.1,21.5,44.3,0.496,0.519,0.508
surat_tapi,Surat,Gujarat,West Coast (Arabian Sea / Gulf of Khambhat),21.1702,72.8311,4.0,2019 Estuarine Tidal Surge,2019-08-09T01:00,4.2,994.6,19.5,37.4,0.515,0.519,0.51
surat_tapi,Surat,Gujarat,West Coast (Arabian Sea / Gulf of Khambhat),21.1702,72.8311,4.0,2019 Estuarine Tidal Surge,2019-08-09T02:00,4.0,995.1,20.7,36.0,0.51,0.52,0.513
surat_tapi,Surat,Gujarat,West Coast (Arabian Sea / Gulf of Khambhat),21.1702,72.8311,4.0,2019 Estuarine Tidal Surge,2019-08-09T03:00,3.9,995.7,22.7,38.9,0.506,0.519,0.517
surat_tapi,Surat,Gujarat,West Coast (Arabian Sea / Gulf of Khambhat),21.1702,72.8311,4.0,2019 Estuarine Tidal Surge,2019-08-09T04:00,4.8,995.8,25.9,45.4,0.52,0.519,0.518
surat_tapi,Surat,Gujarat,West Coast (Arabian Sea / Gulf of Khambhat),21.1702,72.8311,4.0,2019 Estuarine Tidal Surge,2019-08-09T05:00,4.0,996.1,24.1,47.2,0.516,0.497,0.519
surat_tapi,Surat,Gujarat,West Coast (Arabian Sea / Gulf of Khambhat),21.1702,72.8311,4.0,2019 Estuarine Tidal Surge,2019-08-09T06:00,3.2,995.2,27.5,48.2,0.512,0.509,0.519
surat_tapi,Surat,Gujarat,West Coast (Arabian Sea / Gulf of Khambhat),21.1702,72.8311,4.0,2019 Estuarine Tidal Surge,2019-08-09T07:00,3.4,994.7,29.5,52.2,0.51,0.519,0.518
surat_tapi,Surat,Gujarat,West Coast (Arabian Sea / Gulf of Khambhat),21.1702,72.8311,4.0,2019 Estuarine Tidal Surge,2019-08-09T08:00,2.3,994.4,29.8,55.4,0.501,0.507,0.52
surat_tapi,Surat,Gujarat,West Coast (Arabian Sea / Gulf of Khambhat),21.1702,72.8311,4.0,2019 Estuarine Tidal Surge,2019-08-09T09:00,2.8,993.9,29.8,54.4,0.511,0.507,0.519
surat_tapi,Surat,Gujarat,West Coast (Arabian Sea / Gulf of Khambhat),21.1702,72.8311,4.0,2019 Estuarine Tidal Surge,2019-08-09T10:00,2.8,993.6,31.4,57.2,0.507,0.517,0.518
surat_tapi,Surat,Gujarat,West Coast (Arabian Sea / Gulf of Khambhat),21.1702,72.8311,4.0,2019 Estuarine Tidal Surge,2019-08-09T11:00,2.4,993.7,32.2,61.9,0.497,0.513,0.52
surat_tapi,Surat,Gujarat,West Coast (Arabian Sea / Gulf of Khambhat),21.1702,72.8311,4.0,2019 Estuarine Tidal Surge,2019-08-09T12:00,1.6,993.2,30.8,59.8,0.518,0.517,0.517
surat_tapi,Surat,Gujarat,West Coast (Arabian Sea / Gulf of Khambhat),21.1702,72.8311,4.0,2019 Estuarine Tidal Surge,2019-08-09T13:00,1.4,993.3,31.9,58.3,0.519,0.519,0.517
surat_tapi,Surat,Gujarat,West Coast (Arabian Sea / Gulf of Khambhat),21.1702,72.8311,4.0,2019 Estuarine Tidal Surge,2019-08-09T14:00,0.9,993.7,31.6,58.7,0.517,0.519,0.518
surat_tapi,Surat,Gujarat,West Coast (Arabian Sea / Gulf of Khambhat),21.1702,72.8311,4.0,2019 Estuarine Tidal Surge,2019-08-09T15:00,0.7,994.6,31.7,58.3,0.515,0.518,0.518
surat_tapi,Surat,Gujarat,West Coast (Arabian Sea / Gulf of Khambhat),21.1702,72.8311,4.0,2019 Estuarine Tidal Surge,2019-08-09T16:00,0.6,995.4,32.5,58.3,0.514,0.518,0.518
surat_tapi,Surat,Gujarat,West Coast (Arabian Sea / Gulf of Khambhat),21.1702,72.8311,4.0,2019 Estuarine Tidal Surge,2019-08-09T17:00,1.1,995.6,32.2,58.0,0.518,0.518,0.517
surat_tapi,Surat,Gujarat,West Coast (Arabian Sea / Gulf of Khambhat),21.1702,72.8311,4.0,2019 Estuarine Tidal Surge,2019-08-09T18:00,1.3,995.5,35.4,63.4,0.498,0.517,0.519
surat_tapi,Surat,Gujarat,West Coast (Arabian Sea / Gulf of Khambhat),21.1702,72.8311,4.0,2019 Estuarine Tidal Surge,2019-08-09T19:00,0.9,994.7,38.3,68.0,0.506,0.514,0.519
surat_tapi,Surat,Gujarat,West Coast (Arabian Sea / Gulf of Khambhat),21.1702,72.8311,4.0,2019 Estuarine Tidal Surge,2019-08-09T20:00,0.5,994.4,37.6,68.8,0.508,0.512,0.518
surat_tapi,Surat,Gujarat,West Coast (Arabian Sea / Gulf of Khambhat),21.1702,72.8311,4.0,2019 Estuarine Tidal Surge,2019-08-09T21:00,1.0,993.9,37.9,68.8,0.514,0.511,0.518
surat_tapi,Surat,Gujarat,West Coast (Arabian Sea / Gulf of Khambhat),21.1702,72.8311,4.0,2019 Estuarine Tidal Surge,2019-08-09T22:00,2.2,993.8,37.2,68.8,0.518,0.516,0.518
surat_tapi,Surat,Gujarat,West Coast (Arabian Sea / Gulf of Khambhat),21.1702,72.8311,4.0,2019 Estuarine Tidal Surge,2019-08-09T23:00,2.6,994.0,36.8,66.2,0.504,0.517,0.519
surat_tapi,Surat,Gujarat,West Coast (Arabian Sea / Gulf of Khambhat),21.1702,72.8311,4.0,2019 Estuarine Tidal Surge,2019-08-10T00:00,0.4,994.0,29.0,70.2,0.505,0.51,0.518
surat_tapi,Surat,Gujarat,West Coast (Arabian Sea / Gulf of Khambhat),21.1702,72.8311,4.0,2019 Estuarine Tidal Surge,2019-08-10T01:00,0.2,994.6,30.5,56.5,0.505,0.508,0.518
surat_tapi,Surat,Gujarat,West Coast (Arabian Sea / Gulf of Khambhat),21.1702,72.8311,4.0,2019 Estuarine Tidal Surge,2019-08-10T02:00,0.1,995.0,30.8,56.9,0.503,0.506,0.517
surat_tapi,Surat,Gujarat,West Coast (Arabian Sea / Gulf of Khambhat),21.1702,72.8311,4.0,2019 Estuarine Tidal Surge,2019-08-10T03:00,0.0,995.4,30.7,54.4,0.501,0.505,0.517
surat_tapi,Surat,Gujarat,West Coast (Arabian Sea / Gulf of Khambhat),21.1702,72.8311,4.0,2019 Estuarine Tidal Surge,2019-08-10T04:00,0.0,995.6,32.9,59.8,0.5,0.503,0.517
surat_tapi,Surat,Gujarat,West Coast (Arabian Sea / Gulf of Khambhat),21.1702,72.8311,4.0,2019 Estuarine Tidal Surge,2019-08-10T05:00,0.2,996.0,37.8,66.2,0.499,0.501,0.516
surat_tapi,Surat,Gujarat,West Coast (Arabian Sea / Gulf of Khambhat),21.1702,72.8311,4.0,2019 Estuarine Tidal Surge,2019-08-10T06:00,0.5,996.4,38.1,71.6,0.501,0.5,0.516
surat_tapi,Surat,Gujarat,West Coast (Arabian Sea / Gulf of Khambhat),21.1702,72.8311,4.0,2019 Estuarine Tidal Surge,2019-08-10T07:00,0.3,995.9,37.7,68.4,0.5,0.499,0.516
surat_tapi,Surat,Gujarat,West Coast (Arabian Sea / Gulf of Khambhat),21.1702,72.8311,4.0,2019 Estuarine Tidal Surge,2019-08-10T08:00,0.2,995.5,38.4,72.7,0.499,0.497,0.515
surat_tapi,Surat,Gujarat,West Coast (Arabian Sea / Gulf of Khambhat),21.1702,72.8311,4.0,2019 Estuarine Tidal Surge,2019-08-10T09:00,0.1,995.0,41.3,74.5,0.498,0.496,0.515
surat_tapi,Surat,Gujarat,West Coast (Arabian Sea / Gulf of Khambhat),21.1702,72.8311,4.0,2019 Estuarine Tidal Surge,2019-08-10T10:00,0.2,995.1,36.9,74.5,0.497,0.495,0.515
surat_tapi,Surat,Gujarat,West Coast (Arabian Sea / Gulf of Khambhat),21.1702,72.8311,4.0,2019 Estuarine Tidal Surge,2019-08-10T11:00,0.1,995.0,36.6,66.2,0.496,0.494,0.514
surat_tapi,Surat,Gujarat,West Coast (Arabian Sea / Gulf of Khambhat),21.1702,72.8311,4.0,2019 Estuarine Tidal Surge,2019-08-10T12:00,0.0,995.5,28.3,64.4,0.506,0.494,0.513
surat_tapi,Surat,Gujarat,West Coast (Arabian Sea / Gulf of Khambhat),21.1702,72.8311,4.0,2019 Estuarine Tidal Surge,2019-08-10T13:00,0.8,996.4,28.0,56.2,0.508,0.494,0.513
surat_tapi,Surat,Gujarat,West Coast (Arabian Sea / Gulf of Khambhat),21.1702,72.8311,4.0,2019 Estuarine Tidal Surge,2019-08-10T14:00,1.2,997.2,28.4,52.9,0.516,0.496,0.513
surat_tapi,Surat,Gujarat,West Coast (Arabian Sea / Gulf of Khambhat),21.1702,72.8311,4.0,2019 Estuarine Tidal Surge,2019-08-10T15:00,1.4,997.9,27.2,51.1,0.518,0.5,0.513
surat_tapi,Surat,Gujarat,West Coast (Arabian Sea / Gulf of Khambhat),21.1702,72.8311,4.0,2019 Estuarine Tidal Surge,2019-08-10T16:00,1.4,999.0,29.6,53.3,0.518,0.505,0.513
surat_tapi,Surat,Gujarat,West Coast (Arabian Sea / Gulf of Khambhat),21.1702,72.8311,4.0,2019 Estuarine Tidal Surge,2019-08-10T17:00,1.0,999.0,30.8,54.7,0.515,0.508,0.512
surat_tapi,Surat,Gujarat,West Coast (Arabian Sea / Gulf of Khambhat),21.1702,72.8311,4.0,2019 Estuarine Tidal Surge,2019-08-10T18:00,0.1,999.3,32.0,57.2,0.511,0.509,0.512
surat_tapi,Surat,Gujarat,West Coast (Arabian Sea / Gulf of Khambhat),21.1702,72.8311,4.0,2019 Estuarine Tidal Surge,2019-08-10T19:00,0.0,998.9,31.4,57.2,0.508,0.509,0.512
surat_tapi,Surat,Gujarat,West Coast (Arabian Sea / Gulf of Khambhat),21.1702,72.8311,4.0,2019 Estuarine Tidal Surge,2019-08-10T20:00,0.0,998.6,31.9,55.4,0.506,0.508,0.512
surat_tapi,Surat,Gujarat,West Coast (Arabian Sea / Gulf of Khambhat),21.1702,72.8311,4.0,2019 Estuarine Tidal Surge,2019-08-10T21:00,0.2,998.3,28.3,55.8,0.505,0.508,0.512
surat_tapi,Surat,Gujarat,West Coast (Arabian Sea / Gulf of Khambhat),21.1702,72.8311,4.0,2019 Estuarine Tidal Surge,2019-08-10T22:00,0.0,998.2,27.3,50.4,0.503,0.507,0.512
surat_tapi,Surat,Gujarat,West Coast (Arabian Sea / Gulf of Khambhat),21.1702,72.8311,4.0,2019 Estuarine Tidal Surge,2019-08-10T23:00,0.0,998.2,26.8,48.6,0.502,0.507,0.512
surat_tapi,Surat,Gujarat,West Coast (Arabian Sea / Gulf of Khambhat),21.1702,72.8311,4.0,2019 Estuarine Tidal Surge,2019-08-11T00:00,0.0,998.2,21.6,48.2,0.497,0.49,0.511
surat_tapi,Surat,Gujarat,West Coast (Arabian Sea / Gulf of Khambhat),21.1702,72.8311,4.0,2019 Estuarine Tidal Surge,2019-08-11T01:00,0.6,998.7,22.4,41.8,0.501,0.49,0.511
surat_tapi,Surat,Gujarat,West Coast (Arabian Sea / Gulf of Khambhat),21.1702,72.8311,4.0,2019 Estuarine Tidal Surge,2019-08-11T02:00,0.6,999.4,23.4,45.7,0.505,0.49,0.511
surat_tapi,Surat,Gujarat,West Coast (Arabian Sea / Gulf of Khambhat),21.1702,72.8311,4.0,2019 Estuarine Tidal Surge,2019-08-11T03:00,0.9,1000.1,23.2,43.9,0.511,0.491,0.511
surat_tapi,Surat,Gujarat,West Coast (Arabian Sea / Gulf of Khambhat),21.1702,72.8311,4.0,2019 Estuarine Tidal Surge,2019-08-11T04:00,1.5,1000.3,22.8,45.4,0.516,0.495,0.51
surat_tapi,Surat,Gujarat,West Coast (Arabian Sea / Gulf of Khambhat),21.1702,72.8311,4.0,2019 Estuarine Tidal Surge,2019-08-11T05:00,0.8,1000.5,21.9,42.8,0.513,0.497,0.51
surat_tapi,Surat,Gujarat,West Coast (Arabian Sea / Gulf of Khambhat),21.1702,72.8311,4.0,2019 Estuarine Tidal Surge,2019-08-11T06:00,0.9,1000.6,25.4,47.9,0.514,0.499,0.51
surat_tapi,Surat,Gujarat,West Coast (Arabian Sea / Gulf of Khambhat),21.1702,72.8311,4.0,2019 Estuarine Tidal Surge,2019-08-11T07:00,0.2,1000.2,25.9,47.2,0.509,0.5,0.51
surat_tapi,Surat,Gujarat,West Coast (Arabian Sea / Gulf of Khambhat),21.1702,72.8311,4.0,2019 Estuarine Tidal Surge,2019-08-11T08:00,0.1,999.6,28.9,51.8,0.506,0.5,0.51
surat_tapi,Surat,Gujarat,West Coast (Arabian Sea / Gulf of Khambhat),21.1702,72.8311,4.0,2019 Estuarine Tidal Surge,2019-08-11T09:00,0.1,999.0,30.4,55.8,0.504,0.499,0.51
surat_tapi,Surat,Gujarat,West Coast (Arabian Sea / Gulf of Khambhat),21.1702,72.8311,4.0,2019 Estuarine Tidal Surge,2019-08-11T10:00,0.1,998.7,29.3,54.7,0.501,0.499,0.51
surat_tapi,Surat,Gujarat,West Coast (Arabian Sea / Gulf of Khambhat),21.1702,72.8311,4.0,2019 Estuarine Tidal Surge,2019-08-11T11:00,0.2,998.3,26.7,52.9,0.501,0.498,0.509
surat_tapi,Surat,Gujarat,West Coast (Arabian Sea / Gulf of Khambhat),21.1702,72.8311,4.0,2019 Estuarine Tidal Surge,2019-08-11T12:00,0.3,999.2,21.7,49.3,0.495,0.491,0.506
surat_tapi,Surat,Gujarat,West Coast (Arabian Sea / Gulf of Khambhat),21.1702,72.8311,4.0,2019 Estuarine Tidal Surge,2019-08-11T13:00,0.0,999.4,21.3,38.9,0.493,0.491,0.506
surat_tapi,Surat,Gujarat,West Coast (Arabian Sea / Gulf of Khambhat),21.1702,72.8311,4.0,2019 Estuarine Tidal Surge,2019-08-11T14:00,0.1,999.6,19.9,38.2,0.493,0.491,0.506
surat_tapi,Surat,Gujarat,West Coast (Arabian Sea / Gulf of Khambhat),21.1702,72.8311,4.0,2019 Estuarine Tidal Surge,2019-08-11T15:00,0.1,1000.7,20.7,35.3,0.492,0.491,0.506
surat_tapi,Surat,Gujarat,West Coast (Arabian Sea / Gulf of Khambhat),21.1702,72.8311,4.0,2019 Estuarine Tidal Surge,2019-08-11T16:00,0.1,1001.6,19.1,37.4,0.492,0.49,0.506
surat_tapi,Surat,Gujarat,West Coast (Arabian Sea / Gulf of Khambhat),21.1702,72.8311,4.0,2019 Estuarine Tidal Surge,2019-08-11T17:00,0.1,1002.5,16.8,33.1,0.492,0.49,0.506
surat_tapi,Surat,Gujarat,West Coast (Arabian Sea / Gulf of Khambhat),21.1702,72.8311,4.0,2019 Estuarine Tidal Surge,2019-08-11T18:00,0.1,1002.3,18.6,32.0,0.492,0.49,0.506
surat_tapi,Surat,Gujarat,West Coast (Arabian Sea / Gulf of Khambhat),21.1702,72.8311,4.0,2019 Estuarine Tidal Surge,2019-08-11T19:00,0.2,1002.3,17.4,32.8,0.492,0.49,0.506
surat_tapi,Surat,Gujarat,West Coast (Arabian Sea / Gulf of Khambhat),21.1702,72.8311,4.0,2019 Estuarine Tidal Surge,2019-08-11T20:00,0.3,1001.9,19.6,35.6,0.493,0.49,0.506
surat_tapi,Surat,Gujarat,West Coast (Arabian Sea / Gulf of Khambhat),21.1702,72.8311,4.0,2019 Estuarine Tidal Surge,2019-08-11T21:00,0.3,1001.6,18.6,34.9,0.494,0.49,0.506
surat_tapi,Surat,Gujarat,West Coast (Arabian Sea / Gulf of Khambhat),21.1702,72.8311,4.0,2019 Estuarine Tidal Surge,2019-08-11T22:00,0.1,1001.3,17.3,32.4,0.494,0.489,0.505
surat_tapi,Surat,Gujarat,West Coast (Arabian Sea / Gulf of Khambhat),21.1702,72.8311,4.0,2019 Estuarine Tidal Surge,2019-08-11T23:00,0.1,1001.5,17.1,32.8,0.493,0.489,0.505
surat_tapi,Surat,Gujarat,West Coast (Arabian Sea / Gulf of Khambhat),21.1702,72.8311,4.0,2019 Estuarine Tidal Surge,2019-08-12T00:00,0.1,1001.2,11.5,31.3,0.49,0.489,0.506
surat_tapi,Surat,Gujarat,West Coast (Arabian Sea / Gulf of Khambhat),21.1702,72.8311,4.0,2019 Estuarine Tidal Surge,2019-08-12T01:00,0.2,1001.5,14.0,24.1,0.491,0.489,0.506
surat_tapi,Surat,Gujarat,West Coast (Arabian Sea / Gulf of Khambhat),21.1702,72.8311,4.0,2019 Estuarine Tidal Surge,2019-08-12T02:00,0.1,1002.0,14.6,30.2,0.491,0.489,0.506
surat_tapi,Surat,Gujarat,West Coast (Arabian Sea / Gulf of Khambhat),21.1702,72.8311,4.0,2019 Estuarine Tidal Surge,2019-08-12T03:00,0.1,1002.7,14.8,31.3,0.491,0.488,0.505
surat_tapi,Surat,Gujarat,West Coast (Arabian Sea / Gulf of Khambhat),21.1702,72.8311,4.0,2019 Estuarine Tidal Surge,2019-08-12T04:00,0.1,1003.1,15.8,36.0,0.49,0.488,0.505
surat_tapi,Surat,Gujarat,West Coast (Arabian Sea / Gulf of Khambhat),21.1702,72.8311,4.0,2019 Estuarine Tidal Surge,2019-08-12T05:00,0.1,1003.3,14.5,36.4,0.489,0.488,0.505
surat_tapi,Surat,Gujarat,West Coast (Arabian Sea / Gulf of Khambhat),21.1702,72.8311,4.0,2019 Estuarine Tidal Surge,2019-08-12T06:00,0.1,1003.0,15.8,39.2,0.487,0.487,0.505
surat_tapi,Surat,Gujarat,West Coast (Arabian Sea / Gulf of Khambhat),21.1702,72.8311,4.0,2019 Estuarine Tidal Surge,2019-08-12T07:00,0.0,1002.5,16.6,39.6,0.485,0.486,0.505
surat_tapi,Surat,Gujarat,West Coast (Arabian Sea / Gulf of Khambhat),21.1702,72.8311,4.0,2019 Estuarine Tidal Surge,2019-08-12T08:00,0.2,1001.7,17.9,39.6,0.483,0.485,0.504
surat_tapi,Surat,Gujarat,West Coast (Arabian Sea / Gulf of Khambhat),21.1702,72.8311,4.0,2019 Estuarine Tidal Surge,2019-08-12T09:00,0.1,1000.9,19.9,39.6,0.482,0.484,0.504
surat_tapi,Surat,Gujarat,West Coast (Arabian Sea / Gulf of Khambhat),21.1702,72.8311,4.0,2019 Estuarine Tidal Surge,2019-08-12T10:00,0.0,1000.4,20.6,40.0,0.479,0.483,0.504
surat_tapi,Surat,Gujarat,West Coast (Arabian Sea / Gulf of Khambhat),21.1702,72.8311,4.0,2019 Estuarine Tidal Surge,2019-08-12T11:00,0.0,1000.3,20.6,40.0,0.478,0.482,0.504
surat_tapi,Surat,Gujarat,West Coast (Arabian Sea / Gulf of Khambhat),21.1702,72.8311,4.0,2019 Estuarine Tidal Surge,2019-08-12T12:00,0.0,1000.5,15.8,39.2,0.474,0.481,0.505
surat_tapi,Surat,Gujarat,West Coast (Arabian Sea / Gulf of Khambhat),21.1702,72.8311,4.0,2019 Estuarine Tidal Surge,2019-08-12T13:00,0.0,1000.6,14.3,29.9,0.473,0.481,0.505
surat_tapi,Surat,Gujarat,West Coast (Arabian Sea / Gulf of Khambhat),21.1702,72.8311,4.0,2019 Estuarine Tidal Surge,2019-08-12T14:00,0.0,1001.0,12.8,25.9,0.473,0.481,0.504
surat_tapi,Surat,Gujarat,West Coast (Arabian Sea / Gulf of Khambhat),21.1702,72.8311,4.0,2019 Estuarine Tidal Surge,2019-08-12T15:00,0.0,1001.8,12.6,22.7,0.472,0.48,0.504
surat_tapi,Surat,Gujarat,West Coast (Arabian Sea / Gulf of Khambhat),21.1702,72.8311,4.0,2019 Estuarine Tidal Surge,2019-08-12T16:00,0.0,1002.5,12.8,22.3,0.472,0.48,0.504
surat_tapi,Surat,Gujarat,West Coast (Arabian Sea / Gulf of Khambhat),21.1702,72.8311,4.0,2019 Estuarine Tidal Surge,2019-08-12T17:00,0.0,1002.7,13.0,22.7,0.472,0.48,0.504
surat_tapi,Surat,Gujarat,West Coast (Arabian Sea / Gulf of Khambhat),21.1702,72.8311,4.0,2019 Estuarine Tidal Surge,2019-08-12T18:00,0.1,1002.7,14.3,24.5,0.473,0.479,0.504
surat_tapi,Surat,Gujarat,West Coast (Arabian Sea / Gulf of Khambhat),21.1702,72.8311,4.0,2019 Estuarine Tidal Surge,2019-08-12T19:00,0.1,1002.5,15.9,27.7,0.473,0.479,0.504
surat_tapi,Surat,Gujarat,West Coast (Arabian Sea / Gulf of Khambhat),21.1702,72.8311,4.0,2019 Estuarine Tidal Surge,2019-08-12T20:00,0.2,1001.7,12.6,27.7,0.474,0.479,0.504
surat_tapi,Surat,Gujarat,West Coast (Arabian Sea / Gulf of Khambhat),21.1702,72.8311,4.0,2019 Estuarine Tidal Surge,2019-08-12T21:00,0.1,1001.1,14.5,24.8,0.475,0.478,0.504
surat_tapi,Surat,Gujarat,West Coast (Arabian Sea / Gulf of Khambhat),21.1702,72.8311,4.0,2019 Estuarine Tidal Surge,2019-08-12T22:00,0.1,1001.0,14.6,25.2,0.475,0.478,0.504
surat_tapi,Surat,Gujarat,West Coast (Arabian Sea / Gulf of Khambhat),21.1702,72.8311,4.0,2019 Estuarine Tidal Surge,2019-08-12T23:00,0.1,1001.2,15.3,27.0,0.476,0.478,0.504
surat_tapi,Surat,Gujarat,West Coast (Arabian Sea / Gulf of Khambhat),21.1702,72.8311,4.0,2019 Estuarine Tidal Surge,2019-08-13T00:00,0.2,1001.3,9.4,27.0,0.473,0.477,0.503
surat_tapi,Surat,Gujarat,West Coast (Arabian Sea / Gulf of Khambhat),21.1702,72.8311,4.0,2019 Estuarine Tidal Surge,2019-08-13T01:00,0.1,1001.7,9.8,19.4,0.474,0.477,0.503
surat_tapi,Surat,Gujarat,West Coast (Arabian Sea / Gulf of Khambhat),21.1702,72.8311,4.0,2019 Estuarine Tidal Surge,2019-08-13T02:00,0.0,1002.0,7.7,21.6,0.474,0.477,0.503
surat_tapi,Surat,Gujarat,West Coast (Arabian Sea / Gulf of Khambhat),21.1702,72.8311,4.0,2019 Estuarine Tidal Surge,2019-08-13T03:00,0.0,1002.6,9.2,24.5,0.474,0.476,0.503
surat_tapi,Surat,Gujarat,West Coast (Arabian Sea / Gulf of Khambhat),21.1702,72.8311,4.0,2019 Estuarine Tidal Surge,2019-08-13T04:00,0.0,1002.9,11.5,28.4,0.473,0.476,0.503
surat_tapi,Surat,Gujarat,West Coast (Arabian Sea / Gulf of Khambhat),21.1702,72.8311,4.0,2019 Estuarine Tidal Surge,2019-08-13T05:00,0.0,1003.3,12.8,30.2,0.472,0.475,0.503
surat_tapi,Surat,Gujarat,West Coast (Arabian Sea / Gulf of Khambhat),21.1702,72.8311,4.0,2019 Estuarine Tidal Surge,2019-08-13T06:00,0.0,1003.4,14.5,33.1,0.47,0.474,0.503
surat_tapi,Surat,Gujarat,West Coast (Arabian Sea / Gulf of Khambhat),21.1702,72.8311,4.0,2019 Estuarine Tidal Surge,2019-08-13T07:00,0.1,1002.7,17.3,35.3,0.468,0.473,0.502
surat_tapi,Surat,Gujarat,West Coast (Arabian Sea / Gulf of Khambhat),21.1702,72.8311,4.0,2019 Estuarine Tidal Surge,2019-08-13T08:00,0.0,1001.6,19.4,39.6,0.465,0.472,0.502
surat_tapi,Surat,Gujarat,West Coast (Arabian Sea / Gulf of Khambhat),21.1702,72.8311,4.0,2019 Estuarine Tidal Surge,2019-08-13T09:00,0.1,1001.1,20.4,41.4,0.463,0.471,0.502
surat_tapi,Surat,Gujarat,West Coast (Arabian Sea / Gulf of Khambhat),21.1702,72.8311,4.0,2019 Estuarine Tidal Surge,2019-08-13T10:00,0.1,1000.8,21.6,41.8,0.462,0.47,0.501
surat_tapi,Surat,Gujarat,West Coast (Arabian Sea / Gulf of Khambhat),21.1702,72.8311,4.0,2019 Estuarine Tidal Surge,2019-08-13T11:00,0.0,1000.6,22.7,42.1,0.46,0.469,0.501
surat_tapi,Surat,Gujarat,West Coast (Arabian Sea / Gulf of Khambhat),21.1702,72.8311,4.0,2019 Estuarine Tidal Surge,2019-08-13T12:00,0.0,1000.9,18.8,43.6,0.46,0.469,0.501
surat_tapi,Surat,Gujarat,West Coast (Arabian Sea / Gulf of Khambhat),21.1702,72.8311,4.0,2019 Estuarine Tidal Surge,2019-08-13T13:00,0.0,1000.9,17.3,34.6,0.46,0.469,0.501
surat_tapi,Surat,Gujarat,West Coast (Arabian Sea / Gulf of Khambhat),21.1702,72.8311,4.0,2019 Estuarine Tidal Surge,2019-08-13T14:00,0.0,1001.4,16.6,31.3,0.46,0.468,0.501
surat_tapi,Surat,Gujarat,West Coast (Arabian Sea / Gulf of Khambhat),21.1702,72.8311,4.0,2019 Estuarine Tidal Surge,2019-08-13T15:00,0.0,1002.4,15.8,29.2,0.459,0.468,0.501
surat_tapi,Surat,Gujarat,West Coast (Arabian Sea / Gulf of Khambhat),21.1702,72.8311,4.0,2019 Estuarine Tidal Surge,2019-08-13T16:00,0.0,1003.1,15.8,27.7,0.459,0.468,0.501
surat_tapi,Surat,Gujarat,West Coast (Arabian Sea / Gulf of Khambhat),21.1702,72.8311,4.0,2019 Estuarine Tidal Surge,2019-08-13T17:00,0.0,1003.3,15.6,27.7,0.459,0.468,0.501
surat_tapi,Surat,Gujarat,West Coast (Arabian Sea / Gulf of Khambhat),21.1702,72.8311,4.0,2019 Estuarine Tidal Surge,2019-08-13T18:00,0.0,1003.3,15.9,27.7,0.459,0.468,0.501
surat_tapi,Surat,Gujarat,West Coast (Arabian Sea / Gulf of Khambhat),21.1702,72.8311,4.0,2019 Estuarine Tidal Surge,2019-08-13T19:00,0.0,1002.6,16.6,28.8,0.459,0.467,0.501
surat_tapi,Surat,Gujarat,West Coast (Arabian Sea / Gulf of Khambhat),21.1702,72.8311,4.0,2019 Estuarine Tidal Surge,2019-08-13T20:00,0.0,1002.1,16.8,29.5,0.459,0.467,0.501
surat_tapi,Surat,Gujarat,West Coast (Arabian Sea / Gulf of Khambhat),21.1702,72.8311,4.0,2019 Estuarine Tidal Surge,2019-08-13T21:00,0.1,1001.6,16.4,29.2,0.46,0.467,0.5
surat_tapi,Surat,Gujarat,West Coast (Arabian Sea / Gulf of Khambhat),21.1702,72.8311,4.0,2019 Estuarine Tidal Surge,2019-08-13T22:00,0.1,1001.6,16.5,28.4,0.46,0.467,0.5
surat_tapi,Surat,Gujarat,West Coast (Arabian Sea / Gulf of Khambhat),21.1702,72.8311,4.0,2019 Estuarine Tidal Surge,2019-08-13T23:00,0.2,1001.5,15.0,28.4,0.462,0.467,0.5
surat_tapi,Surat,Gujarat,West Coast (Arabian Sea / Gulf of Khambhat),21.1702,72.8311,4.0,2019 Estuarine Tidal Surge,2019-08-14T00:00,0.2,1001.7,11.3,25.6,0.461,0.467,0.501
surat_tapi,Surat,Gujarat,West Coast (Arabian Sea / Gulf of Khambhat),21.1702,72.8311,4.0,2019 Estuarine Tidal Surge,2019-08-14T01:00,0.1,1002.0,12.0,21.6,0.461,0.467,0.501
surat_tapi,Surat,Gujarat,West Coast (Arabian Sea / Gulf of Khambhat),21.1702,72.8311,4.0,2019 Estuarine Tidal Surge,2019-08-14T02:00,0.2,1002.7,12.2,22.0,0.462,0.466,0.501
surat_tapi,Surat,Gujarat,West Coast (Arabian Sea / Gulf of Khambhat),21.1702,72.8311,4.0,2019 Estuarine Tidal Surge,2019-08-14T03:00,0.0,1003.1,12.1,22.3,0.462,0.466,0.501
surat_tapi,Surat,Gujarat,West Coast (Arabian Sea / Gulf of Khambhat),21.1702,72.8311,4.0,2019 Estuarine Tidal Surge,2019-08-14T04:00,0.1,1003.5,16.3,30.6,0.462,0.466,0.5
surat_tapi,Surat,Gujarat,West Coast (Arabian Sea / Gulf of Khambhat),21.1702,72.8311,4.0,2019 Estuarine Tidal Surge,2019-08-14T05:00,0.2,1003.8,18.6,34.9,0.463,0.465,0.5
surat_tapi,Surat,Gujarat,West Coast (Arabian Sea / Gulf of Khambhat),21.1702,72.8311,4.0,2019 Estuarine Tidal Surge,2019-08-14T06:00,0.1,1003.8,20.2,37.1,0.463,0.465,0.5
surat_tapi,Surat,Gujarat,West Coast (Arabian Sea / Gulf of Khambhat),21.1702,72.8311,4.0,2019 Estuarine Tidal Surge,2019-08-14T07:00,0.1,1003.5,20.7,39.2,0.462,0.465,0.5
surat_tapi,Surat,Gujarat,West Coast (Arabian Sea / Gulf of Khambhat),21.1702,72.8311,4.0,2019 Estuarine Tidal Surge,2019-08-14T08:00,0.4,1002.6,19.5,39.6,0.464,0.464,0.5
surat_tapi,Surat,Gujarat,West Coast (Arabian Sea / Gulf of Khambhat),21.1702,72.8311,4.0,2019 Estuarine Tidal Surge,2019-08-14T09:00,0.5,1002.0,19.4,38.5,0.467,0.464,0.5
surat_tapi,Surat,Gujarat,West Coast (Arabian Sea / Gulf of Khambhat),21.1702,72.8311,4.0,2019 Estuarine Tidal Surge,2019-08-14T10:00,0.2,1001.2,20.7,40.0,0.468,0.464,0.499
surat_tapi,Surat,Gujarat,West Coast (Arabian Sea / Gulf of Khambhat),21.1702,72.8311,4.0,2019 Estuarine Tidal Surge,2019-08-14T11:00,0.0,1000.9,21.7,40.3,0.468,0.464,0.499
surat_tapi,Surat,Gujarat,West Coast (Arabian Sea / Gulf of Khambhat),21.1702,72.8311,4.0,2019 Estuarine Tidal Surge,2019-08-14T12:00,0.0,1001.5,14.8,39.6,0.466,0.463,0.499
surat_tapi,Surat,Gujarat,West Coast (Arabian Sea / Gulf of Khambhat),21.1702,72.8311,4.0,2019 Estuarine Tidal Surge,2019-08-14T13:00,0.1,1001.8,15.3,28.4,0.466,0.463,0.499
surat_tapi,Surat,Gujarat,West Coast (Arabian Sea / Gulf of Khambhat),21.1702,72.8311,4.0,2019 Estuarine Tidal Surge,2019-08-14T14:00,0.0,1002.5,13.8,26.3,0.466,0.463,0.499
surat_tapi,Surat,Gujarat,West Coast (Arabian Sea / Gulf of Khambhat),21.1702,72.8311,4.0,2019 Estuarine Tidal Surge,2019-08-14T15:00,0.0,1003.4,15.5,26.6,0.465,0.463,0.499
surat_tapi,Surat,Gujarat,West Coast (Arabian Sea / Gulf of Khambhat),21.1702,72.8311,4.0,2019 Estuarine Tidal Surge,2019-08-14T16:00,0.1,1004.0,16.8,29.5,0.466,0.463,0.499
surat_tapi,Surat,Gujarat,West Coast (Arabian Sea / Gulf of Khambhat),21.1702,72.8311,4.0,2019 Estuarine Tidal Surge,2019-08-14T17:00,0.3,1004.6,16.8,29.5,0.468,0.463,0.499
surat_tapi,Surat,Gujarat,West Coast (Arabian Sea / Gulf of Khambhat),21.1702,72.8311,4.0,2019 Estuarine Tidal Surge,2019-08-14T18:00,0.5,1004.5,17.1,30.6,0.471,0.463,0.499
surat_tapi,Surat,Gujarat,West Coast (Arabian Sea / Gulf of Khambhat),21.1702,72.8311,4.0,2019 Estuarine Tidal Surge,2019-08-14T19:00,0.5,1003.9,18.4,32.0,0.477,0.463,0.499
surat_tapi,Surat,Gujarat,West Coast (Arabian Sea / Gulf of Khambhat),21.1702,72.8311,4.0,2019 Estuarine Tidal Surge,2019-08-14T20:00,0.5,1003.1,18.4,35.3,0.482,0.463,0.499
surat_tapi,Surat,Gujarat,West Coast (Arabian Sea / Gulf of Khambhat),21.1702,72.8311,4.0,2019 Estuarine Tidal Surge,2019-08-14T21:00,0.3,1002.8,16.4,32.4,0.484,0.464,0.499
surat_tapi,Surat,Gujarat,West Coast (Arabian Sea / Gulf of Khambhat),21.1702,72.8311,4.0,2019 Estuarine Tidal Surge,2019-08-14T22:00,0.3,1002.3,16.4,32.0,0.486,0.464,0.498
surat_tapi,Surat,Gujarat,West Coast (Arabian Sea / Gulf of Khambhat),21.1702,72.8311,4.0,2019 Estuarine Tidal Surge,2019-08-14T23:00,0.2,1002.3,16.2,29.5,0.486,0.464,0.498
surat_tapi,Surat,Gujarat,West Coast (Arabian Sea / Gulf of Khambhat),21.1702,72.8311,4.0,2019 Estuarine Tidal Surge,2019-08-15T00:00,0.1,1002.7,10.8,28.4,0.489,0.464,0.499
surat_tapi,Surat,Gujarat,West Coast (Arabian Sea / Gulf of Khambhat),21.1702,72.8311,4.0,2019 Estuarine Tidal Surge,2019-08-15T01:00,0.1,1003.3,13.0,24.5,0.488,0.464,0.499
surat_tapi,Surat,Gujarat,West Coast (Arabian Sea / Gulf of Khambhat),21.1702,72.8311,4.0,2019 Estuarine Tidal Surge,2019-08-15T02:00,0.6,1003.6,15.1,31.3,0.493,0.465,0.499
surat_tapi,Surat,Gujarat,West Coast (Arabian Sea / Gulf of Khambhat),21.1702,72.8311,4.0,2019 Estuarine Tidal Surge,2019-08-15T03:00,0.4,1004.2,14.7,29.2,0.495,0.466,0.499
surat_tapi,Surat,Gujarat,West Coast (Arabian Sea / Gulf of Khambhat),21.1702,72.8311,4.0,2019 Estuarine Tidal Surge,2019-08-15T04:00,0.3,1004.4,17.7,36.7,0.494,0.466,0.499
surat_tapi,Surat,Gujarat,West Coast (Arabian Sea / Gulf of Khambhat),21.1702,72.8311,4.0,2019 Estuarine Tidal Surge,2019-08-15T05:00,0.2,1004.5,17.9,38.2,0.493,0.467,0.499
surat_tapi,Surat,Gujarat,West Coast (Arabian Sea / Gulf of Khambhat),21.1702,72.8311,4.0,2019 Estuarine Tidal Surge,2019-08-15T06:00,0.0,1004.2,20.3,41.8,0.49,0.467,0.499
surat_tapi,Surat,Gujarat,West Coast (Arabian Sea / Gulf of Khambhat),21.1702,72.8311,4.0,2019 Estuarine Tidal Surge,2019-08-15T07:00,0.0,1003.7,21.5,43.6,0.486,0.467,0.498
surat_tapi,Surat,Gujarat,West Coast (Arabian Sea / Gulf of Khambhat),21.1702,72.8311,4.0,2019 Estuarine Tidal Surge,2019-08-15T08:00,0.1,1003.0,23.7,44.6,0.485,0.467,0.498
surat_tapi,Surat,Gujarat,West Coast (Arabian Sea / Gulf of Khambhat),21.1702,72.8311,4.0,2019 Estuarine Tidal Surge,2019-08-15T09:00,0.0,1002.4,22.7,45.7,0.482,0.467,0.498
surat_tapi,Surat,Gujarat,West Coast (Arabian Sea / Gulf of Khambhat),21.1702,72.8311,4.0,2019 Estuarine Tidal Surge,2019-08-15T10:00,0.2,1002.0,23.3,44.3,0.482,0.466,0.498
surat_tapi,Surat,Gujarat,West Coast (Arabian Sea / Gulf of Khambhat),21.1702,72.8311,4.0,2019 Estuarine Tidal Surge,2019-08-15T11:00,0.2,1001.4,23.0,44.3,0.482,0.467,0.498
surat_tapi,Surat,Gujarat,West Coast (Arabian Sea / Gulf of Khambhat),21.1702,72.8311,4.0,2019 Estuarine Tidal Surge,2019-08-15T12:00,0.1,1001.6,19.0,42.1,0.48,0.466,0.498
surat_tapi,Surat,Gujarat,West Coast (Arabian Sea / Gulf of Khambhat),21.1702,72.8311,4.0,2019 Estuarine Tidal Surge,2019-08-15T13:00,0.0,1002.0,18.4,33.8,0.479,0.466,0.498
surat_tapi,Surat,Gujarat,West Coast (Arabian Sea / Gulf of Khambhat),21.1702,72.8311,4.0,2019 Estuarine Tidal Surge,2019-08-15T14:00,0.0,1002.4,18.0,32.0,0.478,0.466,0.498
surat_tapi,Surat,Gujarat,West Coast (Arabian Sea / Gulf of Khambhat),21.1702,72.8311,4.0,2019 Estuarine Tidal Surge,2019-08-15T15:00,0.0,1002.8,18.4,31.7,0.477,0.467,0.498
surat_tapi,Surat,Gujarat,West Coast (Arabian Sea / Gulf of Khambhat),21.1702,72.8311,4.0,2019 Estuarine Tidal Surge,2019-08-15T16:00,0.0,1003.3,18.8,32.8,0.477,0.467,0.497
surat_tapi,Surat,Gujarat,West Coast (Arabian Sea / Gulf of Khambhat),21.1702,72.8311,4.0,2019 Estuarine Tidal Surge,2019-08-15T17:00,0.0,1003.9,19.1,33.8,0.476,0.467,0.497
surat_tapi,Surat,Gujarat,West Coast (Arabian Sea / Gulf of Khambhat),21.1702,72.8311,4.0,2019 Estuarine Tidal Surge,2019-08-15T18:00,0.0,1003.8,18.9,33.5,0.475,0.467,0.497
surat_tapi,Surat,Gujarat,West Coast (Arabian Sea / Gulf of Khambhat),21.1702,72.8311,4.0,2019 Estuarine Tidal Surge,2019-08-15T19:00,0.0,1003.4,20.7,36.4,0.475,0.467,0.497
surat_tapi,Surat,Gujarat,West Coast (Arabian Sea / Gulf of Khambhat),21.1702,72.8311,4.0,2019 Estuarine Tidal Surge,2019-08-15T20:00,0.2,1003.1,19.3,36.4,0.476,0.467,0.497
surat_tapi,Surat,Gujarat,West Coast (Arabian Sea / Gulf of Khambhat),21.1702,72.8311,4.0,2019 Estuarine Tidal Surge,2019-08-15T21:00,0.5,1002.7,19.8,34.2,0.479,0.467,0.497
surat_tapi,Surat,Gujarat,West Coast (Arabian Sea / Gulf of Khambhat),21.1702,72.8311,4.0,2019 Estuarine Tidal Surge,2019-08-15T22:00,0.7,1002.3,20.0,35.6,0.487,0.467,0.497
surat_tapi,Surat,Gujarat,West Coast (Arabian Sea / Gulf of Khambhat),21.1702,72.8311,4.0,2019 Estuarine Tidal Surge,2019-08-15T23:00,0.3,1002.1,19.2,34.9,0.488,0.468,0.497
surat_tapi,Surat,Gujarat,West Coast (Arabian Sea / Gulf of Khambhat),21.1702,72.8311,4.0,2019 Estuarine Tidal Surge,2019-08-16T00:00,0.1,1002.0,16.2,34.9,0.492,0.469,0.497
surat_tapi,Surat,Gujarat,West Coast (Arabian Sea / Gulf of Khambhat),21.1702,72.8311,4.0,2019 Estuarine Tidal Surge,2019-08-16T01:00,0.8,1002.5,17.1,32.0,0.499,0.47,0.497
surat_tapi,Surat,Gujarat,West Coast (Arabian Sea / Gulf of Khambhat),21.1702,72.8311,4.0,2019 Estuarine Tidal Surge,2019-08-16T02:00,0.3,1002.9,15.9,30.2,0.499,0.471,0.497
surat_tapi,Surat,Gujarat,West Coast (Arabian Sea / Gulf of Khambhat),21.1702,72.8311,4.0,2019 Estuarine Tidal Surge,2019-08-16T03:00,0.4,1003.2,17.7,33.5,0.5,0.472,0.497
surat_tapi,Surat,Gujarat,West Coast (Arabian Sea / Gulf of Khambhat),21.1702,72.8311,4.0,2019 Estuarine Tidal Surge,2019-08-16T04:00,0.3,1003.5,20.0,38.9,0.499,0.473,0.497
surat_tapi,Surat,Gujarat,West Coast (Arabian Sea / Gulf of Khambhat),21.1702,72.8311,4.0,2019 Estuarine Tidal Surge,2019-08-16T05:00,1.2,1003.4,23.3,43.9,0.508,0.474,0.497
surat_tapi,Surat,Gujarat,West Coast (Arabian Sea / Gulf of Khambhat),21.1702,72.8311,4.0,2019 Estuarine Tidal Surge,2019-08-16T06:00,1.1,1003.5,22.8,46.8,0.509,0.477,0.497
surat_tapi,Surat,Gujarat,West Coast (Arabian Sea / Gulf of Khambhat),21.1702,72.8311,4.0,2019 Estuarine Tidal Surge,2019-08-16T07:00,1.5,1003.0,25.6,52.6,0.51,0.481,0.497
surat_tapi,Surat,Gujarat,West Coast (Arabian Sea / Gulf of Khambhat),21.1702,72.8311,4.0,2019 Estuarine Tidal Surge,2019-08-16T08:00,0.4,1002.1,25.8,51.8,0.506,0.483,0.496
surat_tapi,Surat,Gujarat,West Coast (Arabian Sea / Gulf of Khambhat),21.1702,72.8311,4.0,2019 Estuarine Tidal Surge,2019-08-16T09:00,0.3,1001.4,27.4,51.8,0.503,0.484,0.496
surat_tapi,Surat,Gujarat,West Coast (Arabian Sea / Gulf of Khambhat),21.1702,72.8311,4.0,2019 Estuarine Tidal Surge,2019-08-16T10:00,0.1,1000.9,28.9,53.6,0.499,0.484,0.496
surat_tapi,Surat,Gujarat,West Coast (Arabian Sea / Gulf of Khambhat),21.1702,72.8311,4.0,2019 Estuarine Tidal Surge,2019-08-16T11:00,0.1,1000.7,26.3,53.6,0.496,0.484,0.496
surat_tapi,Surat,Gujarat,West Coast (Arabian Sea / Gulf of Khambhat),21.1702,72.8311,4.0,2019 Estuarine Tidal Surge,2019-08-16T12:00,0.0,1000.9,22.8,48.6,0.494,0.478,0.497
surat_tapi,Surat,Gujarat,West Coast (Arabian Sea / Gulf of Khambhat),21.1702,72.8311,4.0,2019 Estuarine Tidal Surge,2019-08-16T13:00,0.1,1001.1,21.0,41.4,0.492,0.479,0.497
surat_tapi,Surat,Gujarat,West Coast (Arabian Sea / Gulf of Khambhat),21.1702,72.8311,4.0,2019 Estuarine Tidal Surge,2019-08-16T14:00,0.0,1001.3,19.5,37.1,0.491,0.479,0.497
surat_tapi,Surat,Gujarat,West Coast (Arabian Sea / Gulf of Khambhat),21.1702,72.8311,4.0,2019 Estuarine Tidal Surge,2019-08-16T15:00,0.0,1002.1,18.4,34.6,0.489,0.479,0.497
surat_tapi,Surat,Gujarat,West Coast (Arabian Sea / Gulf of Khambhat),21.1702,72.8311,4.0,2019 Estuarine Tidal Surge,2019-08-16T16:00,0.1,1002.7,18.4,32.4,0.489,0.479,0.497
surat_tapi,Surat,Gujarat,West Coast (Arabian Sea / Gulf of Khambhat),21.1702,72.8311,4.0,2019 Estuarine Tidal Surge,2019-08-16T17:00,0.1,1003.5,18.0,32.4,0.488,0.479,0.497
surat_tapi,Surat,Gujarat,West Coast (Arabian Sea / Gulf of Khambhat),21.1702,72.8311,4.0,2019 Estuarine Tidal Surge,2019-08-16T18:00,0.2,1003.6,19.9,34.9,0.488,0.479,0.497
surat_tapi,Surat,Gujarat,West Coast (Arabian Sea / Gulf of Khambhat),21.1702,72.8311,4.0,2019 Estuarine Tidal Surge,2019-08-16T19:00,0.4,1003.6,19.4,35.3,0.49,0.48,0.497
surat_tapi,Surat,Gujarat,West Coast (Arabian Sea / Gulf of Khambhat),21.1702,72.8311,4.0,2019 Estuarine Tidal Surge,2019-08-16T20:00,0.2,1003.0,18.1,33.5,0.49,0.48,0.496
surat_tapi,Surat,Gujarat,West Coast (Arabian Sea / Gulf of Khambhat),21.1702,72.8311,4.0,2019 Estuarine Tidal Surge,2019-08-16T21:00,0.1,1002.4,16.8,32.0,0.49,0.48,0.496
surat_tapi,Surat,Gujarat,West Coast (Arabian Sea / Gulf of Khambhat),21.1702,72.8311,4.0,2019 Estuarine Tidal Surge,2019-08-16T22:00,0.1,1001.9,19.8,35.3,0.49,0.48,0.496
surat_tapi,Surat,Gujarat,West Coast (Arabian Sea / Gulf of Khambhat),21.1702,72.8311,4.0,2019 Estuarine Tidal Surge,2019-08-16T23:00,0.2,1001.8,19.7,34.6,0.49,0.48,0.496
surat_tapi,Surat,Gujarat,West Coast (Arabian Sea / Gulf of Khambhat),21.1702,72.8311,4.0,2019 Estuarine Tidal Surge,2019-08-17T00:00,0.2,1001.8,17.1,33.8,0.495,0.48,0.496
surat_tapi,Surat,Gujarat,West Coast (Arabian Sea / Gulf of Khambhat),21.1702,72.8311,4.0,2019 Estuarine Tidal Surge,2019-08-17T01:00,0.2,1002.0,16.1,29.9,0.495,0.48,0.496
surat_tapi,Surat,Gujarat,West Coast (Arabian Sea / Gulf of Khambhat),21.1702,72.8311,4.0,2019 Estuarine Tidal Surge,2019-08-17T02:00,0.1,1002.7,16.6,30.6,0.494,0.481,0.496
surat_tapi,Surat,Gujarat,West Coast (Arabian Sea / Gulf of Khambhat),21.1702,72.8311,4.0,2019 Estuarine Tidal Surge,2019-08-17T03:00,0.1,1003.1,16.1,32.0,0.493,0.481,0.496
surat_tapi,Surat,Gujarat,West Coast (Arabian Sea / Gulf of Khambhat),21.1702,72.8311,4.0,2019 Estuarine Tidal Surge,2019-08-17T04:00,0.2,1003.4,19.0,38.2,0.493,0.481,0.496
surat_tapi,Surat,Gujarat,West Coast (Arabian Sea / Gulf of Khambhat),21.1702,72.8311,4.0,2019 Estuarine Tidal Surge,2019-08-17T05:00,0.1,1003.5,20.7,41.8,0.492,0.481,0.496
surat_tapi,Surat,Gujarat,West Coast (Arabian Sea / Gulf of Khambhat),21.1702,72.8311,4.0,2019 Estuarine Tidal Surge,2019-08-17T06:00,0.1,1003.7,21.7,43.6,0.49,0.481,0.495
surat_tapi,Surat,Gujarat,West Coast (Arabian Sea / Gulf of Khambhat),21.1702,72.8311,4.0,2019 Estuarine Tidal Surge,2019-08-17T07:00,0.2,1003.1,21.4,44.6,0.488,0.48,0.495
surat_tapi,Surat,Gujarat,West Coast (Arabian Sea / Gulf of Khambhat),21.1702,72.8311,4.0,2019 Estuarine Tidal Surge,2019-08-17T08:00,0.1,1002.7,20.9,41.4,0.486,0.48,0.495
surat_tapi,Surat,Gujarat,West Coast (Arabian Sea / Gulf of Khambhat),21.1702,72.8311,4.0,2019 Estuarine Tidal Surge,2019-08-17T09:00,0.0,1002.0,23.5,44.6,0.483,0.479,0.495
surat_tapi,Surat,Gujarat,West Coast (Arabian Sea / Gulf of Khambhat),21.1702,72.8311,4.0,2019 Estuarine Tidal Surge,2019-08-17T10:00,0.3,1001.4,24.4,46.4,0.483,0.479,0.495
surat_tapi,Surat,Gujarat,West Coast (Arabian Sea / Gulf of Khambhat),21.1702,72.8311,4.0,2019 Estuarine Tidal Surge,2019-08-17T11:00,0.1,1001.3,24.2,46.1,0.481,0.478,0.495
surat_tapi,Surat,Gujarat,West Coast (Arabian Sea / Gulf of Khambhat),21.1702,72.8311,4.0,2019 Estuarine Tidal Surge,2019-08-17T12:00,0.1,1001.6,21.3,45.0,0.483,0.478,0.495
surat_tapi,Surat,Gujarat,West Coast (Arabian Sea / Gulf of Khambhat),21.1702,72.8311,4.0,2019 Estuarine Tidal Surge,2019-08-17T13:00,0.0,1001.8,18.9,38.5,0.482,0.478,0.494
surat_tapi,Surat,Gujarat,West Coast (Arabian Sea / Gulf of Khambhat),21.1702,72.8311,4.0,2019 Estuarine Tidal Surge,2019-08-17T14:00,0.0,1002.5,17.1,33.5,0.482,0.478,0.494
surat_tapi,Surat,Gujarat,West Coast (Arabian Sea / Gulf of Khambhat),21.1702,72.8311,4.0,2019 Estuarine Tidal Surge,2019-08-17T15:00,0.0,1003.0,16.1,29.9,0.481,0.478,0.494
surat_tapi,Surat,Gujarat,West Coast (Arabian Sea / Gulf of Khambhat),21.1702,72.8311,4.0,2019 Estuarine Tidal Surge,2019-08-17T16:00,0.1,1003.8,16.1,28.8,0.481,0.478,0.494
surat_tapi,Surat,Gujarat,West Coast (Arabian Sea / Gulf of Khambhat),21.1702,72.8311,4.0,2019 Estuarine Tidal Surge,2019-08-17T17:00,0.1,1004.7,14.8,28.1,0.481,0.478,0.494
surat_tapi,Surat,Gujarat,West Coast (Arabian Sea / Gulf of Khambhat),21.1702,72.8311,4.0,2019 Estuarine Tidal Surge,2019-08-17T18:00,0.2,1004.9,15.9,27.4,0.482,0.478,0.494
surat_tapi,Surat,Gujarat,West Coast (Arabian Sea / Gulf of Khambhat),21.1702,72.8311,4.0,2019 Estuarine Tidal Surge,2019-08-17T19:00,0.2,1004.6,16.9,29.2,0.482,0.478,0.494
surat_tapi,Surat,Gujarat,West Coast (Arabian Sea / Gulf of Khambhat),21.1702,72.8311,4.0,2019 Estuarine Tidal Surge,2019-08-17T20:00,0.2,1004.4,15.7,29.9,0.483,0.478,0.494
surat_tapi,Surat,Gujarat,West Coast (Arabian Sea / Gulf of Khambhat),21.1702,72.8311,4.0,2019 Estuarine Tidal Surge,2019-08-17T21:00,0.2,1004.0,16.4,30.2,0.484,0.478,0.494
surat_tapi,Surat,Gujarat,West Coast (Arabian Sea / Gulf of Khambhat),21.1702,72.8311,4.0,2019 Estuarine Tidal Surge,2019-08-17T22:00,0.2,1003.7,14.8,30.2,0.485,0.478,0.494
surat_tapi,Surat,Gujarat,West Coast (Arabian Sea / Gulf of Khambhat),21.1702,72.8311,4.0,2019 Estuarine Tidal Surge,2019-08-17T23:00,0.2,1003.6,14.1,30.6,0.486,0.478,0.494
surat_tapi,Surat,Gujarat,West Coast (Arabian Sea / Gulf of Khambhat),21.1702,72.8311,4.0,2019 Estuarine Tidal Surge,2019-08-18T00:00,0.3,1003.8,13.0,27.4,0.492,0.479,0.493
surat_tapi,Surat,Gujarat,West Coast (Arabian Sea / Gulf of Khambhat),21.1702,72.8311,4.0,2019 Estuarine Tidal Surge,2019-08-18T01:00,0.2,1004.1,16.1,28.8,0.493,0.479,0.493
surat_tapi,Surat,Gujarat,West Coast (Arabian Sea / Gulf of Khambhat),21.1702,72.8311,4.0,2019 Estuarine Tidal Surge,2019-08-18T02:00,0.1,1004.5,15.4,27.7,0.493,0.479,0.493
surat_tapi,Surat,Gujarat,West Coast (Arabian Sea / Gulf of Khambhat),21.1702,72.8311,4.0,2019 Estuarine Tidal Surge,2019-08-18T03:00,0.1,1005.1,15.6,32.4,0.492,0.48,0.493
surat_tapi,Surat,Gujarat,West Coast (Arabian Sea / Gulf of Khambhat),21.1702,72.8311,4.0,2019 Estuarine Tidal Surge,2019-08-18T04:00,0.2,1005.7,16.0,36.0,0.491,0.48,0.493
surat_tapi,Surat,Gujarat,West Coast (Arabian Sea / Gulf of Khambhat),21.1702,72.8311,4.0,2019 Estuarine Tidal Surge,2019-08-18T05:00,0.1,1005.8,15.3,34.2,0.49,0.48,0.493
surat_tapi,Surat,Gujarat,West Coast (Arabian Sea / Gulf of Khambhat),21.1702,72.8311,4.0,2019 Estuarine Tidal Surge,2019-08-18T06:00,0.2,1006.0,14.8,36.4,0.488,0.479,0.493
surat_tapi,Surat,Gujarat,West Coast (Arabian Sea / Gulf of Khambhat),21.1702,72.8311,4.0,2019 Estuarine Tidal Surge,2019-08-18T07:00,0.5,1005.5,15.9,38.2,0.49,0.479,0.493
surat_tapi,Surat,Gujarat,West Coast (Arabian Sea / Gulf of Khambhat),21.1702,72.8311,4.0,2019 Estuarine Tidal Surge,2019-08-18T08:00,0.1,1004.9,17.3,38.9,0.488,0.479,0.493
surat_tapi,Surat,Gujarat,West Coast (Arabian Sea / Gulf of Khambhat),21.1702,72.8311,4.0,2019 Estuarine Tidal Surge,2019-08-18T09:00,0.3,1004.2,20.1,39.6,0.487,0.478,0.493
surat_tapi,Surat,Gujarat,West Coast (Arabian Sea / Gulf of Khambhat),21.1702,72.8311,4.0,2019 Estuarine Tidal Surge,2019-08-18T10:00,0.1,1003.7,21.2,41.4,0.485,0.478,0.492
surat_tapi,Surat,Gujarat,West Coast (Arabian Sea / Gulf of Khambhat),21.1702,72.8311,4.0,2019 Estuarine Tidal Surge,2019-08-18T11:00,0.0,1003.6,19.9,40.3,0.483,0.477,0.492
surat_tapi,Surat,Gujarat,West Coast (Arabian Sea / Gulf of Khambhat),21.1702,72.8311,4.0,2019 Estuarine Tidal Surge,2019-08-18T12:00,0.0,1003.6,18.1,37.8,0.477,0.477,0.492
surat_tapi,Surat,Gujarat,West Coast (Arabian Sea / Gulf of Khambhat),21.1702,72.8311,4.0,2019 Estuarine Tidal Surge,2019-08-18T13:00,0.0,1003.7,15.8,33.1,0.476,0.476,0.492
surat_tapi,Surat,Gujarat,West Coast (Arabian Sea / Gulf of Khambhat),21.1702,72.8311,4.0,2019 Estuarine Tidal Surge,2019-08-18T14:00,0.0,1004.4,13.3,27.7,0.476,0.476,0.492
surat_tapi,Surat,Gujarat,West Coast (Arabian Sea / Gulf of Khambhat),21.1702,72.8311,4.0,2019 Estuarine Tidal Surge,2019-08-18T15:00,0.0,1005.2,12.6,23.0,0.476,0.476,0.492
surat_tapi,Surat,Gujarat,West Coast (Arabian Sea / Gulf of Khambhat),21.1702,72.8311,4.0,2019 Estuarine Tidal Surge,2019-08-18T16:00,0.0,1006.1,13.6,23.0,0.475,0.476,0.492
surat_tapi,Surat,Gujarat,West Coast (Arabian Sea / Gulf of Khambhat),21.1702,72.8311,4.0,2019 Estuarine Tidal Surge,2019-08-18T17:00,0.0,1006.7,13.8,23.8,0.475,0.476,0.492
surat_tapi,Surat,Gujarat,West Coast (Arabian Sea / Gulf of Khambhat),21.1702,72.8311,4.0,2019 Estuarine Tidal Surge,2019-08-18T18:00,0.0,1006.6,13.5,24.5,0.475,0.476,0.492
surat_tapi,Surat,Gujarat,West Coast (Arabian Sea / Gulf of Khambhat),21.1702,72.8311,4.0,2019 Estuarine Tidal Surge,2019-08-18T19:00,0.0,1006.1,11.7,23.4,0.474,0.476,0.492
surat_tapi,Surat,Gujarat,West Coast (Arabian Sea / Gulf of Khambhat),21.1702,72.8311,4.0,2019 Estuarine Tidal Surge,2019-08-18T20:00,0.1,1005.5,11.2,20.2,0.475,0.476,0.492
surat_tapi,Surat,Gujarat,West Coast (Arabian Sea / Gulf of Khambhat),21.1702,72.8311,4.0,2019 Estuarine Tidal Surge,2019-08-18T21:00,0.0,1005.2,9.2,19.1,0.475,0.476,0.492
surat_tapi,Surat,Gujarat,West Coast (Arabian Sea / Gulf of Khambhat),21.1702,72.8311,4.0,2019 Estuarine Tidal Surge,2019-08-18T22:00,0.2,1004.7,10.0,16.6,0.476,0.476,0.492
surat_tapi,Surat,Gujarat,West Coast (Arabian Sea / Gulf of Khambhat),21.1702,72.8311,4.0,2019 Estuarine Tidal Surge,2019-08-18T23:00,0.3,1004.9,11.2,18.7,0.478,0.476,0.492
surat_tapi,Surat,Gujarat,West Coast (Arabian Sea / Gulf of Khambhat),21.1702,72.8311,4.0,2019 Estuarine Tidal Surge,2019-08-19T00:00,0.2,1004.6,11.5,19.1,0.478,0.476,0.492
surat_tapi,Surat,Gujarat,West Coast (Arabian Sea / Gulf of Khambhat),21.1702,72.8311,4.0,2019 Estuarine Tidal Surge,2019-08-19T01:00,0.2,1005.3,12.1,20.9,0.479,0.476,0.492
surat_tapi,Surat,Gujarat,West Coast (Arabian Sea / Gulf of Khambhat),21.1702,72.8311,4.0,2019 Estuarine Tidal Surge,2019-08-19T02:00,0.1,1006.0,9.7,21.2,0.48,0.476,0.492
surat_tapi,Surat,Gujarat,West Coast (Arabian Sea / Gulf of Khambhat),21.1702,72.8311,4.0,2019 Estuarine Tidal Surge,2019-08-19T03:00,0.1,1006.6,10.2,22.7,0.48,0.476,0.492
surat_tapi,Surat,Gujarat,West Coast (Arabian Sea / Gulf of Khambhat),21.1702,72.8311,4.0,2019 Estuarine Tidal Surge,2019-08-19T04:00,0.0,1007.2,10.5,24.8,0.479,0.476,0.492
surat_tapi,Surat,Gujarat,West Coast (Arabian Sea / Gulf of Khambhat),21.1702,72.8311,4.0,2019 Estuarine Tidal Surge,2019-08-19T05:00,0.0,1007.3,10.9,25.9,0.478,0.475,0.492
surat_tapi,Surat,Gujarat,West Coast (Arabian Sea / Gulf of Khambhat),21.1702,72.8311,4.0,2019 Estuarine Tidal Surge,2019-08-19T06:00,0.0,1007.3,13.5,29.5,0.476,0.475,0.492
surat_tapi,Surat,Gujarat,West Coast (Arabian Sea / Gulf of Khambhat),21.1702,72.8311,4.0,2019 Estuarine Tidal Surge,2019-08-19T07:00,0.2,1006.9,14.6,31.7,0.475,0.474,0.491
surat_tapi,Surat,Gujarat,West Coast (Arabian Sea / Gulf of Khambhat),21.1702,72.8311,4.0,2019 Estuarine Tidal Surge,2019-08-19T08:00,0.2,1006.2,16.6,34.2,0.474,0.473,0.491
surat_tapi,Surat,Gujarat,West Coast (Arabian Sea / Gulf of Khambhat),21.1702,72.8311,4.0,2019 Estuarine Tidal Surge,2019-08-19T09:00,0.1,1005.3,17.1,34.2,0.472,0.472,0.491
surat_tapi,Surat,Gujarat,West Coast (Arabian Sea / Gulf of Khambhat),21.1702,72.8311,4.0,2019 Estuarine Tidal Surge,2019-08-19T10:00,0.1,1004.5,19.2,37.4,0.471,0.472,0.491
surat_tapi,Surat,Gujarat,West Coast (Arabian Sea / Gulf of Khambhat),21.1702,72.8311,4.0,2019 Estuarine Tidal Surge,2019-08-19T11:00,0.0,1004.4,19.8,38.5,0.469,0.471,0.491
surat_tapi,Surat,Gujarat,West Coast (Arabian Sea / Gulf of Khambhat),21.1702,72.8311,4.0,2019 Estuarine Tidal Surge,2019-08-19T12:00,0.0,1004.5,15.4,37.8,0.468,0.47,0.491
surat_tapi,Surat,Gujarat,West Coast (Arabian Sea / Gulf of Khambhat),21.1702,72.8311,4.0,2019 Estuarine Tidal Surge,2019-08-19T13:00,0.0,1004.8,12.8,28.4,0.467,0.47,0.491
surat_tapi,Surat,Gujarat,West Coast (Arabian Sea / Gulf of Khambhat),21.1702,72.8311,4.0,2019 Estuarine Tidal Surge,2019-08-19T14:00,0.0,1005.3,10.0,22.7,0.467,0.47,0.491
surat_tapi,Surat,Gujarat,West Coast (Arabian Sea / Gulf of Khambhat),21.1702,72.8311,4.0,2019 Estuarine Tidal Surge,2019-08-19T15:00,0.0,1005.9,9.2,17.3,0.467,0.47,0.491
surat_tapi,Surat,Gujarat,West Coast (Arabian Sea / Gulf of Khambhat),21.1702,72.8311,4.0,2019 Estuarine Tidal Surge,2019-08-19T16:00,0.0,1007.0,9.4,16.2,0.467,0.47,0.49
surat_tapi,Surat,Gujarat,West Coast (Arabian Sea / Gulf of Khambhat),21.1702,72.8311,4.0,2019 Estuarine Tidal Surge,2019-08-19T17:00,0.0,1007.6,10.7,18.4,0.467,0.47,0.49
surat_tapi,Surat,Gujarat,West Coast (Arabian Sea / Gulf of Khambhat),21.1702,72.8311,4.0,2019 Estuarine Tidal Surge,2019-08-19T18:00,0.0,1007.5,11.8,20.2,0.467,0.47,0.49
surat_tapi,Surat,Gujarat,West Coast (Arabian Sea / Gulf of Khambhat),21.1702,72.8311,4.0,2019 Estuarine Tidal Surge,2019-08-19T19:00,0.1,1006.9,11.3,20.5,0.467,0.47,0.49
surat_tapi,Surat,Gujarat,West Coast (Arabian Sea / Gulf of Khambhat),21.1702,72.8311,4.0,2019 Estuarine Tidal Surge,2019-08-19T20:00,0.0,1006.2,10.8,19.8,0.467,0.469,0.49
surat_tapi,Surat,Gujarat,West Coast (Arabian Sea / Gulf of Khambhat),21.1702,72.8311,4.0,2019 Estuarine Tidal Surge,2019-08-19T21:00,0.0,1005.5,10.8,18.7,0.467,0.469,0.49
surat_tapi,Surat,Gujarat,West Coast (Arabian Sea / Gulf of Khambhat),21.1702,72.8311,4.0,2019 Estuarine Tidal Surge,2019-08-19T22:00,0.2,1005.2,11.5,19.8,0.468,0.469,0.49
surat_tapi,Surat,Gujarat,West Coast (Arabian Sea / Gulf of Khambhat),21.1702,72.8311,4.0,2019 Estuarine Tidal Surge,2019-08-19T23:00,0.0,1005.1,9.9,19.8,0.468,0.469,0.49
surat_tapi,Surat,Gujarat,West Coast (Arabian Sea / Gulf of Khambhat),21.1702,72.8311,4.0,2019 Estuarine Tidal Surge,2019-08-20T00:00,0.0,1005.6,7.6,17.3,0.471,0.469,0.49
surat_tapi,Surat,Gujarat,West Coast (Arabian Sea / Gulf of Khambhat),21.1702,72.8311,4.0,2019 Estuarine Tidal Surge,2019-08-20T01:00,0.0,1006.2,6.5,13.3,0.47,0.469,0.49
surat_tapi,Surat,Gujarat,West Coast (Arabian Sea / Gulf of Khambhat),21.1702,72.8311,4.0,2019 Estuarine Tidal Surge,2019-08-20T02:00,0.0,1006.9,8.6,15.5,0.47,0.469,0.49
surat_tapi,Surat,Gujarat,West Coast (Arabian Sea / Gulf of Khambhat),21.1702,72.8311,4.0,2019 Estuarine Tidal Surge,2019-08-20T03:00,0.0,1007.5,11.2,22.3,0.469,0.469,0.49
surat_tapi,Surat,Gujarat,West Coast (Arabian Sea / Gulf of Khambhat),21.1702,72.8311,4.0,2019 Estuarine Tidal Surge,2019-08-20T04:00,0.1,1007.9,12.6,25.9,0.469,0.468,0.49
surat_tapi,Surat,Gujarat,West Coast (Arabian Sea / Gulf of Khambhat),21.1702,72.8311,4.0,2019 Estuarine Tidal Surge,2019-08-20T05:00,0.1,1008.0,12.7,27.0,0.468,0.468,0.49
surat_tapi,Surat,Gujarat,West Coast (Arabian Sea / Gulf of Khambhat),21.1702,72.8311,4.0,2019 Estuarine Tidal Surge,2019-08-20T06:00,0.0,1007.7,14.2,29.9,0.466,0.467,0.49
surat_tapi,Surat,Gujarat,West Coast (Arabian Sea / Gulf of Khambhat),21.1702,72.8311,4.0,2019 Estuarine Tidal Surge,2019-08-20T07:00,0.0,1007.1,14.7,31.0,0.463,0.466,0.489
surat_tapi,Surat,Gujarat,West Coast (Arabian Sea / Gulf of Khambhat),21.1702,72.8311,4.0,2019 Estuarine Tidal Surge,2019-08-20T08:00,0.0,1006.0,15.1,32.0,0.46,0.465,0.489
surat_tapi,Surat,Gujarat,West Coast (Arabian Sea / Gulf of Khambhat),21.1702,72.8311,4.0,2019 Estuarine Tidal Surge,2019-08-20T09:00,0.0,1004.9,16.9,34.6,0.457,0.464,0.489
surat_tapi,Surat,Gujarat,West Coast (Arabian Sea / Gulf of Khambhat),21.1702,72.8311,4.0,2019 Estuarine Tidal Surge,2019-08-20T10:00,0.0,1004.4,16.6,34.6,0.455,0.463,0.489
surat_tapi,Surat,Gujarat,West Coast (Arabian Sea / Gulf of Khambhat),21.1702,72.8311,4.0,2019 Estuarine Tidal Surge,2019-08-20T11:00,0.0,1003.9,16.4,33.5,0.454,0.462,0.488
surat_tapi,Surat,Gujarat,West Coast (Arabian Sea / Gulf of Khambhat),21.1702,72.8311,4.0,2019 Estuarine Tidal Surge,2019-08-20T12:00,0.0,1004.0,14.4,32.4,0.459,0.465,0.489
surat_tapi,Surat,Gujarat,West Coast (Arabian Sea / Gulf of Khambhat),21.1702,72.8311,4.0,2019 Estuarine Tidal Surge,2019-08-20T13:00,0.0,1004.3,13.7,27.4,0.458,0.464,0.489
surat_tapi,Surat,Gujarat,West Coast (Arabian Sea / Gulf of Khambhat),21.1702,72.8311,4.0,2019 Estuarine Tidal Surge,2019-08-20T14:00,0.0,1004.7,11.0,24.5,0.458,0.464,0.489
surat_tapi,Surat,Gujarat,West Coast (Arabian Sea / Gulf of Khambhat),21.1702,72.8311,4.0,2019 Estuarine Tidal Surge,2019-08-20T15:00,0.0,1005.6,10.6,19.1,0.458,0.464,0.489
surat_tapi,Surat,Gujarat,West Coast (Arabian Sea / Gulf of Khambhat),21.1702,72.8311,4.0,2019 Estuarine Tidal Surge,2019-08-20T16:00,0.0,1006.1,11.8,20.2,0.458,0.464,0.489
surat_tapi,Surat,Gujarat,West Coast (Arabian Sea / Gulf of Khambhat),21.1702,72.8311,4.0,2019 Estuarine Tidal Surge,2019-08-20T17:00,0.0,1006.3,12.5,21.6,0.457,0.464,0.489
surat_tapi,Surat,Gujarat,West Coast (Arabian Sea / Gulf of Khambhat),21.1702,72.8311,4.0,2019 Estuarine Tidal Surge,2019-08-20T18:00,0.0,1006.4,12.6,22.0,0.457,0.464,0.489
surat_tapi,Surat,Gujarat,West Coast (Arabian Sea / Gulf of Khambhat),21.1702,72.8311,4.0,2019 Estuarine Tidal Surge,2019-08-20T19:00,0.0,1005.7,13.2,23.0,0.457,0.464,0.489
surat_tapi,Surat,Gujarat,West Coast (Arabian Sea / Gulf of Khambhat),21.1702,72.8311,4.0,2019 Estuarine Tidal Surge,2019-08-20T20:00,0.0,1005.5,12.6,23.0,0.457,0.464,0.489
surat_tapi,Surat,Gujarat,West Coast (Arabian Sea / Gulf of Khambhat),21.1702,72.8311,4.0,2019 Estuarine Tidal Surge,2019-08-20T21:00,0.2,1004.8,12.6,22.0,0.459,0.464,0.489
surat_tapi,Surat,Gujarat,West Coast (Arabian Sea / Gulf of Khambhat),21.1702,72.8311,4.0,2019 Estuarine Tidal Surge,2019-08-20T22:00,0.1,1004.4,11.5,22.0,0.459,0.464,0.489
surat_tapi,Surat,Gujarat,West Coast (Arabian Sea / Gulf of Khambhat),21.1702,72.8311,4.0,2019 Estuarine Tidal Surge,2019-08-20T23:00,0.4,1004.4,11.0,20.2,0.462,0.464,0.489
surat_tapi,Surat,Gujarat,West Coast (Arabian Sea / Gulf of Khambhat),21.1702,72.8311,4.0,2019 Estuarine Tidal Surge,2019-08-21T00:00,1.0,1004.5,9.8,18.7,0.458,0.464,0.489
surat_tapi,Surat,Gujarat,West Coast (Arabian Sea / Gulf of Khambhat),21.1702,72.8311,4.0,2019 Estuarine Tidal Surge,2019-08-21T01:00,0.1,1004.9,9.8,18.0,0.459,0.464,0.488
surat_tapi,Surat,Gujarat,West Coast (Arabian Sea / Gulf of Khambhat),21.1702,72.8311,4.0,2019 Estuarine Tidal Surge,2019-08-21T02:00,0.0,1005.2,10.8,19.1,0.458,0.464,0.488
surat_tapi,Surat,Gujarat,West Coast (Arabian Sea / Gulf of Khambhat),21.1702,72.8311,4.0,2019 Estuarine Tidal Surge,2019-08-21T03:00,0.0,1005.9,12.4,24.5,0.458,0.464,0.488
surat_tapi,Surat,Gujarat,West Coast (Arabian Sea / Gulf of Khambhat),21.1702,72.8311,4.0,2019 Estuarine Tidal Surge,2019-08-21T04:00,0.0,1006.3,12.7,26.3,0.457,0.463,0.488
surat_tapi,Surat,Gujarat,West Coast (Arabian Sea / Gulf of Khambhat),21.1702,72.8311,4.0,2019 Estuarine Tidal Surge,2019-08-21T05:00,0.1,1006.5,13.4,27.7,0.455,0.462,0.488
surat_tapi,Surat,Gujarat,West Coast (Arabian Sea / Gulf of Khambhat),21.1702,72.8311,4.0,2019 Estuarine Tidal Surge,2019-08-21T06:00,0.2,1006.3,14.8,30.6,0.455,0.462,0.488
surat_tapi,Surat,Gujarat,West Coast (Arabian Sea / Gulf of Khambhat),21.1702,72.8311,4.0,2019 Estuarine Tidal Surge,2019-08-21T07:00,0.5,1005.9,14.8,30.6,0.457,0.461,0.488
surat_tapi,Surat,Gujarat,West Coast (Arabian Sea / Gulf of Khambhat),21.1702,72.8311,4.0,2019 Estuarine Tidal Surge,2019-08-21T08:00,0.2,1004.9,14.4,32.0,0.456,0.46,0.487
surat_tapi,Surat,Gujarat,West Coast (Arabian Sea / Gulf of Khambhat),21.1702,72.8311,4.0,2019 Estuarine Tidal Surge,2019-08-21T09:00,0.2,1003.7,13.7,34.6,0.455,0.459,0.487
surat_tapi,Surat,Gujarat,West Coast (Arabian Sea / Gulf of Khambhat),21.1702,72.8311,4.0,2019 Estuarine Tidal Surge,2019-08-21T10:00,0.0,1003.4,15.3,36.4,0.453,0.459,0.487
surat_tapi,Surat,Gujarat,West Coast (Arabian Sea / Gulf of Khambhat),21.1702,72.8311,4.0,2019 Estuarine Tidal Surge,2019-08-21T11:00,0.2,1003.2,16.9,34.6,0.453,0.458,0.487
surat_tapi,Surat,Gujarat,West Coast (Arabian Sea / Gulf of Khambhat),21.1702,72.8311,4.0,2019 Estuarine Tidal Surge,2019-08-21T12:00,0.4,1003.4,16.6,32.8,0.458,0.457,0.487
surat_tapi,Surat,Gujarat,West Coast (Arabian Sea / Gulf of Khambhat),21.1702,72.8311,4.0,2019 Estuarine Tidal Surge,2019-08-21T13:00,0.0,1003.7,14.6,30.6,0.457,0.457,0.487
surat_tapi,Surat,Gujarat,West Coast (Arabian Sea / Gulf of Khambhat),21.1702,72.8311,4.0,2019 Estuarine Tidal Surge,2019-08-21T14:00,0.0,1004.1,11.8,25.9,0.457,0.457,0.487
surat_tapi,Surat,Gujarat,West Coast (Arabian Sea / Gulf of Khambhat),21.1702,72.8311,4.0,2019 Estuarine Tidal Surge,2019-08-21T15:00,0.3,1004.7,10.3,20.2,0.459,0.457,0.487
surat_tapi,Surat,Gujarat,West Coast (Arabian Sea / Gulf of Khambhat),21.1702,72.8311,4.0,2019 Estuarine Tidal Surge,2019-08-21T16:00,0.2,1005.2,11.9,20.2,0.46,0.457,0.486
surat_tapi,Surat,Gujarat,West Coast (Arabian Sea / Gulf of Khambhat),21.1702,72.8311,4.0,2019 Estuarine Tidal Surge,2019-08-21T17:00,0.0,1005.8,11.8,20.5,0.46,0.457,0.486
surat_tapi,Surat,Gujarat,West Coast (Arabian Sea / Gulf of Khambhat),21.1702,72.8311,4.0,2019 Estuarine Tidal Surge,2019-08-21T18:00,0.0,1005.8,13.3,22.7,0.46,0.457,0.486
surat_tapi,Surat,Gujarat,West Coast (Arabian Sea / Gulf of Khambhat),21.1702,72.8311,4.0,2019 Estuarine Tidal Surge,2019-08-21T19:00,0.0,1005.3,13.1,23.0,0.459,0.457,0.486
surat_tapi,Surat,Gujarat,West Coast (Arabian Sea / Gulf of Khambhat),21.1702,72.8311,4.0,2019 Estuarine Tidal Surge,2019-08-21T20:00,0.3,1004.8,11.4,22.7,0.461,0.457,0.486
surat_tapi,Surat,Gujarat,West Coast (Arabian Sea / Gulf of Khambhat),21.1702,72.8311,4.0,2019 Estuarine Tidal Surge,2019-08-21T21:00,0.4,1004.2,12.0,21.2,0.465,0.457,0.486
surat_tapi,Surat,Gujarat,West Coast (Arabian Sea / Gulf of Khambhat),21.1702,72.8311,4.0,2019 Estuarine Tidal Surge,2019-08-21T22:00,0.0,1003.8,11.9,21.6,0.465,0.457,0.486
surat_tapi,Surat,Gujarat,West Coast (Arabian Sea / Gulf of Khambhat),21.1702,72.8311,4.0,2019 Estuarine Tidal Surge,2019-08-21T23:00,0.0,1003.6,9.7,20.5,0.464,0.457,0.486
surat_tapi,Surat,Gujarat,West Coast (Arabian Sea / Gulf of Khambhat),21.1702,72.8311,4.0,2019 Estuarine Tidal Surge,2019-08-22T00:00,0.0,1004.1,8.2,16.6,0.483,0.463,0.487
surat_tapi,Surat,Gujarat,West Coast (Arabian Sea / Gulf of Khambhat),21.1702,72.8311,4.0,2019 Estuarine Tidal Surge,2019-08-22T01:00,0.0,1004.4,7.8,14.8,0.481,0.464,0.486
surat_tapi,Surat,Gujarat,West Coast (Arabian Sea / Gulf of Khambhat),21.1702,72.8311,4.0,2019 Estuarine Tidal Surge,2019-08-22T02:00,0.0,1004.8,8.6,15.5,0.48,0.464,0.486
surat_tapi,Surat,Gujarat,West Coast (Arabian Sea / Gulf of Khambhat),21.1702,72.8311,4.0,2019 Estuarine Tidal Surge,2019-08-22T03:00,0.0,1005.4,10.1,21.2,0.479,0.464,0.486
surat_tapi,Surat,Gujarat,West Coast (Arabian Sea / Gulf of Khambhat),21.1702,72.8311,4.0,2019 Estuarine Tidal Surge,2019-08-22T04:00,0.0,1005.8,10.1,22.7,0.477,0.464,0.486
surat_tapi,Surat,Gujarat,West Coast (Arabian Sea / Gulf of Khambhat),21.1702,72.8311,4.0,2019 Estuarine Tidal Surge,2019-08-22T05:00,0.0,1005.9,10.9,24.5,0.474,0.463,0.486
surat_tapi,Surat,Gujarat,West Coast (Arabian Sea / Gulf of Khambhat),21.1702,72.8311,4.0,2019 Estuarine Tidal Surge,2019-08-22T06:00,0.0,1005.5,12.7,27.7,0.471,0.462,0.486
surat_tapi,Surat,Gujarat,West Coast (Arabian Sea / Gulf of Khambhat),21.1702,72.8311,4.0,2019 Estuarine Tidal Surge,2019-08-22T07:00,0.0,1004.8,13.8,29.9,0.468,0.461,0.486
surat_tapi,Surat,Gujarat,West Coast (Arabian Sea / Gulf of Khambhat),21.1702,72.8311,4.0,2019 Estuarine Tidal Surge,2019-08-22T08:00,0.0,1004.1,15.5,32.4,0.464,0.46,0.485
surat_tapi,Surat,Gujarat,West Coast (Arabian Sea / Gulf of Khambhat),21.1702,72.8311,4.0,2019 Estuarine Tidal Surge,2019-08-22T09:00,0.0,1003.3,17.2,34.9,0.461,0.459,0.485
surat_tapi,Surat,Gujarat,West Coast (Arabian Sea / Gulf of Khambhat),21.1702,72.8311,4.0,2019 Estuarine Tidal Surge,2019-08-22T10:00,0.0,1002.9,19.0,37.1,0.459,0.459,0.485
surat_tapi,Surat,Gujarat,West Coast (Arabian Sea / Gulf of Khambhat),21.1702,72.8311,4.0,2019 Estuarine Tidal Surge,2019-08-22T11:00,0.1,1002.4,19.8,37.4,0.458,0.458,0.485
surat_tapi,Surat,Gujarat,West Coast (Arabian Sea / Gulf of Khambhat),21.1702,72.8311,4.0,2019 Estuarine Tidal Surge,2019-08-22T12:00,0.1,1002.7,15.5,37.8,0.459,0.459,0.484
surat_tapi,Surat,Gujarat,West Coast (Arabian Sea / Gulf of Khambhat),21.1702,72.8311,4.0,2019 Estuarine Tidal Surge,2019-08-22T13:00,0.0,1003.0,12.6,29.2,0.458,0.459,0.484
surat_tapi,Surat,Gujarat,West Coast (Arabian Sea / Gulf of Khambhat),21.1702,72.8311,4.0,2019 Estuarine Tidal Surge,2019-08-22T14:00,0.0,1003.3,9.2,22.0,0.458,0.458,0.484
surat_tapi,Surat,Gujarat,West Coast (Arabian Sea / Gulf of Khambhat),21.1702,72.8311,4.0,2019 Estuarine Tidal Surge,2019-08-22T15:00,0.0,1004.1,10.0,17.3,0.458,0.458,0.484
surat_tapi,Surat,Gujarat,West Coast (Arabian Sea / Gulf of Khambhat),21.1702,72.8311,4.0,2019 Estuarine Tidal Surge,2019-08-22T16:00,0.0,1004.6,11.7,19.8,0.458,0.458,0.484
surat_tapi,Surat,Gujarat,West Coast (Arabian Sea / Gulf of Khambhat),21.1702,72.8311,4.0,2019 Estuarine Tidal Surge,2019-08-22T17:00,0.0,1005.1,12.7,22.3,0.458,0.458,0.484
surat_tapi,Surat,Gujarat,West Coast (Arabian Sea / Gulf of Khambhat),21.1702,72.8311,4.0,2019 Estuarine Tidal Surge,2019-08-22T18:00,0.0,1005.0,13.0,22.7,0.458,0.458,0.484
surat_tapi,Surat,Gujarat,West Coast (Arabian Sea / Gulf of Khambhat),21.1702,72.8311,4.0,2019 Estuarine Tidal Surge,2019-08-22T19:00,0.0,1004.8,13.3,23.4,0.457,0.458,0.484
surat_tapi,Surat,Gujarat,West Coast (Arabian Sea / Gulf of Khambhat),21.1702,72.8311,4.0,2019 Estuarine Tidal Surge,2019-08-22T20:00,0.0,1004.1,12.9,23.0,0.457,0.458,0.484
surat_tapi,Surat,Gujarat,West Coast (Arabian Sea / Gulf of Khambhat),21.1702,72.8311,4.0,2019 Estuarine Tidal Surge,2019-08-22T21:00,0.0,1004.1,11.6,22.3,0.457,0.458,0.484
surat_tapi,Surat,Gujarat,West Coast (Arabian Sea / Gulf of Khambhat),21.1702,72.8311,4.0,2019 Estuarine Tidal Surge,2019-08-22T22:00,0.0,1004.1,11.4,21.2,0.458,0.458,0.484
surat_tapi,Surat,Gujarat,West Coast (Arabian Sea / Gulf of Khambhat),21.1702,72.8311,4.0,2019 Estuarine Tidal Surge,2019-08-22T23:00,0.0,1004.3,10.4,19.4,0.457,0.458,0.484
surat_tapi,Surat,Gujarat,West Coast (Arabian Sea / Gulf of Khambhat),21.1702,72.8311,4.0,2019 Estuarine Tidal Surge,2019-08-23T00:00,0.0,1004.2,7.1,18.0,0.467,0.459,0.484
surat_tapi,Surat,Gujarat,West Coast (Arabian Sea / Gulf of Khambhat),21.1702,72.8311,4.0,2019 Estuarine Tidal Surge,2019-08-23T01:00,0.0,1004.6,5.4,12.2,0.467,0.46,0.484
surat_tapi,Surat,Gujarat,West Coast (Arabian Sea / Gulf of Khambhat),21.1702,72.8311,4.0,2019 Estuarine Tidal Surge,2019-08-23T02:00,0.0,1004.9,7.7,14.0,0.467,0.46,0.484
surat_tapi,Surat,Gujarat,West Coast (Arabian Sea / Gulf of Khambhat),21.1702,72.8311,4.0,2019 Estuarine Tidal Surge,2019-08-23T03:00,0.0,1005.3,10.0,20.5,0.466,0.46,0.484
surat_tapi,Surat,Gujarat,West Coast (Arabian Sea / Gulf of Khambhat),21.1702,72.8311,4.0,2019 Estuarine Tidal Surge,2019-08-23T04:00,0.0,1005.6,10.2,22.7,0.465,0.459,0.484
surat_tapi,Surat,Gujarat,West Coast (Arabian Sea / Gulf of Khambhat),21.1702,72.8311,4.0,2019 Estuarine Tidal Surge,2019-08-23T05:00,0.0,1005.8,10.0,23.0,0.463,0.459,0.484
surat_tapi,Surat,Gujarat,West Coast (Arabian Sea / Gulf of Khambhat),21.1702,72.8311,4.0,2019 Estuarine Tidal Surge,2019-08-23T06:00,0.0,1005.5,10.1,23.4,0.46,0.458,0.483
surat_tapi,Surat,Gujarat,West Coast (Arabian Sea / Gulf of Khambhat),21.1702,72.8311,4.0,2019 Estuarine Tidal Surge,2019-08-23T07:00,0.0,1005.1,10.3,24.5,0.457,0.457,0.483
surat_tapi,Surat,Gujarat,West Coast (Arabian Sea / Gulf of Khambhat),21.1702,72.8311,4.0,2019 Estuarine Tidal Surge,2019-08-23T08:00,0.1,1004.1,12.2,27.4,0.455,0.456,0.483
surat_tapi,Surat,Gujarat,West Coast (Arabian Sea / Gulf of Khambhat),21.1702,72.8311,4.0,2019 Estuarine Tidal Surge,2019-08-23T09:00,0.0,1003.5,13.7,29.5,0.452,0.455,0.482
surat_tapi,Surat,Gujarat,West Coast (Arabian Sea / Gulf of Khambhat),21.1702,72.8311,4.0,2019 Estuarine Tidal Surge,2019-08-23T10:00,0.0,1003.0,15.0,30.6,0.449,0.454,0.482
surat_tapi,Surat,Gujarat,West Coast (Arabian Sea / Gulf of Khambhat),21.1702,72.8311,4.0,2019 Estuarine Tidal Surge,2019-08-23T11:00,0.0,1002.6,16.3,32.0,0.447,0.453,0.482
surat_tapi,Surat,Gujarat,West Coast (Arabian Sea / Gulf of Khambhat),21.1702,72.8311,4.0,2019 Estuarine Tidal Surge,2019-08-23T12:00,0.0,1002.7,14.3,32.0,0.441,0.451,0.482
surat_tapi,Surat,Gujarat,West Coast (Arabian Sea / Gulf of Khambhat),21.1702,72.8311,4.0,2019 Estuarine Tidal Surge,2019-08-23T13:00,0.0,1003.3,11.4,26.6,0.441,0.451,0.482
surat_tapi,Surat,Gujarat,West Coast (Arabian Sea / Gulf of Khambhat),21.1702,72.8311,4.0,2019 Estuarine Tidal Surge,2019-08-23T14:00,0.0,1003.8,12.0,20.9,0.44,0.451,0.482
surat_tapi,Surat,Gujarat,West Coast (Arabian Sea / Gulf of Khambhat),21.1702,72.8311,4.0,2019 Estuarine Tidal Surge,2019-08-23T15:00,0.0,1004.5,12.0,21.2,0.44,0.451,0.482
surat_tapi,Surat,Gujarat,West Coast (Arabian Sea / Gulf of Khambhat),21.1702,72.8311,4.0,2019 Estuarine Tidal Surge,2019-08-23T16:00,0.0,1005.2,11.7,20.5,0.44,0.451,0.482
surat_tapi,Surat,Gujarat,West Coast (Arabian Sea / Gulf of Khambhat),21.1702,72.8311,4.0,2019 Estuarine Tidal Surge,2019-08-23T17:00,0.0,1005.4,12.2,20.9,0.44,0.451,0.482
surat_tapi,Surat,Gujarat,West Coast (Arabian Sea / Gulf of Khambhat),21.1702,72.8311,4.0,2019 Estuarine Tidal Surge,2019-08-23T18:00,0.0,1005.2,10.7,20.9,0.44,0.451,0.482
surat_tapi,Surat,Gujarat,West Coast (Arabian Sea / Gulf of Khambhat),21.1702,72.8311,4.0,2019 Estuarine Tidal Surge,2019-08-23T19:00,0.0,1004.6,11.0,18.7,0.44,0.451,0.482
surat_tapi,Surat,Gujarat,West Coast (Arabian Sea / Gulf of Khambhat),21.1702,72.8311,4.0,2019 Estuarine Tidal Surge,2019-08-23T20:00,0.3,1004.3,9.8,19.1,0.443,0.451,0.482
surat_tapi,Surat,Gujarat,West Coast (Arabian Sea / Gulf of Khambhat),21.1702,72.8311,4.0,2019 Estuarine Tidal Surge,2019-08-23T21:00,0.1,1003.9,11.2,18.4,0.444,0.451,0.482
surat_tapi,Surat,Gujarat,West Coast (Arabian Sea / Gulf of Khambhat),21.1702,72.8311,4.0,2019 Estuarine Tidal Surge,2019-08-23T22:00,0.0,1003.6,10.8,19.8,0.444,0.451,0.482
surat_tapi,Surat,Gujarat,West Coast (Arabian Sea / Gulf of Khambhat),21.1702,72.8311,4.0,2019 Estuarine Tidal Surge,2019-08-23T23:00,0.0,1003.7,7.9,18.7,0.444,0.451,0.482
surat_tapi,Surat,Gujarat,West Coast (Arabian Sea / Gulf of Khambhat),21.1702,72.8311,4.0,2019 Estuarine Tidal Surge,2019-08-24T00:00,0.1,1003.6,6.5,13.3,0.443,0.454,0.481
surat_tapi,Surat,Gujarat,West Coast (Arabian Sea / Gulf of Khambhat),21.1702,72.8311,4.0,2019 Estuarine Tidal Surge,2019-08-24T01:00,0.0,1004.1,5.0,7.6,0.443,0.453,0.481
surat_tapi,Surat,Gujarat,West Coast (Arabian Sea / Gulf of Khambhat),21.1702,72.8311,4.0,2019 Estuarine Tidal Surge,2019-08-24T02:00,0.0,1004.6,3.9,9.0,0.443,0.453,0.481
surat_tapi,Surat,Gujarat,West Coast (Arabian Sea / Gulf of Khambhat),21.1702,72.8311,4.0,2019 Estuarine Tidal Surge,2019-08-24T03:00,0.1,1005.3,5.7,14.4,0.443,0.453,0.481
surat_tapi,Surat,Gujarat,West Coast (Arabian Sea / Gulf of Khambhat),21.1702,72.8311,4.0,2019 Estuarine Tidal Surge,2019-08-24T04:00,0.1,1005.8,7.1,17.6,0.443,0.453,0.481
surat_tapi,Surat,Gujarat,West Coast (Arabian Sea / Gulf of Khambhat),21.1702,72.8311,4.0,2019 Estuarine Tidal Surge,2019-08-24T05:00,0.1,1006.0,8.7,21.2,0.442,0.452,0.481
surat_tapi,Surat,Gujarat,West Coast (Arabian Sea / Gulf of Khambhat),21.1702,72.8311,4.0,2019 Estuarine Tidal Surge,2019-08-24T06:00,0.1,1005.6,10.5,23.8,0.44,0.451,0.481
surat_tapi,Surat,Gujarat,West Coast (Arabian Sea / Gulf of Khambhat),21.1702,72.8311,4.0,2019 Estuarine Tidal Surge,2019-08-24T07:00,0.1,1004.8,11.3,26.3,0.439,0.45,0.48
surat_tapi,Surat,Gujarat,West Coast (Arabian Sea / Gulf of Khambhat),21.1702,72.8311,4.0,2019 Estuarine Tidal Surge,2019-08-24T08:00,0.1,1003.9,12.7,28.1,0.437,0.449,0.48
surat_tapi,Surat,Gujarat,West Coast (Arabian Sea / Gulf of Khambhat),21.1702,72.8311,4.0,2019 Estuarine Tidal Surge,2019-08-24T09:00,0.1,1003.2,13.7,29.5,0.435,0.448,0.48
surat_tapi,Surat,Gujarat,West Coast (Arabian Sea / Gulf of Khambhat),21.1702,72.8311,4.0,2019 Estuarine Tidal Surge,2019-08-24T10:00,0.0,1002.3,14.3,30.2,0.434,0.448,0.48
surat_tapi,Surat,Gujarat,West Coast (Arabian Sea / Gulf of Khambhat),21.1702,72.8311,4.0,2019 Estuarine Tidal Surge,2019-08-24T11:00,0.0,1001.9,14.0,29.9,0.432,0.447,0.479
surat_tapi,Surat,Gujarat,West Coast (Arabian Sea / Gulf of Khambhat),21.1702,72.8311,4.0,2019 Estuarine Tidal Surge,2019-08-24T12:00,0.0,1002.3,12.5,28.4,0.459,0.452,0.478
surat_tapi,Surat,Gujarat,West Coast (Arabian Sea / Gulf of Khambhat),21.1702,72.8311,4.0,2019 Estuarine Tidal Surge,2019-08-24T13:00,0.0,1002.7,10.7,23.4,0.458,0.452,0.478
surat_tapi,Surat,Gujarat,West Coast (Arabian Sea / Gulf of Khambhat),21.1702,72.8311,4.0,2019 Estuarine Tidal Surge,2019-08-24T14:00,0.0,1003.1,10.0,18.7,0.458,0.452,0.478
surat_tapi,Surat,Gujarat,West Coast (Arabian Sea / Gulf of Khambhat),21.1702,72.8311,4.0,2019 Estuarine Tidal Surge,2019-08-24T15:00,0.0,1003.9,11.5,19.8,0.457,0.452,0.478
surat_tapi,Surat,Gujarat,West Coast (Arabian Sea / Gulf of Khambhat),21.1702,72.8311,4.0,2019 Estuarine Tidal Surge,2019-08-24T16:00,0.0,1004.2,12.3,21.6,0.457,0.452,0.478
surat_tapi,Surat,Gujarat,West Coast (Arabian Sea / Gulf of Khambhat),21.1702,72.8311,4.0,2019 Estuarine Tidal Surge,2019-08-24T17:00,0.0,1004.6,12.2,22.0,0.457,0.452,0.478
surat_tapi,Surat,Gujarat,West Coast (Arabian Sea / Gulf of Khambhat),21.1702,72.8311,4.0,2019 Estuarine Tidal Surge,2019-08-24T18:00,0.0,1004.4,12.2,22.0,0.456,0.452,0.478
surat_tapi,Surat,Gujarat,West Coast (Arabian Sea / Gulf of Khambhat),21.1702,72.8311,4.0,2019 Estuarine Tidal Surge,2019-08-24T19:00,0.0,1003.8,11.5,21.2,0.456,0.452,0.478
surat_tapi,Surat,Gujarat,West Coast (Arabian Sea / Gulf of Khambhat),21.1702,72.8311,4.0,2019 Estuarine Tidal Surge,2019-08-24T20:00,0.0,1003.5,10.4,20.2,0.456,0.452,0.478
surat_tapi,Surat,Gujarat,West Coast (Arabian Sea / Gulf of Khambhat),21.1702,72.8311,4.0,2019 Estuarine Tidal Surge,2019-08-24T21:00,0.0,1002.8,11.0,19.1,0.456,0.452,0.478
surat_tapi,Surat,Gujarat,West Coast (Arabian Sea / Gulf of Khambhat),21.1702,72.8311,4.0,2019 Estuarine Tidal Surge,2019-08-24T22:00,0.3,1002.8,10.8,19.8,0.457,0.452,0.478
surat_tapi,Surat,Gujarat,West Coast (Arabian Sea / Gulf of Khambhat),21.1702,72.8311,4.0,2019 Estuarine Tidal Surge,2019-08-24T23:00,0.4,1002.8,10.9,18.7,0.46,0.452,0.478
surat_tapi,Surat,Gujarat,West Coast (Arabian Sea / Gulf of Khambhat),21.1702,72.8311,4.0,2019 Estuarine Tidal Surge,2019-08-25T00:00,0.1,1003.1,9.4,18.7,0.454,0.452,0.478
surat_tapi,Surat,Gujarat,West Coast (Arabian Sea / Gulf of Khambhat),21.1702,72.8311,4.0,2019 Estuarine Tidal Surge,2019-08-25T01:00,0.2,1003.5,8.4,17.6,0.455,0.452,0.478
surat_tapi,Surat,Gujarat,West Coast (Arabian Sea / Gulf of Khambhat),21.1702,72.8311,4.0,2019 Estuarine Tidal Surge,2019-08-25T02:00,0.4,1003.8,8.2,16.6,0.458,0.453,0.478
surat_tapi,Surat,Gujarat,West Coast (Arabian Sea / Gulf of Khambhat),21.1702,72.8311,4.0,2019 Estuarine Tidal Surge,2019-08-25T03:00,0.4,1004.3,12.0,23.0,0.46,0.453,0.478
surat_tapi,Surat,Gujarat,West Coast (Arabian Sea / Gulf of Khambhat),21.1702,72.8311,4.0,2019 Estuarine Tidal Surge,2019-08-25T04:00,0.1,1004.7,9.5,23.4,0.46,0.453,0.478
surat_tapi,Surat,Gujarat,West Coast (Arabian Sea / Gulf of Khambhat),21.1702,72.8311,4.0,2019 Estuarine Tidal Surge,2019-08-25T05:00,0.1,1004.6,10.2,23.0,0.46,0.452,0.478
surat_tapi,Surat,Gujarat,West Coast (Arabian Sea / Gulf of Khambhat),21.1702,72.8311,4.0,2019 Estuarine Tidal Surge,2019-08-25T06:00,0.1,1004.3,11.5,25.6,0.459,0.452,0.478
surat_tapi,Surat,Gujarat,West Coast (Arabian Sea / Gulf of Khambhat),21.1702,72.8311,4.0,2019 Estuarine Tidal Surge,2019-08-25T07:00,0.0,1003.7,12.2,27.4,0.457,0.451,0.477
surat_tapi,Surat,Gujarat,West Coast (Arabian Sea / Gulf of Khambhat),21.1702,72.8311,4.0,2019 Estuarine Tidal Surge,2019-08-25T08:00,0.2,1002.8,12.2,27.7,0.456,0.451,0.477
surat_tapi,Surat,Gujarat,West Coast (Arabian Sea / Gulf of Khambhat),21.1702,72.8311,4.0,2019 Estuarine Tidal Surge,2019-08-25T09:00,0.0,1001.9,12.7,27.0,0.454,0.45,0.477
surat_tapi,Surat,Gujarat,West Coast (Arabian Sea / Gulf of Khambhat),21.1702,72.8311,4.0,2019 Estuarine Tidal Surge,2019-08-25T10:00,0.0,1001.7,14.5,28.4,0.453,0.45,0.477
surat_tapi,Surat,Gujarat,West Coast (Arabian Sea / Gulf of Khambhat),21.1702,72.8311,4.0,2019 Estuarine Tidal Surge,2019-08-25T11:00,0.0,1001.3,14.0,29.2,0.451,0.449,0.477
surat_tapi,Surat,Gujarat,West Coast (Arabian Sea / Gulf of Khambhat),21.1702,72.8311,4.0,2019 Estuarine Tidal Surge,2019-08-25T12:00,0.0,1001.2,12.0,28.1,0.441,0.446,0.476
surat_tapi,Surat,Gujarat,West Coast (Arabian Sea / Gulf of Khambhat),21.1702,72.8311,4.0,2019 Estuarine Tidal Surge,2019-08-25T13:00,0.0,1001.5,9.2,22.0,0.441,0.446,0.476
surat_tapi,Surat,Gujarat,West Coast (Arabian Sea / Gulf of Khambhat),21.1702,72.8311,4.0,2019 Estuarine Tidal Surge,2019-08-25T14:00,0.0,1002.1,8.5,16.2,0.441,0.446,0.476
surat_tapi,Surat,Gujarat,West Coast (Arabian Sea / Gulf of Khambhat),21.1702,72.8311,4.0,2019 Estuarine Tidal Surge,2019-08-25T15:00,0.0,1002.9,8.7,14.8,0.441,0.446,0.476
surat_tapi,Surat,Gujarat,West Coast (Arabian Sea / Gulf of Khambhat),21.1702,72.8311,4.0,2019 Estuarine Tidal Surge,2019-08-25T16:00,0.0,1003.7,9.3,15.8,0.441,0.446,0.476
surat_tapi,Surat,Gujarat,West Coast (Arabian Sea / Gulf of Khambhat),21.1702,72.8311,4.0,2019 Estuarine Tidal Surge,2019-08-25T17:00,0.0,1004.1,9.9,17.3,0.441,0.446,0.476
surat_tapi,Surat,Gujarat,West Coast (Arabian Sea / Gulf of Khambhat),21.1702,72.8311,4.0,2019 Estuarine Tidal Surge,2019-08-25T18:00,0.0,1003.7,11.7,19.8,0.44,0.446,0.476
surat_tapi,Surat,Gujarat,West Coast (Arabian Sea / Gulf of Khambhat),21.1702,72.8311,4.0,2019 Estuarine Tidal Surge,2019-08-25T19:00,0.0,1003.2,11.1,21.2,0.44,0.446,0.476
surat_tapi,Surat,Gujarat,West Coast (Arabian Sea / Gulf of Khambhat),21.1702,72.8311,4.0,2019 Estuarine Tidal Surge,2019-08-25T20:00,0.0,1002.9,11.0,19.8,0.441,0.446,0.476
surat_tapi,Surat,Gujarat,West Coast (Arabian Sea / Gulf of Khambhat),21.1702,72.8311,4.0,2019 Estuarine Tidal Surge,2019-08-25T21:00,0.3,1002.4,12.9,22.0,0.443,0.446,0.476
surat_tapi,Surat,Gujarat,West Coast (Arabian Sea / Gulf of Khambhat),21.1702,72.8311,4.0,2019 Estuarine Tidal Surge,2019-08-25T22:00,0.5,1002.1,13.5,24.5,0.446,0.446,0.476
surat_tapi,Surat,Gujarat,West Coast (Arabian Sea / Gulf of Khambhat),21.1702,72.8311,4.0,2019 Estuarine Tidal Surge,2019-08-25T23:00,0.8,1002.2,12.9,23.0,0.456,0.446,0.476
surat_tapi,Surat,Gujarat,West Coast (Arabian Sea / Gulf of Khambhat),21.1702,72.8311,4.0,2019 Estuarine Tidal Surge,2019-08-26T00:00,2.0,1002.0,10.4,22.3,0.465,0.446,0.475
surat_tapi,Surat,Gujarat,West Coast (Arabian Sea / Gulf of Khambhat),21.1702,72.8311,4.0,2019 Estuarine Tidal Surge,2019-08-26T01:00,0.0,1002.1,9.8,18.4,0.465,0.446,0.475
surat_tapi,Surat,Gujarat,West Coast (Arabian Sea / Gulf of Khambhat),21.1702,72.8311,4.0,2019 Estuarine Tidal Surge,2019-08-26T02:00,0.0,1002.8,10.5,17.3,0.464,0.446,0.475
surat_tapi,Surat,Gujarat,West Coast (Arabian Sea / Gulf of Khambhat),21.1702,72.8311,4.0,2019 Estuarine Tidal Surge,2019-08-26T03:00,0.3,1003.4,10.6,18.4,0.466,0.446,0.475
surat_tapi,Surat,Gujarat,West Coast (Arabian Sea / Gulf of Khambhat),21.1702,72.8311,4.0,2019 Estuarine Tidal Surge,2019-08-26T04:00,1.3,1003.7,10.3,18.4,0.48,0.447,0.475
surat_tapi,Surat,Gujarat,West Coast (Arabian Sea / Gulf of Khambhat),21.1702,72.8311,4.0,2019 Estuarine Tidal Surge,2019-08-26T05:00,1.0,1003.8,9.0,18.4,0.49,0.447,0.475
surat_tapi,Surat,Gujarat,West Coast (Arabian Sea / Gulf of Khambhat),21.1702,72.8311,4.0,2019 Estuarine Tidal Surge,2019-08-26T06:00,0.2,1003.9,10.9,21.6,0.489,0.448,0.475
surat_tapi,Surat,Gujarat,West Coast (Arabian Sea / Gulf of Khambhat),21.1702,72.8311,4.0,2019 Estuarine Tidal Surge,2019-08-26T07:00,0.1,1003.3,13.3,25.9,0.486,0.449,0.475
surat_tapi,Surat,Gujarat,West Coast (Arabian Sea / Gulf of Khambhat),21.1702,72.8311,4.0,2019 Estuarine Tidal Surge,2019-08-26T08:00,0.0,1002.9,11.6,25.9,0.483,0.449,0.475
surat_tapi,Surat,Gujarat,West Coast (Arabian Sea / Gulf of Khambhat),21.1702,72.8311,4.0,2019 Estuarine Tidal Surge,2019-08-26T09:00,0.1,1002.3,13.1,25.2,0.481,0.45,0.475
surat_tapi,Surat,Gujarat,West Coast (Arabian Sea / Gulf of Khambhat),21.1702,72.8311,4.0,2019 Estuarine Tidal Surge,2019-08-26T10:00,0.5,1001.6,13.3,25.2,0.483,0.45,0.475
surat_tapi,Surat,Gujarat,West Coast (Arabian Sea / Gulf of Khambhat),21.1702,72.8311,4.0,2019 Estuarine Tidal Surge,2019-08-26T11:00,0.2,1001.3,13.6,27.0,0.482,0.45,0.475
surat_tapi,Surat,Gujarat,West Coast (Arabian Sea / Gulf of Khambhat),21.1702,72.8311,4.0,2019 Estuarine Tidal Surge,2019-08-26T12:00,0.4,1001.5,7.2,25.2,0.477,0.455,0.474
surat_tapi,Surat,Gujarat,West Coast (Arabian Sea / Gulf of Khambhat),21.1702,72.8311,4.0,2019 Estuarine Tidal Surge,2019-08-26T13:00,0.1,1001.7,6.3,13.0,0.477,0.455,0.474
surat_tapi,Surat,Gujarat,West Coast (Arabian Sea / Gulf of Khambhat),21.1702,72.8311,4.0,2019 Estuarine Tidal Surge,2019-08-26T14:00,0.1,1002.1,8.1,13.3,0.477,0.455,0.474
surat_tapi,Surat,Gujarat,West Coast (Arabian Sea / Gulf of Khambhat),21.1702,72.8311,4.0,2019 Estuarine Tidal Surge,2019-08-26T15:00,0.2,1002.7,6.4,14.0,0.477,0.456,0.474
surat_tapi,Surat,Gujarat,West Coast (Arabian Sea / Gulf of Khambhat),21.1702,72.8311,4.0,2019 Estuarine Tidal Surge,2019-08-26T16:00,0.5,1003.1,9.4,15.5,0.481,0.456,0.474
surat_tapi,Surat,Gujarat,West Coast (Arabian Sea / Gulf of Khambhat),21.1702,72.8311,4.0,2019 Estuarine Tidal Surge,2019-08-26T17:00,0.9,1003.3,9.2,18.7,0.49,0.457,0.474
surat_tapi,Surat,Gujarat,West Coast (Arabian Sea / Gulf of Khambhat),21.1702,72.8311,4.0,2019 Estuarine Tidal Surge,2019-08-26T18:00,1.1,1003.4,11.5,18.7,0.501,0.458,0.474
surat_tapi,Surat,Gujarat,West Coast (Arabian Sea / Gulf of Khambhat),21.1702,72.8311,4.0,2019 Estuarine Tidal Surge,2019-08-26T19:00,0.6,1002.6,13.0,22.3,0.503,0.46,0.474
surat_tapi,Surat,Gujarat,West Coast (Arabian Sea / Gulf of Khambhat),21.1702,72.8311,4.0,2019 Estuarine Tidal Surge,2019-08-26T20:00,0.3,1002.0,13.4,23.0,0.501,0.461,0.474
surat_tapi,Surat,Gujarat,West Coast (Arabian Sea / Gulf of Khambhat),21.1702,72.8311,4.0,2019 Estuarine Tidal Surge,2019-08-26T21:00,0.6,1001.4,14.8,25.6,0.504,0.463,0.474
surat_tapi,Surat,Gujarat,West Coast (Arabian Sea / Gulf of Khambhat),21.1702,72.8311,4.0,2019 Estuarine Tidal Surge,2019-08-26T22:00,0.5,1001.0,15.3,26.6,0.504,0.465,0.474
surat_tapi,Surat,Gujarat,West Coast (Arabian Sea / Gulf of Khambhat),21.1702,72.8311,4.0,2019 Estuarine Tidal Surge,2019-08-26T23:00,0.4,1001.0,14.2,26.6,0.503,0.467,0.473
surat_tapi,Surat,Gujarat,West Coast (Arabian Sea / Gulf of Khambhat),21.1702,72.8311,4.0,2019 Estuarine Tidal Surge,2019-08-27T00:00,0.3,1001.0,13.6,25.2,0.495,0.463,0.474
surat_tapi,Surat,Gujarat,West Coast (Arabian Sea / Gulf of Khambhat),21.1702,72.8311,4.0,2019 Estuarine Tidal Surge,2019-08-27T01:00,0.2,1001.2,13.0,23.8,0.494,0.464,0.474
surat_tapi,Surat,Gujarat,West Coast (Arabian Sea / Gulf of Khambhat),21.1702,72.8311,4.0,2019 Estuarine Tidal Surge,2019-08-27T02:00,0.3,1001.8,12.2,22.3,0.494,0.465,0.474
surat_tapi,Surat,Gujarat,West Coast (Arabian Sea / Gulf of Khambhat),21.1702,72.8311,4.0,2019 Estuarine Tidal Surge,2019-08-27T03:00,0.2,1002.5,10.8,22.3,0.493,0.465,0.474
surat_tapi,Surat,Gujarat,West Coast (Arabian Sea / Gulf of Khambhat),21.1702,72.8311,4.0,2019 Estuarine Tidal Surge,2019-08-27T04:00,0.5,1002.8,10.1,23.0,0.496,0.466,0.474
surat_tapi,Surat,Gujarat,West Coast (Arabian Sea / Gulf of Khambhat),21.1702,72.8311,4.0,2019 Estuarine Tidal Surge,2019-08-27T05:00,1.7,1003.3,7.9,20.5,0.513,0.468,0.474
surat_tapi,Surat,Gujarat,West Coast (Arabian Sea / Gulf of Khambhat),21.1702,72.8311,4.0,2019 Estuarine Tidal Surge,2019-08-27T06:00,4.5,1002.8,9.9,22.0,0.52,0.486,0.474
surat_tapi,Surat,Gujarat,West Coast (Arabian Sea / Gulf of Khambhat),21.1702,72.8311,4.0,2019 Estuarine Tidal Surge,2019-08-27T07:00,4.5,1002.2,13.2,24.1,0.509,0.508,0.474
surat_tapi,Surat,Gujarat,West Coast (Arabian Sea / Gulf of Khambhat),21.1702,72.8311,4.0,2019 Estuarine Tidal Surge,2019-08-27T08:00,4.3,1001.2,12.3,23.4,0.52,0.518,0.475
surat_tapi,Surat,Gujarat,West Coast (Arabian Sea / Gulf of Khambhat),21.1702,72.8311,4.0,2019 Estuarine Tidal Surge,2019-08-27T09:00,3.4,1000.6,13.2,22.7,0.497,0.519,0.48
surat_tapi,Surat,Gujarat,West Coast (Arabian Sea / Gulf of Khambhat),21.1702,72.8311,4.0,2019 Estuarine Tidal Surge,2019-08-27T10:00,1.8,999.9,14.3,28.1,0.516,0.516,0.481
surat_tapi,Surat,Gujarat,West Coast (Arabian Sea / Gulf of Khambhat),21.1702,72.8311,4.0,2019 Estuarine Tidal Surge,2019-08-27T11:00,1.0,999.7,16.8,28.8,0.518,0.516,0.482
surat_tapi,Surat,Gujarat,West Coast (Arabian Sea / Gulf of Khambhat),21.1702,72.8311,4.0,2019 Estuarine Tidal Surge,2019-08-27T12:00,0.4,999.6,14.0,31.7,0.502,0.513,0.492
surat_tapi,Surat,Gujarat,West Coast (Arabian Sea / Gulf of Khambhat),21.1702,72.8311,4.0,2019 Estuarine Tidal Surge,2019-08-27T13:00,0.2,1000.2,11.4,25.9,0.502,0.512,0.492
surat_tapi,Surat,Gujarat,West Coast (Arabian Sea / Gulf of Khambhat),21.1702,72.8311,4.0,2019 Estuarine Tidal Surge,2019-08-27T14:00,0.1,1000.5,11.3,20.9,0.501,0.511,0.492
surat_tapi,Surat,Gujarat,West Coast (Arabian Sea / Gulf of Khambhat),21.1702,72.8311,4.0,2019 Estuarine Tidal Surge,2019-08-27T15:00,0.1,1001.1,11.0,19.4,0.5,0.51,0.493
surat_tapi,Surat,Gujarat,West Coast (Arabian Sea / Gulf of Khambhat),21.1702,72.8311,4.0,2019 Estuarine Tidal Surge,2019-08-27T16:00,0.1,1002.0,10.2,18.7,0.5,0.509,0.493
surat_tapi,Surat,Gujarat,West Coast (Arabian Sea / Gulf of Khambhat),21.1702,72.8311,4.0,2019 Estuarine Tidal Surge,2019-08-27T17:00,0.7,1002.6,11.5,20.5,0.506,0.509,0.493
surat_tapi,Surat,Gujarat,West Coast (Arabian Sea / Gulf of Khambhat),21.1702,72.8311,4.0,2019 Estuarine Tidal Surge,2019-08-27T18:00,1.4,1002.7,14.8,25.6,0.518,0.51,0.494
surat_tapi,Surat,Gujarat,West Coast (Arabian Sea / Gulf of Khambhat),21.1702,72.8311,4.0,2019 Estuarine Tidal Surge,2019-08-27T19:00,1.4,1002.1,12.6,25.9,0.519,0.514,0.494
surat_tapi,Surat,Gujarat,West Coast (Arabian Sea / Gulf of Khambhat),21.1702,72.8311,4.0,2019 Estuarine Tidal Surge,2019-08-27T20:00,3.0,1001.4,11.2,21.6,0.52,0.517,0.497
surat_tapi,Surat,Gujarat,West Coast (Arabian Sea / Gulf of Khambhat),21.1702,72.8311,4.0,2019 Estuarine Tidal Surge,2019-08-27T21:00,3.7,1000.8,11.7,19.8,0.501,0.519,0.501
surat_tapi,Surat,Gujarat,West Coast (Arabian Sea / Gulf of Khambhat),21.1702,72.8311,4.0,2019 Estuarine Tidal Surge,2019-08-27T22:00,2.9,1000.6,12.0,20.5,0.501,0.518,0.504
surat_tapi,Surat,Gujarat,West Coast (Arabian Sea / Gulf of Khambhat),21.1702,72.8311,4.0,2019 Estuarine Tidal Surge,2019-08-27T23:00,1.5,1000.6,13.3,22.7,0.516,0.517,0.505
surat_tapi,Surat,Gujarat,West Coast (Arabian Sea / Gulf of Khambhat),21.1702,72.8311,4.0,2019 Estuarine Tidal Surge,2019-08-28T00:00,1.3,1001.0,12.0,22.7,0.512,0.513,0.497
surat_tapi,Surat,Gujarat,West Coast (Arabian Sea / Gulf of Khambhat),21.1702,72.8311,4.0,2019 Estuarine Tidal Surge,2019-08-28T01:00,0.4,1001.5,12.6,21.2,0.512,0.513,0.497
surat_tapi,Surat,Gujarat,West Coast (Arabian Sea / Gulf of Khambhat),21.1702,72.8311,4.0,2019 Estuarine Tidal Surge,2019-08-28T02:00,0.4,1002.1,10.1,22.3,0.513,0.512,0.497
surat_tapi,Surat,Gujarat,West Coast (Arabian Sea / Gulf of Khambhat),21.1702,72.8311,4.0,2019 Estuarine Tidal Surge,2019-08-28T03:00,0.3,1002.6,9.8,22.0,0.512,0.512,0.498
surat_tapi,Surat,Gujarat,West Coast (Arabian Sea / Gulf of Khambhat),21.1702,72.8311,4.0,2019 Estuarine Tidal Surge,2019-08-28T04:00,0.7,1002.8,14.9,30.6,0.515,0.512,0.498
surat_tapi,Surat,Gujarat,West Coast (Arabian Sea / Gulf of Khambhat),21.1702,72.8311,4.0,2019 Estuarine Tidal Surge,2019-08-28T05:00,1.6,1003.0,12.9,32.8,0.511,0.517,0.499
surat_tapi,Surat,Gujarat,West Coast (Arabian Sea / Gulf of Khambhat),21.1702,72.8311,4.0,2019 Estuarine Tidal Surge,2019-08-28T06:00,1.6,1003.2,15.6,29.9,0.505,0.52,0.499
surat_tapi,Surat,Gujarat,West Coast (Arabian Sea / Gulf of Khambhat),21.1702,72.8311,4.0,2019 Estuarine Tidal Surge,2019-08-28T07:00,0.9,1002.5,15.9,29.9,0.501,0.516,0.502
surat_tapi,Surat,Gujarat,West Coast (Arabian Sea / Gulf of Khambhat),21.1702,72.8311,4.0,2019 Estuarine Tidal Surge,2019-08-28T08:00,0.3,1001.7,15.6,29.2,0.501,0.514,0.502
surat_tapi,Surat,Gujarat,West Coast (Arabian Sea / Gulf of Khambhat),21.1702,72.8311,4.0,2019 Estuarine Tidal Surge,2019-08-28T09:00,0.0,1000.8,16.9,32.0,0.5,0.513,0.503
surat_tapi,Surat,Gujarat,West Coast (Arabian Sea / Gulf of Khambhat),21.1702,72.8311,4.0,2019 Estuarine Tidal Surge,2019-08-28T10:00,0.0,1000.2,19.3,35.6,0.498,0.511,0.503
surat_tapi,Surat,Gujarat,West Coast (Arabian Sea / Gulf of Khambhat),21.1702,72.8311,4.0,2019 Estuarine Tidal Surge,2019-08-28T11:00,0.0,999.7,19.9,36.7,0.496,0.51,0.503
surat_tapi,Surat,Gujarat,West Coast (Arabian Sea / Gulf of Khambhat),21.1702,72.8311,4.0,2019 Estuarine Tidal Surge,2019-08-28T12:00,0.0,1000.3,14.6,38.2,0.503,0.51,0.502
surat_tapi,Surat,Gujarat,West Coast (Arabian Sea / Gulf of Khambhat),21.1702,72.8311,4.0,2019 Estuarine Tidal Surge,2019-08-28T13:00,0.4,1001.0,12.2,26.3,0.506,0.51,0.502
surat_tapi,Surat,Gujarat,West Coast (Arabian Sea / Gulf of Khambhat),21.1702,72.8311,4.0,2019 Estuarine Tidal Surge,2019-08-28T14:00,0.7,1001.4,10.9,21.2,0.512,0.509,0.502
surat_tapi,Surat,Gujarat,West Coast (Arabian Sea / Gulf of Khambhat),21.1702,72.8311,4.0,2019 Estuarine Tidal Surge,2019-08-28T15:00,0.8,1002.4,10.8,19.4,0.515,0.511,0.502
surat_tapi,Surat,Gujarat,West Coast (Arabian Sea / Gulf of Khambhat),21.1702,72.8311,4.0,2019 Estuarine Tidal Surge,2019-08-28T16:00,0.3,1003.2,11.5,20.2,0.513,0.511,0.503
surat_tapi,Surat,Gujarat,West Coast (Arabian Sea / Gulf of Khambhat),21.1702,72.8311,4.0,2019 Estuarine Tidal Surge,2019-08-28T17:00,0.2,1003.7,10.7,20.2,0.511,0.511,0.503
surat_tapi,Surat,Gujarat,West Coast (Arabian Sea / Gulf of Khambhat),21.1702,72.8311,4.0,2019 Estuarine Tidal Surge,2019-08-28T18:00,0.1,1003.4,10.1,18.4,0.509,0.511,0.503
surat_tapi,Surat,Gujarat,West Coast (Arabian Sea / Gulf of Khambhat),21.1702,72.8311,4.0,2019 Estuarine Tidal Surge,2019-08-28T19:00,0.1,1002.8,10.2,17.6,0.508,0.511,0.503
surat_tapi,Surat,Gujarat,West Coast (Arabian Sea / Gulf of Khambhat),21.1702,72.8311,4.0,2019 Estuarine Tidal Surge,2019-08-28T20:00,0.1,1002.1,9.9,16.9,0.506,0.51,0.503
surat_tapi,Surat,Gujarat,West Coast (Arabian Sea / Gulf of Khambhat),21.1702,72.8311,4.0,2019 Estuarine Tidal Surge,2019-08-28T21:00,0.0,1001.8,9.5,16.6,0.504,0.51,0.504
surat_tapi,Surat,Gujarat,West Coast (Arabian Sea / Gulf of Khambhat),21.1702,72.8311,4.0,2019 Estuarine Tidal Surge,2019-08-28T22:00,0.1,1001.9,9.4,16.9,0.503,0.51,0.504
surat_tapi,Surat,Gujarat,West Coast (Arabian Sea / Gulf of Khambhat),21.1702,72.8311,4.0,2019 Estuarine Tidal Surge,2019-08-28T23:00,0.4,1001.9,10.5,18.4,0.506,0.509,0.504
surat_tapi,Surat,Gujarat,West Coast (Arabian Sea / Gulf of Khambhat),21.1702,72.8311,4.0,2019 Estuarine Tidal Surge,2019-08-29T00:00,0.4,1002.1,7.0,18.4,0.5,0.504,0.503
surat_tapi,Surat,Gujarat,West Coast (Arabian Sea / Gulf of Khambhat),21.1702,72.8311,4.0,2019 Estuarine Tidal Surge,2019-08-29T01:00,0.2,1002.8,7.8,13.0,0.501,0.504,0.503
surat_tapi,Surat,Gujarat,West Coast (Arabian Sea / Gulf of Khambhat),21.1702,72.8311,4.0,2019 Estuarine Tidal Surge,2019-08-29T02:00,0.4,1003.5,7.6,15.8,0.505,0.504,0.503
surat_tapi,Surat,Gujarat,West Coast (Arabian Sea / Gulf of Khambhat),21.1702,72.8311,4.0,2019 Estuarine Tidal Surge,2019-08-29T03:00,0.3,1004.2,9.4,20.9,0.506,0.504,0.503
surat_tapi,Surat,Gujarat,West Coast (Arabian Sea / Gulf of Khambhat),21.1702,72.8311,4.0,2019 Estuarine Tidal Surge,2019-08-29T04:00,0.3,1004.6,11.4,24.5,0.506,0.504,0.503
surat_tapi,Surat,Gujarat,West Coast (Arabian Sea / Gulf of Khambhat),21.1702,72.8311,4.0,2019 Estuarine Tidal Surge,2019-08-29T05:00,0.2,1004.6,13.6,27.7,0.504,0.504,0.503
surat_tapi,Surat,Gujarat,West Coast (Arabian Sea / Gulf of Khambhat),21.1702,72.8311,4.0,2019 Estuarine Tidal Surge,2019-08-29T06:00,0.1,1004.3,13.6,28.4,0.502,0.504,0.503
surat_tapi,Surat,Gujarat,West Coast (Arabian Sea / Gulf of Khambhat),21.1702,72.8311,4.0,2019 Estuarine Tidal Surge,2019-08-29T07:00,0.3,1003.5,15.2,31.7,0.501,0.503,0.503
surat_tapi,Surat,Gujarat,West Coast (Arabian Sea / Gulf of Khambhat),21.1702,72.8311,4.0,2019 Estuarine Tidal Surge,2019-08-29T08:00,0.0,1002.3,16.4,33.1,0.498,0.502,0.503
surat_tapi,Surat,Gujarat,West Coast (Arabian Sea / Gulf of Khambhat),21.1702,72.8311,4.0,2019 Estuarine Tidal Surge,2019-08-29T09:00,0.0,1001.3,17.3,34.2,0.495,0.501,0.502
surat_tapi,Surat,Gujarat,West Coast (Arabian Sea / Gulf of Khambhat),21.1702,72.8311,4.0,2019 Estuarine Tidal Surge,2019-08-29T10:00,0.0,1000.4,19.1,36.7,0.493,0.5,0.502
surat_tapi,Surat,Gujarat,West Coast (Arabian Sea / Gulf of Khambhat),21.1702,72.8311,4.0,2019 Estuarine Tidal Surge,2019-08-29T11:00,0.0,1000.1,19.4,37.8,0.491,0.5,0.502
surat_tapi,Surat,Gujarat,West Coast (Arabian Sea / Gulf of Khambhat),21.1702,72.8311,4.0,2019 Estuarine Tidal Surge,2019-08-29T12:00,0.0,1000.5,13.3,36.7,0.484,0.497,0.502
surat_tapi,Surat,Gujarat,West Coast (Arabian Sea / Gulf of Khambhat),21.1702,72.8311,4.0,2019 Estuarine Tidal Surge,2019-08-29T13:00,0.0,1000.7,10.1,24.5,0.483,0.496,0.502
surat_tapi,Surat,Gujarat,West Coast (Arabian Sea / Gulf of Khambhat),21.1702,72.8311,4.0,2019 Estuarine Tidal Surge,2019-08-29T14:00,0.0,1001.2,9.2,18.0,0.483,0.496,0.502
surat_tapi,Surat,Gujarat,West Coast (Arabian Sea / Gulf of Khambhat),21.1702,72.8311,4.0,2019 Estuarine Tidal Surge,2019-08-29T15:00,0.0,1002.1,8.7,15.8,0.483,0.495,0.502
surat_tapi,Surat,Gujarat,West Coast (Arabian Sea / Gulf of Khambhat),21.1702,72.8311,4.0,2019 Estuarine Tidal Surge,2019-08-29T16:00,0.0,1003.3,9.3,15.8,0.483,0.495,0.502
surat_tapi,Surat,Gujarat,West Coast (Arabian Sea / Gulf of Khambhat),21.1702,72.8311,4.0,2019 Estuarine Tidal Surge,2019-08-29T17:00,0.1,1003.6,8.7,16.2,0.483,0.494,0.502
surat_tapi,Surat,Gujarat,West Coast (Arabian Sea / Gulf of Khambhat),21.1702,72.8311,4.0,2019 Estuarine Tidal Surge,2019-08-29T18:00,0.1,1003.3,8.4,15.1,0.483,0.494,0.502
surat_tapi,Surat,Gujarat,West Coast (Arabian Sea / Gulf of Khambhat),21.1702,72.8311,4.0,2019 Estuarine Tidal Surge,2019-08-29T19:00,0.0,1002.7,7.7,14.0,0.483,0.494,0.502
surat_tapi,Surat,Gujarat,West Coast (Arabian Sea / Gulf of Khambhat),21.1702,72.8311,4.0,2019 Estuarine Tidal Surge,2019-08-29T20:00,0.0,1002.0,10.1,16.6,0.483,0.493,0.502
surat_tapi,Surat,Gujarat,West Coast (Arabian Sea / Gulf of Khambhat),21.1702,72.8311,4.0,2019 Estuarine Tidal Surge,2019-08-29T21:00,0.0,1001.3,9.7,17.6,0.483,0.493,0.502
surat_tapi,Surat,Gujarat,West Coast (Arabian Sea / Gulf of Khambhat),21.1702,72.8311,4.0,2019 Estuarine Tidal Surge,2019-08-29T22:00,0.1,1001.2,10.9,17.6,0.484,0.493,0.502
surat_tapi,Surat,Gujarat,West Coast (Arabian Sea / Gulf of Khambhat),21.1702,72.8311,4.0,2019 Estuarine Tidal Surge,2019-08-29T23:00,0.1,1001.1,11.6,21.2,0.484,0.492,0.502
surat_tapi,Surat,Gujarat,West Coast (Arabian Sea / Gulf of Khambhat),21.1702,72.8311,4.0,2019 Estuarine Tidal Surge,2019-08-30T00:00,0.1,1001.0,9.1,20.9,0.485,0.492,0.502
surat_tapi,Surat,Gujarat,West Coast (Arabian Sea / Gulf of Khambhat),21.1702,72.8311,4.0,2019 Estuarine Tidal Surge,2019-08-30T01:00,0.1,1001.3,10.3,16.9,0.485,0.492,0.502
surat_tapi,Surat,Gujarat,West Coast (Arabian Sea / Gulf of Khambhat),21.1702,72.8311,4.0,2019 Estuarine Tidal Surge,2019-08-30T02:00,0.1,1001.7,9.6,17.6,0.486,0.492,0.502
surat_tapi,Surat,Gujarat,West Coast (Arabian Sea / Gulf of Khambhat),21.1702,72.8311,4.0,2019 Estuarine Tidal Surge,2019-08-30T03:00,0.2,1002.6,11.1,22.3,0.486,0.491,0.501
surat_tapi,Surat,Gujarat,West Coast (Arabian Sea / Gulf of Khambhat),21.1702,72.8311,4.0,2019 Estuarine Tidal Surge,2019-08-30T04:00,5.0,1003.1,13.2,26.6,0.52,0.499,0.501
surat_tapi,Surat,Gujarat,West Coast (Arabian Sea / Gulf of Khambhat),21.1702,72.8311,4.0,2019 Estuarine Tidal Surge,2019-08-30T05:00,1.7,1003.2,13.0,28.1,0.513,0.507,0.501
surat_tapi,Surat,Gujarat,West Coast (Arabian Sea / Gulf of Khambhat),21.1702,72.8311,4.0,2019 Estuarine Tidal Surge,2019-08-30T06:00,2.2,1002.5,16.8,33.5,0.51,0.513,0.502
surat_tapi,Surat,Gujarat,West Coast (Arabian Sea / Gulf of Khambhat),21.1702,72.8311,4.0,2019 Estuarine Tidal Surge,2019-08-30T07:00,2.0,1001.5,13.4,34.2,0.508,0.517,0.502
surat_tapi,Surat,Gujarat,West Coast (Arabian Sea / Gulf of Khambhat),21.1702,72.8311,4.0,2019 Estuarine Tidal Surge,2019-08-30T08:00,0.2,1000.2,13.0,28.8,0.505,0.515,0.503
surat_tapi,Surat,Gujarat,West Coast (Arabian Sea / Gulf of Khambhat),21.1702,72.8311,4.0,2019 Estuarine Tidal Surge,2019-08-30T09:00,0.2,999.5,14.3,29.5,0.503,0.513,0.503
surat_tapi,Surat,Gujarat,West Coast (Arabian Sea / Gulf of Khambhat),21.1702,72.8311,4.0,2019 Estuarine Tidal Surge,2019-08-30T10:00,0.0,998.8,15.4,29.9,0.5,0.512,0.503
surat_tapi,Surat,Gujarat,West Coast (Arabian Sea / Gulf of Khambhat),21.1702,72.8311,4.0,2019 Estuarine Tidal Surge,2019-08-30T11:00,0.1,998.5,17.3,32.8,0.498,0.511,0.503
surat_tapi,Surat,Gujarat,West Coast (Arabian Sea / Gulf of Khambhat),21.1702,72.8311,4.0,2019 Estuarine Tidal Surge,2019-08-30T12:00,0.0,998.5,15.6,33.1,0.504,0.51,0.502
surat_tapi,Surat,Gujarat,West Coast (Arabian Sea / Gulf of Khambhat),21.1702,72.8311,4.0,2019 Estuarine Tidal Surge,2019-08-30T13:00,0.0,998.9,14.0,28.8,0.502,0.509,0.502
surat_tapi,Surat,Gujarat,West Coast (Arabian Sea / Gulf of Khambhat),21.1702,72.8311,4.0,2019 Estuarine Tidal Surge,2019-08-30T14:00,0.0,999.5,11.6,24.5,0.5,0.508,0.502
surat_tapi,Surat,Gujarat,West Coast (Arabian Sea / Gulf of Khambhat),21.1702,72.8311,4.0,2019 Estuarine Tidal Surge,2019-08-30T15:00,0.0,1000.5,14.1,24.1,0.499,0.508,0.502
surat_tapi,Surat,Gujarat,West Coast (Arabian Sea / Gulf of Khambhat),21.1702,72.8311,4.0,2019 Estuarine Tidal Surge,2019-08-30T16:00,0.0,1001.1,13.3,24.5,0.497,0.507,0.502
surat_tapi,Surat,Gujarat,West Coast (Arabian Sea / Gulf of Khambhat),21.1702,72.8311,4.0,2019 Estuarine Tidal Surge,2019-08-30T17:00,0.0,1001.3,13.0,23.0,0.496,0.507,0.502
surat_tapi,Surat,Gujarat,West Coast (Arabian Sea / Gulf of Khambhat),21.1702,72.8311,4.0,2019 Estuarine Tidal Surge,2019-08-30T18:00,0.0,1001.1,12.0,22.3,0.495,0.506,0.502
surat_tapi,Surat,Gujarat,West Coast (Arabian Sea / Gulf of Khambhat),21.1702,72.8311,4.0,2019 Estuarine Tidal Surge,2019-08-30T19:00,0.0,1000.6,12.9,22.3,0.495,0.506,0.502
surat_tapi,Surat,Gujarat,West Coast (Arabian Sea / Gulf of Khambhat),21.1702,72.8311,4.0,2019 Estuarine Tidal Surge,2019-08-30T20:00,0.1,1000.1,13.8,23.4,0.495,0.505,0.502
surat_tapi,Surat,Gujarat,West Coast (Arabian Sea / Gulf of Khambhat),21.1702,72.8311,4.0,2019 Estuarine Tidal Surge,2019-08-30T21:00,0.2,999.5,11.7,23.8,0.495,0.505,0.502
surat_tapi,Surat,Gujarat,West Coast (Arabian Sea / Gulf of Khambhat),21.1702,72.8311,4.0,2019 Estuarine Tidal Surge,2019-08-30T22:00,0.2,998.9,12.0,21.6,0.496,0.505,0.502
surat_tapi,Surat,Gujarat,West Coast (Arabian Sea / Gulf of Khambhat),21.1702,72.8311,4.0,2019 Estuarine Tidal Surge,2019-08-30T23:00,0.1,998.8,11.2,20.5,0.496,0.504,0.502
surat_tapi,Surat,Gujarat,West Coast (Arabian Sea / Gulf of Khambhat),21.1702,72.8311,4.0,2019 Estuarine Tidal Surge,2019-08-31T00:00,0.1,999.3,5.5,19.4,0.493,0.504,0.503
surat_tapi,Surat,Gujarat,West Coast (Arabian Sea / Gulf of Khambhat),21.1702,72.8311,4.0,2019 Estuarine Tidal Surge,2019-08-31T01:00,0.5,999.7,10.2,16.6,0.496,0.503,0.503
surat_tapi,Surat,Gujarat,West Coast (Arabian Sea / Gulf of Khambhat),21.1702,72.8311,4.0,2019 Estuarine Tidal Surge,2019-08-31T02:00,0.4,999.9,11.2,21.6,0.499,0.503,0.503
surat_tapi,Surat,Gujarat,West Coast (Arabian Sea / Gulf of Khambhat),21.1702,72.8311,4.0,2019 Estuarine Tidal Surge,2019-08-31T03:00,0.1,1000.6,11.0,23.0,0.498,0.503,0.502
surat_tapi,Surat,Gujarat,West Coast (Arabian Sea / Gulf of Khambhat),21.1702,72.8311,4.0,2019 Estuarine Tidal Surge,2019-08-31T04:00,1.2,1000.9,13.2,28.4,0.509,0.503,0.502
surat_tapi,Surat,Gujarat,West Coast (Arabian Sea / Gulf of Khambhat),21.1702,72.8311,4.0,2019 Estuarine Tidal Surge,2019-08-31T05:00,0.6,1000.9,12.4,28.4,0.51,0.503,0.502
surat_tapi,Surat,Gujarat,West Coast (Arabian Sea / Gulf of Khambhat),21.1702,72.8311,4.0,2019 Estuarine Tidal Surge,2019-08-31T06:00,3.5,1000.9,14.7,30.2,0.506,0.516,0.502
surat_tapi,Surat,Gujarat,West Coast (Arabian Sea / Gulf of Khambhat),21.1702,72.8311,4.0,2019 Estuarine Tidal Surge,2019-08-31T07:00,0.9,1000.1,15.9,32.4,0.509,0.515,0.503
surat_tapi,Surat,Gujarat,West Coast (Arabian Sea / Gulf of Khambhat),21.1702,72.8311,4.0,2019 Estuarine Tidal Surge,2019-08-31T08:00,0.8,999.1,16.1,33.1,0.512,0.514,0.503
surat_tapi,Surat,Gujarat,West Coast (Arabian Sea / Gulf of Khambhat),21.1702,72.8311,4.0,2019 Estuarine Tidal Surge,2019-08-31T09:00,1.2,998.0,16.8,37.1,0.516,0.514,0.504
surat_tapi,Surat,Gujarat,West Coast (Arabian Sea / Gulf of Khambhat),21.1702,72.8311,4.0,2019 Estuarine Tidal Surge,2019-08-31T10:00,0.2,997.2,19.0,36.4,0.512,0.513,0.504
surat_tapi,Surat,Gujarat,West Coast (Arabian Sea / Gulf of Khambhat),21.1702,72.8311,4.0,2019 Estuarine Tidal Surge,2019-08-31T11:00,0.1,996.9,21.5,39.6,0.508,0.512,0.504
surat_tapi,Surat,Gujarat,West Coast (Arabian Sea / Gulf of Khambhat),21.1702,72.8311,4.0,2019 Estuarine Tidal Surge,2019-08-31T12:00,0.1,996.9,17.4,40.0,0.494,0.51,0.507
surat_tapi,Surat,Gujarat,West Coast (Arabian Sea / Gulf of Khambhat),21.1702,72.8311,4.0,2019 Estuarine Tidal Surge,2019-08-31T13:00,0.0,997.7,15.5,31.7,0.493,0.509,0.507
surat_tapi,Surat,Gujarat,West Coast (Arabian Sea / Gulf of Khambhat),21.1702,72.8311,4.0,2019 Estuarine Tidal Surge,2019-08-31T14:00,0.0,998.5,13.9,27.0,0.492,0.508,0.507
surat_tapi,Surat,Gujarat,West Coast (Arabian Sea / Gulf of Khambhat),21.1702,72.8311,4.0,2019 Estuarine Tidal Surge,2019-08-31T15:00,0.0,999.0,14.1,24.5,0.492,0.508,0.507
surat_tapi,Surat,Gujarat,West Coast (Arabian Sea / Gulf of Khambhat),21.1702,72.8311,4.0,2019 Estuarine Tidal Surge,2019-08-31T16:00,0.0,999.9,13.8,24.5,0.492,0.507,0.507
surat_tapi,Surat,Gujarat,West Coast (Arabian Sea / Gulf of Khambhat),21.1702,72.8311,4.0,2019 Estuarine Tidal Surge,2019-08-31T17:00,0.0,1000.0,15.7,26.6,0.492,0.506,0.507
surat_tapi,Surat,Gujarat,West Coast (Arabian Sea / Gulf of Khambhat),21.1702,72.8311,4.0,2019 Estuarine Tidal Surge,2019-08-31T18:00,0.1,999.9,16.8,30.6,0.492,0.506,0.507
surat_tapi,Surat,Gujarat,West Coast (Arabian Sea / Gulf of Khambhat),21.1702,72.8311,4.0,2019 Estuarine Tidal Surge,2019-08-31T19:00,0.1,999.4,15.6,29.2,0.492,0.505,0.507
surat_tapi,Surat,Gujarat,West Coast (Arabian Sea / Gulf of Khambhat),21.1702,72.8311,4.0,2019 Estuarine Tidal Surge,2019-08-31T20:00,0.1,998.9,15.0,27.0,0.493,0.504,0.507
surat_tapi,Surat,Gujarat,West Coast (Arabian Sea / Gulf of Khambhat),21.1702,72.8311,4.0,2019 Estuarine Tidal Surge,2019-08-31T21:00,0.5,998.7,16.4,28.4,0.496,0.504,0.507
surat_tapi,Surat,Gujarat,West Coast (Arabian Sea / Gulf of Khambhat),21.1702,72.8311,4.0,2019 Estuarine Tidal Surge,2019-08-31T22:00,0.5,998.8,14.0,28.8,0.501,0.504,0.507
surat_tapi,Surat,Gujarat,West Coast (Arabian Sea / Gulf of Khambhat),21.1702,72.8311,4.0,2019 Estuarine Tidal Surge,2019-08-31T23:00,0.9,998.7,11.4,24.8,0.509,0.504,0.507
